20251022;4.3;4.3;4.32;4.28;27170298;116818578;1.05;0.0;0.000
20251021;4.19;4.3;4.31;4.18;41524732;177477454;1.6;2.63;0.110
20251020;4.23;4.19;4.24;4.15;33619429;140404257;1.29;-0.48;-0.020
20251017;4.28;4.21;4.31;4.2;30060490;127608827;1.16;-1.41;-0.060
20251016;4.34;4.27;4.34;4.25;28309700;121176985;1.09;-1.61;-0.070
20251015;4.28;4.34;4.36;4.27;41043845;176992397;1.58;1.17;0.050
20251014;4.31;4.29;4.35;4.27;41091230;176983735;1.58;-0.23;-0.010
20251013;4.27;4.3;4.33;4.24;49941014;213546367;1.92;-1.83;-0.080
20251010;4.21;4.38;4.42;4.19;82821459;358690623;3.19;4.04;0.170
20251009;4.16;4.21;4.22;4.14;37615035;157936385;1.45;1.45;0.060
20250930;4.19;4.15;4.21;4.14;27839309;115807358;1.07;-1.19;-0.050
20250929;4.16;4.2;4.22;4.06;43608482;181207251;1.68;1.2;0.050
20250926;4.13;4.15;4.2;4.09;38982320;161910406;1.5;0.24;0.010
20250925;4.32;4.14;4.32;4.13;77075547;322978760;2.97;-3.72;-0.160
20250924;4.26;4.3;4.31;4.22;50902215;217416255;1.96;0.47;0.020
20250923;4.2;4.28;4.28;4.18;64508039;273317409;2.48;1.42;0.060
20250922;4.15;4.22;4.25;4.11;51382283;214581280;1.98;1.44;0.060
20250919;4.15;4.16;4.19;4.13;33335306;138677593;1.28;0.48;0.020
20250918;4.24;4.14;4.24;4.11;45016344;188133049;1.73;-2.36;-0.100
20250917;4.17;4.24;4.29;4.14;54648450;230686226;2.1;1.44;0.060
20250916;4.16;4.18;4.18;4.14;36779503;153055634;1.42;0.48;0.020
20250915;4.11;4.16;4.16;4.08;42008106;173366639;1.62;1.46;0.060
20250912;4.06;4.1;4.12;4.05;41818135;171067621;1.61;0.74;0.030
20250911;4.04;4.07;4.07;4.01;24850064;100458293;0.96;0.99;0.040
20250910;4.06;4.03;4.07;4.02;21383403;86468060;0.82;-0.74;-0.030
20250909;4.09;4.06;4.09;4.04;23978446;97338686;0.92;-0.73;-0.030
20250908;4.08;4.09;4.11;4.07;25663621;104975107;0.99;0.0;0.000
20250905;4.09;4.09;4.11;4.05;33203379;135428249;1.28;-0.49;-0.020
20250904;4.03;4.11;4.12;4.03;42011798;170924431;1.62;1.73;0.070
20250903;4.07;4.04;4.08;4.02;23724812;96132965;0.91;-0.74;-0.030
20250902;4.09;4.07;4.09;4.01;37357968;151229551;1.44;-0.49;-0.020
20250901;4.11;4.09;4.12;4.06;34192120;139852079;1.32;-0.24;-0.010
20250829;4.12;4.1;4.17;4.1;46164343;190984417;1.78;-0.49;-0.020
20250828;4.18;4.12;4.22;4.03;75284162;309568649;2.9;-1.2;-0.050
20250827;4.15;4.17;4.33;4.12;104185149;439787319;4.01;0.48;0.020
20250826;4.13;4.15;4.16;4.1;37259755;154338640;1.43;0.48;0.020
20250825;4.12;4.13;4.16;4.1;45761138;189068088;1.76;0.73;0.030
20250822;4.08;4.1;4.11;4.05;27748092;113181258;1.07;0.24;0.010
20250821;4.08;4.09;4.11;4.07;28453319;116434549;1.09;0.0;0.000
20250820;4.06;4.09;4.09;4.04;24298489;98745264;0.93;0.99;0.040
20250819;4.08;4.05;4.09;4.04;28845860;117111831;1.11;-0.49;-0.020
20250818;4.09;4.07;4.1;4.06;42614553;173921406;1.64;-0.49;-0.020
20250815;4.06;4.09;4.1;4.05;24670311;100509536;0.95;0.74;0.030
20250814;4.14;4.06;4.15;4.05;34109939;139959657;1.31;-1.93;-0.080
20250813;4.13;4.14;4.15;4.12;26302268;108732069;1.01;0.49;0.020
20250812;4.14;4.12;4.14;4.11;17905624;73809279;0.69;-0.48;-0.020
20250811;4.12;4.14;4.15;4.09;29475479;121606521;1.13;0.49;0.020
20250808;4.07;4.12;4.14;4.07;31743248;130416271;1.22;0.98;0.040
20250807;4.16;4.08;4.2;4.07;36244055;149058507;1.39;0.49;0.020
20250806;4.07;4.06;4.07;4.04;24747220;100324223;0.95;-0.25;-0.010
20250805;4.06;4.07;4.09;4.05;24129539;98215178;0.93;0.25;0.010
20250804;4.07;4.06;4.08;4.03;30213429;122403795;1.16;-0.73;-0.030
20250801;4.04;4.09;4.25;4.03;52187302;214990459;2.01;1.49;0.060
20250731;4.08;4.03;4.08;4.02;27010665;109314012;1.04;-1.47;-0.060
20250730;4.1;4.09;4.13;4.07;27385845;112259319;1.05;-0.24;-0.010
20250729;4.12;4.1;4.13;4.06;24489163;100036661;0.94;-0.49;-0.020
20250728;4.15;4.12;4.16;4.1;24220052;99909476;0.93;-0.24;-0.010
20250725;4.22;4.13;4.22;4.12;33721299;139931969;1.3;-2.13;-0.090
20250724;4.18;4.22;4.24;4.14;33845660;142152231;1.3;0.72;0.030
20250723;4.32;4.19;4.33;4.18;52941240;224668304;2.04;-2.1;-0.090
20250722;4.16;4.28;4.29;4.12;64502183;272211125;2.48;3.13;0.130
20250721;4.08;4.15;4.17;4.07;58391241;241169531;2.25;2.72;0.110
20250718;4.03;4.04;4.04;4.01;16323934;65757703;0.63;0.5;0.020
20250717;4.04;4.02;4.05;4.01;23736632;95460361;0.91;-0.5;-0.020
20250716;4.03;4.04;4.08;4.02;20065600;81156176;0.77;0.0;0.000
20250715;4.11;4.04;4.11;4.02;32534720;131563984;1.25;-1.22;-0.050
20250714;4.09;4.09;4.12;4.07;19290180;79057563;0.74;0.25;0.010
20250711;4.11;4.08;4.14;4.07;30246660;123871754;1.16;-0.97;-0.040
20250710;4.09;4.12;4.13;4.06;31003046;126901943;1.19;0.73;0.030
20250709;4.05;4.09;4.11;4.04;32615232;133220364;1.25;0.99;0.040
20250708;4.04;4.05;4.07;4.0;26091532;105214293;1.0;0.25;0.010
20250707;4.03;4.04;4.07;4.0;22910712;92353520;0.88;0.0;0.000
20250704;4.01;4.04;4.11;3.99;46432333;188409467;1.79;1.0;0.040
20250703;3.99;4.0;4.03;3.98;19904766;79690702;0.77;0.0;0.000
20250702;3.97;4.0;4.0;3.96;23731800;94448439;0.91;0.76;0.030
20250701;3.96;3.97;4.01;3.94;23292160;92563766;0.9;0.25;0.010
20250630;3.98;3.96;4.02;3.94;25568399;101321877;0.98;-0.5;-0.020
20250627;3.99;3.98;4.03;3.96;28362101;113284926;1.09;-0.25;-0.010
20250626;3.98;3.99;4.01;3.96;32949840;131458087;1.27;0.0;0.000
20250625;3.96;3.99;3.99;3.95;26432617;104961533;1.02;0.5;0.020
20250624;3.94;3.97;3.98;3.93;28525500;112875269;1.1;0.76;0.030
20250623;3.87;3.94;3.95;3.85;26855371;105156629;1.03;1.81;0.070
20250620;3.84;3.87;3.9;3.83;18922350;73138625;0.73;0.78;0.030
20250619;3.87;3.84;3.89;3.82;19564292;75234213;0.75;-0.78;-0.030
20250618;3.86;3.87;3.88;3.83;16891704;65075245;0.65;-0.26;-0.010
20250617;3.86;3.88;3.89;3.85;14158260;54794264;0.54;0.52;0.020
20250616;3.87;3.86;3.89;3.84;19546220;75536647;0.75;-0.26;-0.010
20250613;3.93;3.87;3.94;3.86;33739602;131576861;1.3;-1.53;-0.060
20250612;3.96;3.93;3.97;3.91;19828606;77976626;0.76;-1.01;-0.040
20250611;3.95;3.97;3.98;3.94;17993164;71298484;0.69;0.51;0.020
20250610;3.98;3.95;4.01;3.91;23183355;91525110;0.89;-0.75;-0.030
20250609;3.96;3.98;4.03;3.93;28282440;112354473;1.09;0.76;0.030
20250606;3.95;3.95;3.97;3.93;19030880;75146230;0.73;0.0;0.000
20250605;3.98;3.95;3.98;3.93;25471410;100654877;0.98;0.51;0.020
20250604;4.08;4.05;4.1;4.01;40569890;163900033;1.56;-0.98;-0.040
20250603;4.08;4.09;4.14;4.03;37556934;153252372;1.44;-0.24;-0.010
20250530;4.05;4.1;4.14;4.05;49903735;204629534;1.92;1.23;0.050
20250529;3.98;4.05;4.05;3.96;34665271;139400817;1.33;1.5;0.060
20250528;3.95;3.99;4.02;3.95;27250500;108482149;1.05;0.76;0.030
20250527;3.97;3.96;3.97;3.91;29717650;117131292;1.14;-0.5;-0.020
20250526;4.0;3.98;4.02;3.94;33655645;133772874;1.29;-0.5;-0.020
20250523;3.93;4.0;4.07;3.91;63514393;254979938;2.44;2.3;0.090
20250522;3.98;3.91;3.99;3.91;25031060;98720916;0.96;-1.76;-0.070
20250521;3.93;3.98;4.01;3.92;45585121;181126716;1.75;1.27;0.050
20250520;3.93;3.93;3.94;3.9;18569669;72801682;0.71;0.26;0.010
20250519;3.88;3.92;3.92;3.86;23828429;93093635;0.92;1.03;0.040
20250516;3.9;3.88;3.92;3.87;18920290;73575391;0.73;-0.51;-0.020
20250515;3.91;3.9;3.92;3.89;19594220;76496101;0.75;-0.51;-0.020
20250514;3.9;3.92;3.92;3.87;28205290;109877007;1.09;0.51;0.020
20250513;3.89;3.9;3.91;3.87;29214841;113628435;1.12;0.78;0.030
20250512;3.85;3.87;3.87;3.84;22051940;84951484;0.85;0.78;0.030
20250509;3.88;3.84;3.88;3.83;23202760;89351228;0.89;-0.78;-0.030
20250508;3.87;3.87;3.9;3.85;22524835;87336176;0.87;-0.26;-0.010
20250507;3.9;3.88;3.92;3.86;27024654;104872320;1.04;0.26;0.010
20250506;3.87;3.87;3.88;3.85;26678575;103069471;1.03;0.52;0.020
20250430;3.9;3.85;3.91;3.84;29283000;113289655;1.13;-1.28;-0.050
20250429;3.88;3.9;3.91;3.85;18314380;71238345;0.7;0.78;0.030
20250428;3.93;3.87;3.97;3.86;30442693;118249268;1.17;-1.28;-0.050
20250425;3.88;3.92;3.94;3.88;30673166;120164306;1.18;1.03;0.040
20250424;3.86;3.88;3.91;3.85;23114780;89602896;0.89;0.78;0.030
20250423;3.91;3.85;3.93;3.84;26590791;102778481;1.02;-1.28;-0.050
20250422;3.81;3.9;3.91;3.8;32014135;123507186;1.23;2.09;0.080
20250421;3.8;3.82;3.82;3.78;15503240;59016035;0.6;0.26;0.010
20250418;3.8;3.81;3.82;3.77;16868675;64043894;0.65;0.26;0.010
20250417;3.75;3.8;3.81;3.74;18101791;68651283;0.7;0.8;0.030
20250416;3.78;3.77;3.79;3.73;17829770;67046020;0.69;-0.53;-0.020
20250415;3.82;3.79;3.82;3.77;15114600;57184391;0.58;-0.52;-0.020
20250414;3.8;3.81;3.84;3.79;26659902;101365136;1.03;0.26;0.010
20250411;3.85;3.8;3.86;3.79;33812393;129054001;1.3;-1.81;-0.070
20250410;3.92;3.87;3.93;3.85;46808187;181970847;1.8;-0.77;-0.030
20250409;3.73;3.9;3.91;3.62;49262349;186050483;1.9;5.12;0.190
20250408;3.6;3.71;3.78;3.6;54980920;202997908;2.12;3.92;0.140
20250407;3.81;3.57;3.84;3.56;63587526;232571437;2.45;-9.85;-0.390
20250403;3.91;3.96;3.98;3.89;26664020;105216364;1.03;1.02;0.040
20250402;3.95;3.92;3.96;3.91;20205489;79388231;0.78;-0.51;-0.020
20250401;3.89;3.94;3.96;3.89;20455900;80490311;0.79;1.29;0.050
20250331;3.94;3.89;3.99;3.87;27720360;108843604;1.07;-1.27;-0.050
20250328;3.99;3.94;3.99;3.91;21142144;83382557;0.81;-1.25;-0.050
20250327;4.02;3.99;4.02;3.97;18275841;72976608;0.7;-0.75;-0.030
20250326;4.02;4.02;4.04;3.99;20063922;80569183;0.77;0.0;0.000
20250325;3.99;4.02;4.03;3.96;24811723;99367946;0.95;1.01;0.040
20250324;4.01;3.98;4.04;3.93;27116475;107844386;1.04;-1.0;-0.040
20250321;4.0;4.02;4.07;3.99;28613812;115440374;1.1;0.0;0.000
20250320;4.04;4.02;4.07;4.0;24083220;96901007;0.93;-0.74;-0.030
20250319;4.01;4.05;4.08;4.0;31576855;127578197;1.21;0.5;0.020
20250318;4.01;4.03;4.04;3.97;31287928;125298634;1.2;1.0;0.040
20250317;3.96;3.99;4.0;3.95;36531583;145296347;1.41;1.27;0.050
20250314;3.87;3.94;3.94;3.87;36306623;142058557;1.4;1.81;0.070
20250313;3.87;3.87;3.89;3.83;22835243;88012635;0.88;-0.26;-0.010
20250312;3.86;3.88;3.9;3.85;21873200;84780028;0.84;0.52;0.020
20250311;3.85;3.86;3.86;3.82;22361020;85948179;0.86;0.0;0.000
20250310;3.88;3.86;3.89;3.84;20830184;80467995;0.8;-0.52;-0.020
20250307;3.9;3.88;3.91;3.87;24338328;94659670;0.94;-0.51;-0.020
20250306;3.9;3.9;3.93;3.86;30013566;117050200;1.15;0.78;0.030
20250305;3.87;3.87;3.89;3.82;20572300;79212155;0.79;-0.26;-0.010
20250304;3.85;3.88;3.88;3.83;19759483;76120622;0.76;0.52;0.020
20250303;3.86;3.86;3.9;3.85;24084800;93439310;0.93;-0.26;-0.010
20250228;3.9;3.87;3.93;3.85;26281028;102210524;1.01;-1.02;-0.040
20250227;3.92;3.91;3.95;3.88;28283273;110423089;1.09;-0.51;-0.020
20250226;3.9;3.93;3.97;3.9;32114764;126197123;1.24;0.77;0.030
20250225;3.96;3.9;3.96;3.89;29427999;115175597;1.13;-2.01;-0.080
20250224;3.92;3.98;4.02;3.91;43986067;174623748;1.69;1.79;0.070
20250221;3.92;3.91;3.93;3.88;26912583;105111477;1.04;-0.26;-0.010
20250220;3.96;3.92;3.96;3.89;29471812;115270124;1.13;-1.01;-0.040
20250219;3.95;3.96;4.0;3.93;30363711;120068396;1.17;0.25;0.010
20250218;3.99;3.95;4.01;3.93;25210352;100175386;0.97;-1.0;-0.040
20250217;4.01;3.99;4.02;3.94;29299588;116626523;1.13;0.0;0.000
20250214;4.03;3.99;4.06;3.95;35184283;140177913;1.35;-1.24;-0.050
20250213;3.98;4.04;4.1;3.94;59020625;238199193;2.27;2.28;0.090
20250212;3.9;3.95;3.95;3.89;24002804;94246490;0.92;1.02;0.040
20250211;3.94;3.91;3.94;3.87;22523709;87744902;0.87;-0.51;-0.020
20250210;3.95;3.93;3.98;3.91;27690440;109004467;1.07;-0.51;-0.020
20250207;3.85;3.95;4.01;3.84;52092407;204746965;2.0;2.6;0.100
20250206;3.8;3.85;3.85;3.77;25858760;98657713;0.99;1.05;0.040
20250205;3.88;3.81;3.88;3.78;26364325;100778350;1.01;-1.04;-0.040
20250127;3.85;3.85;3.92;3.85;24792940;96282599;0.95;0.26;0.010
20250124;3.81;3.84;3.85;3.76;29117371;110826626;1.12;0.79;0.030
20250123;3.85;3.81;3.9;3.81;23511690;90672397;0.9;0.0;0.000
20250122;3.84;3.81;3.84;3.78;18671360;71118370;0.72;-0.78;-0.030
20250121;3.88;3.84;3.9;3.82;17120978;65951756;0.66;-0.78;-0.030
20250120;3.9;3.87;3.94;3.86;17906480;69698067;0.69;-0.26;-0.010
20250117;3.85;3.88;3.9;3.81;17980982;69469988;0.69;0.78;0.030
20250116;3.85;3.85;3.91;3.81;23659540;91444788;0.91;0.52;0.020
20250115;3.86;3.83;3.86;3.79;19956050;76262368;0.77;-0.78;-0.030
20250114;3.75;3.86;3.86;3.75;25714064;98245254;0.99;2.93;0.110
20250113;3.71;3.75;3.76;3.69;17978680;67002390;0.69;0.0;0.000
20250110;3.81;3.75;3.82;3.75;16623514;62965868;0.64;-1.32;-0.050
20250109;3.84;3.8;3.85;3.79;19252220;73393816;0.74;-1.3;-0.050
20250108;3.91;3.85;3.93;3.8;25922260;99869540;1.0;-1.53;-0.060
20250107;3.92;3.91;3.95;3.84;28648160;111477816;1.1;-0.76;-0.030
20250106;3.88;3.94;3.95;3.85;21640526;84516792;0.83;1.29;0.050
20250103;3.97;3.89;4.01;3.87;32037064;126263868;1.23;-1.52;-0.060
20250102;4.08;3.95;4.12;3.92;37774760;151847259;1.45;-3.19;-0.130