20251022;13.85;13.83;13.96;13.69;14224994;196874123;1.64;-1.07;-0.150
20251021;13.9;13.98;14.14;13.8;17528007;245673862;2.03;1.08;0.150
20251020;13.99;13.83;14.07;13.7;23237876;321914731;2.68;-0.72;-0.100
20251017;14.54;13.93;14.65;13.9;29749136;421266061;3.44;-3.93;-0.570
20251016;14.92;14.5;14.92;14.43;28829443;421967077;3.33;-3.33;-0.500
20251015;14.95;15.0;15.06;14.66;25505959;379023997;2.95;0.74;0.110
20251014;15.65;14.89;15.98;14.8;35609902;546247819;4.11;-4.06;-0.630
20251013;15.02;15.52;15.57;14.83;36351756;553026123;4.2;-1.02;-0.160
20251010;15.95;15.68;16.05;15.62;32500594;513597861;3.76;-2.37;-0.380
20251009;16.0;16.06;16.09;15.85;42670324;681770941;4.93;2.03;0.320
20250930;15.7;15.74;16.11;15.61;38699929;613074136;4.47;0.64;0.100
20250929;15.52;15.64;15.78;15.34;34285343;533925383;3.96;2.36;0.360
20250926;15.32;15.28;15.59;15.18;21508867;330112498;2.49;-1.67;-0.260
20250925;15.56;15.54;16.04;15.32;31790573;495188571;3.67;-0.64;-0.100
20250924;15.25;15.64;15.77;15.2;33135310;515007165;3.83;1.56;0.240
20250923;15.28;15.4;15.68;15.01;43735636;672270501;5.05;0.33;0.050
20250922;15.41;15.35;15.51;15.16;27907714;427935387;3.22;-0.65;-0.100
20250919;15.55;15.45;15.74;15.24;38465223;595628886;4.44;-1.4;-0.220
20250918;16.4;15.67;16.46;15.4;82437412;1314742678;9.52;-4.8;-0.790
20250917;16.14;16.46;17.0;15.86;71751008;1180406574;8.29;1.98;0.320
20250916;15.81;16.14;16.45;15.48;80282134;1283506270;9.28;3.99;0.620
20250915;15.74;15.52;16.13;15.5;68083050;1073263574;7.87;-0.39;-0.060
20250912;16.03;15.58;16.03;15.43;104976930;1641661802;12.13;-4.48;-0.730
20250911;14.69;16.31;16.31;14.5;99767776;1530464362;11.53;9.98;1.480
20250910;15.47;14.83;15.55;14.67;114980191;1742895509;13.28;4.88;0.690
20250909;14.37;14.14;14.53;14.13;28301558;405060473;3.27;-1.94;-0.280
20250908;14.16;14.42;14.53;14.15;43463715;625186268;5.02;3.3;0.460
20250905;13.55;13.96;13.96;13.55;22285772;307764554;2.57;2.95;0.400
20250904;13.68;13.56;14.11;13.27;32381194;444429738;3.74;-0.88;-0.120
20250903;14.15;13.68;14.35;13.65;29708162;412494470;3.43;-3.25;-0.460
20250902;14.31;14.14;14.43;13.94;36626211;516594538;4.23;-1.46;-0.210
20250901;14.03;14.35;14.44;13.85;49680266;707744714;5.74;1.92;0.270
20250829;14.01;14.08;14.32;13.87;39908401;561949373;4.61;0.43;0.060
20250828;13.85;14.02;14.1;13.5;39013145;539825825;4.51;0.86;0.120
20250827;14.26;13.9;14.45;13.88;37898745;539652588;4.38;-2.8;-0.400
20250826;14.32;14.3;14.43;14.21;31037764;444350575;3.59;-0.83;-0.120
20250825;14.45;14.42;14.7;14.23;43015376;622433646;4.97;-0.14;-0.020
20250822;14.45;14.44;14.7;14.22;43202765;624023906;4.99;-0.55;-0.080
20250821;15.02;14.52;15.08;14.4;58141830;854349257;6.72;-3.78;-0.570
20250820;14.88;15.09;15.37;14.8;75248800;1134800868;8.69;0.8;0.120
20250819;14.55;14.97;15.65;14.28;127590686;1913688360;14.74;2.96;0.430
20250818;13.7;14.54;14.54;13.7;56149127;796876132;6.49;9.98;1.320
20250815;12.57;13.22;13.28;12.57;38853437;507811727;4.49;5.0;0.630
20250814;12.93;12.59;12.95;12.58;20872034;266030870;2.41;-2.63;-0.340
20250813;12.65;12.93;12.95;12.62;27340297;350503713;3.16;1.81;0.230
20250812;12.52;12.7;12.74;12.41;24862099;313273002;2.87;0.71;0.090
20250811;12.45;12.61;12.77;12.26;27178514;342860905;3.14;2.02;0.250
20250808;12.41;12.36;12.48;12.29;11547556;142733471;1.33;-0.72;-0.090
20250807;12.5;12.45;12.59;12.24;18261969;226492423;2.11;-0.16;-0.020
20250806;12.2;12.47;12.66;12.16;23242355;288575927;2.69;2.3;0.280
20250805;12.15;12.19;12.22;12.12;11148159;135665969;1.29;0.33;0.040
20250804;12.0;12.15;12.15;11.96;12686337;153135575;1.47;1.0;0.120
20250801;12.21;12.03;12.21;11.98;17465400;210867997;2.02;-1.64;-0.200
20250731;12.58;12.23;12.58;12.1;20500643;252045018;2.37;-2.63;-0.330
20250730;12.65;12.56;12.76;12.42;17472517;219954664;2.02;-0.95;-0.120
20250729;12.79;12.68;12.87;12.57;17751880;224915076;2.05;-1.32;-0.170
20250728;12.81;12.85;12.91;12.7;15191163;194740266;1.76;-0.39;-0.050
20250725;12.92;12.9;13.13;12.81;26398877;341278726;3.05;-0.15;-0.020
20250724;12.43;12.92;12.95;12.43;39224552;502231196;4.53;3.36;0.420
20250723;12.54;12.5;12.82;12.38;36314540;458144057;4.2;0.0;0.000
20250722;12.23;12.5;12.51;12.19;29648918;366064371;3.43;1.96;0.240
20250721;12.13;12.26;12.28;12.05;19608089;239142569;2.27;1.41;0.170
20250718;11.98;12.09;12.17;11.97;18176890;219749206;2.1;1.0;0.120
20250717;11.87;11.97;11.99;11.85;8587972;102616924;0.99;0.84;0.100
20250716;11.85;11.87;11.93;11.82;8039192;95414499;0.93;-0.08;-0.010
20250715;12.01;11.88;12.09;11.81;11282739;134511229;1.3;-1.08;-0.130
20250714;12.15;12.01;12.17;12.01;11803040;142461520;1.36;-0.74;-0.090
20250711;11.92;12.1;12.24;11.88;20907273;252764494;2.42;1.51;0.180
20250710;11.81;11.92;11.95;11.81;7966920;94664320;0.92;0.68;0.080
20250709;11.99;11.84;12.1;11.78;16270812;193993230;1.88;-1.33;-0.160
20250708;11.92;12.0;12.15;11.85;14073203;169117707;1.63;0.84;0.100
20250707;11.81;11.9;12.03;11.8;9005380;107190448;1.04;0.17;0.020
20250704;11.96;11.88;12.04;11.85;11459260;136628526;1.32;-0.92;-0.110
20250703;12.16;11.99;12.19;11.94;14848443;178395984;1.72;-0.99;-0.120
20250702;12.13;12.11;12.19;12.07;9966352;120863002;1.15;-0.57;-0.070
20250701;12.24;12.18;12.25;11.98;15322489;185540739;1.77;-0.49;-0.060
20250630;12.22;12.24;12.29;12.08;16353100;199164426;1.89;0.25;0.030
20250627;12.17;12.21;12.67;12.15;25280610;312281644;2.92;0.66;0.080
20250626;12.23;12.13;12.38;12.04;27537314;334894520;3.18;-2.02;-0.250
20250625;12.38;12.38;12.44;12.03;39379462;483067114;4.55;-0.08;-0.010
20250624;11.93;12.39;12.58;11.86;54213482;668359331;6.26;4.56;0.540
20250623;11.36;11.85;11.93;11.25;34364547;403451113;3.97;4.77;0.540
20250620;11.18;11.31;11.41;11.17;10104510;114095216;1.17;0.89;0.100
20250619;11.15;11.21;11.4;11.12;16365327;184589785;1.89;0.54;0.060
20250618;11.18;11.15;11.19;11.05;7354081;81710263;0.85;-0.45;-0.050
20250617;11.24;11.2;11.35;11.17;7163188;80325386;0.83;-0.71;-0.080
20250616;11.18;11.28;11.3;11.11;8041516;90270606;0.93;0.98;0.110
20250613;11.44;11.17;11.45;11.15;15320157;172328221;1.77;-2.7;-0.310
20250612;11.59;11.48;11.6;11.43;9837933;112880851;1.14;-0.95;-0.110
20250611;11.47;11.59;11.74;11.47;14754763;171796120;1.7;1.4;0.160
20250610;11.69;11.43;11.7;11.38;10656523;122345837;1.23;-1.8;-0.210
20250609;11.58;11.64;11.72;11.51;10573366;123051047;1.22;0.52;0.060
20250606;11.54;11.58;11.61;11.5;8731501;101003847;1.01;0.43;0.050
20250605;11.52;11.58;11.6;11.44;8214799;94912275;0.95;0.52;0.060
20250604;11.41;11.52;11.54;11.4;8047816;92493598;0.93;1.05;0.120
20250603;11.4;11.4;11.46;11.33;6898518;78584115;0.8;0.0;0.000
20250530;11.56;11.4;11.56;11.4;8139361;93153769;0.94;-1.89;-0.220
20250529;11.46;11.62;11.66;11.44;9304710;107912456;1.08;1.4;0.160
20250528;11.45;11.46;11.49;11.4;6394078;73137008;0.74;0.35;0.040
20250527;11.59;11.42;11.63;11.41;9833924;112780405;1.14;-1.47;-0.170
20250526;11.67;11.59;11.72;11.5;8405385;97565211;0.97;0.35;0.040
20250523;11.8;11.55;11.93;11.52;14554669;170424995;1.68;-2.2;-0.260
20250522;12.03;11.81;12.05;11.81;11439499;136281464;1.32;-2.24;-0.270
20250521;12.08;12.08;12.13;11.92;10413260;125150366;1.2;0.08;0.010
20250520;12.04;12.07;12.09;11.96;8655460;104157828;1.0;0.25;0.030
20250519;12.06;12.04;12.07;11.87;8985080;107601895;1.04;0.17;0.020
20250516;12.07;12.02;12.19;12.0;13968593;168672963;1.61;-0.41;-0.050
20250515;12.39;12.07;12.39;12.01;18443300;224201196;2.13;-2.58;-0.320
20250514;12.47;12.39;12.54;12.32;15981431;198213860;1.85;-0.72;-0.090
20250513;12.69;12.48;12.71;12.39;22713780;284611844;2.62;-1.5;-0.190
20250512;12.34;12.67;12.78;12.25;32619480;410066279;3.77;2.76;0.340
20250509;12.2;12.33;12.75;12.01;37059277;458415020;4.28;1.48;0.180
20250508;12.13;12.15;12.23;12.06;13828680;168210127;1.6;-0.08;-0.010
20250507;12.26;12.16;12.29;12.03;18965880;230260045;2.19;0.25;0.030
20250506;12.07;12.13;12.18;11.99;17809763;215878945;2.06;1.42;0.170
20250430;12.1;11.96;12.2;11.92;16921340;203443145;1.96;-1.16;-0.140
20250429;11.98;12.1;12.35;11.87;18673800;227248531;2.16;1.17;0.140
20250428;12.19;11.96;12.3;11.94;19928560;240746182;2.3;-2.29;-0.280
20250425;11.62;12.24;12.41;11.5;40833515;489368848;4.72;2.86;0.340
20250424;12.19;11.9;12.39;11.86;25728818;310782116;2.97;-2.78;-0.340
20250423;12.39;12.24;12.74;12.23;42103898;524304311;4.86;0.74;0.090
20250422;12.3;12.15;12.37;11.98;43352736;528617618;5.01;2.27;0.270
20250421;11.11;11.88;12.19;11.11;36465840;428265944;4.21;7.22;0.800
20250418;11.17;11.08;11.17;11.05;8358500;92744977;0.97;-0.27;-0.030
20250417;11.09;11.11;11.26;11.04;8187844;91531163;0.95;-0.45;-0.050
20250416;11.43;11.16;11.46;11.04;14126215;158275272;1.63;-2.79;-0.320
20250415;11.54;11.48;11.65;11.3;15054152;172145159;1.74;-0.69;-0.080
20250414;11.58;11.56;11.67;11.48;13164815;152409892;1.52;1.14;0.130
20250411;11.11;11.43;11.55;11.1;15576340;177846217;1.8;1.87;0.210
20250410;11.5;11.22;11.68;11.21;21361620;244063506;2.47;0.09;0.010
20250409;10.95;11.21;11.35;10.23;26831195;292201686;3.1;0.0;0.000
20250408;11.5;11.21;11.88;10.97;31263850;356210969;3.61;-3.94;-0.460
20250407;12.17;11.67;12.45;11.67;27985800;331845580;3.23;-10.02;-1.300
20250403;12.85;12.97;13.17;12.77;21100455;273889731;2.44;0.15;0.020
20250402;12.7;12.95;13.22;12.66;27344301;356448473;3.16;1.25;0.160
20250401;12.94;12.79;13.01;12.76;18880610;243265188;2.18;-0.47;-0.060
20250331;12.44;12.85;12.91;12.22;27147490;341584186;3.14;2.64;0.330
20250328;12.61;12.52;12.7;12.45;12042958;151178379;1.39;-1.03;-0.130
20250327;12.72;12.65;12.79;12.43;15357960;193713379;1.77;-0.86;-0.110
20250326;12.79;12.76;12.93;12.75;13540858;173688832;1.56;0.24;0.030
20250325;12.89;12.73;13.02;12.61;16101098;205625506;1.86;-1.39;-0.180
20250324;12.92;12.91;13.0;12.59;20423960;260329427;2.36;-0.08;-0.010
20250321;13.18;12.92;13.23;12.86;22931709;298581223;2.65;-2.2;-0.290
20250320;13.35;13.21;13.48;13.18;20241075;269986760;2.34;-0.9;-0.120
20250319;13.45;13.33;13.47;13.22;18800490;250406246;2.17;-0.97;-0.130
20250318;13.44;13.46;13.55;13.32;21409083;287629708;2.47;0.15;0.020
20250317;13.7;13.44;13.7;13.39;27954280;377031335;3.23;-1.61;-0.220
20250314;13.85;13.66;13.97;13.51;41963296;572597912;4.85;-1.09;-0.150
20250313;13.47;13.81;14.02;13.23;67781750;926894334;7.83;3.06;0.410
20250312;13.3;13.4;13.83;13.22;53087236;719087124;6.13;1.67;0.220
20250311;12.7;13.18;13.19;12.68;31834633;415065600;3.68;1.7;0.220
20250310;13.27;12.96;13.3;12.89;26078056;339687385;3.01;0.23;0.030
20250307;13.05;12.93;13.23;12.82;31968760;417360879;4.11;-0.92;-0.120
20250306;13.06;13.05;13.22;12.96;39134501;511862083;5.03;0.08;0.010
20250305;12.26;13.04;13.37;12.21;48040494;612760976;6.17;5.93;0.730
20250304;12.21;12.31;12.4;12.1;19300633;237119570;2.48;0.0;0.000
20250303;12.43;12.31;12.63;12.24;27853005;346657754;3.58;-1.36;-0.170
20250228;13.12;12.48;13.22;12.42;41686565;530353456;5.35;-5.81;-0.770
20250227;13.3;13.25;13.45;12.95;42484059;561111447;5.46;-0.38;-0.050
20250226;12.81;13.3;13.38;12.69;56901602;748124130;7.31;3.83;0.490
20250225;12.87;12.81;13.12;12.7;39472592;508690105;5.07;-2.51;-0.330
20250224;12.8;13.14;13.27;12.58;55042887;711679616;7.07;2.1;0.270
20250221;12.78;12.87;12.99;12.57;50193808;641482479;6.45;1.5;0.190
20250220;12.65;12.68;12.81;12.52;41364419;523595387;5.31;-0.78;-0.100
20250219;12.1;12.78;12.98;12.05;60010551;758567951;7.71;5.36;0.650
20250218;12.43;12.13;12.47;12.04;37565066;460896790;4.82;-2.41;-0.300
20250217;12.03;12.43;12.58;12.02;52387466;646931203;6.73;3.33;0.400
20250214;12.01;12.03;12.25;11.99;34055160;411689041;4.37;-1.31;-0.160
20250213;11.81;12.19;12.6;11.59;69667014;845890940;8.95;3.04;0.360
20250212;11.76;11.83;11.88;11.67;25926972;305932599;3.33;0.77;0.090
20250211;11.78;11.74;11.8;11.63;19812381;231528501;2.54;-0.42;-0.050
20250210;11.91;11.79;11.96;11.69;28980158;341375161;3.72;-1.09;-0.130
20250207;11.99;11.92;12.06;11.78;37112268;443180204;4.77;-1.08;-0.130
20250206;11.39;12.05;12.08;11.3;44307316;524230001;5.69;5.42;0.620
20250205;11.45;11.43;11.6;11.31;20815145;238499335;2.67;0.97;0.110
20250127;11.85;11.32;11.95;11.32;27524380;318371750;3.53;-4.47;-0.530
20250124;11.44;11.85;11.98;11.41;35499166;418203955;4.56;3.67;0.420
20250123;11.59;11.43;11.8;11.43;25106124;291798936;3.22;-0.17;-0.020
20250122;11.45;11.45;11.6;11.4;16853358;193674604;2.16;-0.69;-0.080
20250121;11.74;11.53;11.76;11.33;23785727;273209260;3.05;-1.11;-0.130
20250120;11.76;11.66;11.95;11.57;23248217;272879119;2.99;0.26;0.030
20250117;11.68;11.63;11.82;11.58;19889340;232143138;2.55;-0.68;-0.080
20250116;11.94;11.71;12.02;11.56;29863532;351532517;3.84;-0.68;-0.080
20250115;11.86;11.79;12.32;11.72;47253191;564298612;6.07;-0.59;-0.070
20250114;10.91;11.86;12.05;10.84;60798218;703559834;7.81;8.31;0.910
20250113;10.65;10.95;11.2;10.57;25841454;282493169;3.32;1.39;0.150
20250110;11.08;10.8;11.32;10.66;34928279;383728507;4.49;-0.46;-0.050
20250109;10.66;10.85;11.14;10.66;27761224;304337477;3.57;1.59;0.170
20250108;10.81;10.68;10.81;10.45;24477901;258857138;3.14;-1.66;-0.180
20250107;10.73;10.86;10.92;10.65;16136620;174893687;2.07;0.65;0.070
20250106;10.71;10.79;10.99;10.62;18724235;202076910;2.4;0.65;0.070
20250103;10.87;10.72;10.98;10.59;20435820;220201159;2.62;-1.2;-0.130
20250102;11.29;10.85;11.31;10.71;26193145;289006039;3.36;-3.81;-0.430