20251022;2.91;2.9;2.95;2.89;34818915;101357445;1.77;-1.02;-0.030
20251021;2.83;2.93;2.96;2.82;84918411;246566329;4.31;3.9;0.110
20251020;2.82;2.82;2.83;2.81;26838119;75648870;1.36;0.36;0.010
20251017;2.85;2.81;2.86;2.81;34320452;97236908;1.74;-1.4;-0.040
20251016;2.87;2.85;2.88;2.85;31931741;91347723;1.62;-0.7;-0.020
20251015;2.86;2.87;2.88;2.85;42756835;122617525;2.17;0.35;0.010
20251014;2.87;2.86;2.89;2.85;45025095;129285273;2.28;-0.35;-0.010
20251013;2.86;2.87;2.87;2.84;50814623;145238661;2.58;-1.03;-0.030
20251010;2.89;2.9;2.92;2.87;41325886;119902469;2.1;0.35;0.010
20251009;2.91;2.89;2.91;2.86;52268855;150425708;2.65;-1.03;-0.030
20250930;2.92;2.92;2.93;2.9;33667136;98169756;1.71;-0.34;-0.010
20250929;2.95;2.93;2.95;2.91;44079830;128981126;2.23;-1.01;-0.030
20250926;2.95;2.96;2.98;2.94;31718802;93838055;1.61;0.0;0.000
20250925;2.99;2.96;3.0;2.95;36879120;109484569;1.87;-1.33;-0.040
20250924;2.96;3.0;3.0;2.95;46026280;137102597;2.33;1.01;0.030
20250923;2.99;2.97;3.0;2.93;57679118;170800001;2.92;-1.0;-0.030
20250922;3.02;3.0;3.03;2.99;48690000;146031129;2.47;-0.66;-0.020
20250919;3.04;3.02;3.06;3.01;51546261;156093532;2.61;-0.66;-0.020
20250918;3.12;3.04;3.13;3.02;82333760;252946495;4.17;-2.88;-0.090
20250917;3.15;3.13;3.17;3.09;60383014;188554810;3.06;-0.95;-0.030
20250916;3.21;3.16;3.21;3.12;80965100;255065529;4.1;-1.56;-0.050
20250915;3.15;3.21;3.23;3.15;106926760;341839455;5.42;1.58;0.050
20250912;3.15;3.16;3.2;3.15;109315827;347115812;5.54;-0.63;-0.020
20250911;3.1;3.18;3.25;3.1;168582486;535345763;8.55;2.91;0.090
20250910;3.06;3.09;3.12;3.03;66130123;203171123;3.35;0.32;0.010
20250909;3.09;3.08;3.11;3.05;64859563;199688566;3.29;-0.32;-0.010
20250908;3.01;3.09;3.13;3.01;108661969;335111944;5.51;2.66;0.080
20250905;2.99;3.01;3.02;2.97;38175054;114181437;1.94;0.33;0.010
20250904;2.97;3.0;3.04;2.96;48840201;146424507;2.48;1.01;0.030
20250903;3.02;2.97;3.03;2.97;47773738;142991739;2.42;-1.66;-0.050
20250902;3.02;3.02;3.05;3.0;48356256;146113955;2.45;-0.33;-0.010
20250901;3.03;3.03;3.05;3.0;52028457;157443591;2.64;0.0;0.000
20250829;3.11;3.03;3.13;3.02;73111180;223751261;3.71;-1.62;-0.050
20250828;3.1;3.08;3.11;3.0;86157411;263242069;4.37;-0.32;-0.010
20250827;3.11;3.09;3.21;3.08;130587113;410814402;6.62;-0.96;-0.030
20250826;3.02;3.12;3.14;3.0;128900844;398621962;6.54;2.97;0.090
20250825;3.02;3.03;3.03;3.0;50601908;152666010;2.57;0.33;0.010
20250822;3.04;3.02;3.06;3.0;41191869;124206699;2.09;-0.33;-0.010
20250821;3.01;3.03;3.05;3.0;57384385;173653476;2.91;0.66;0.020
20250820;2.99;3.01;3.01;2.98;41520670;124355231;2.11;0.33;0.010
20250819;3.0;3.0;3.01;2.98;38110140;114079828;1.93;0.0;0.000
20250818;2.99;3.0;3.01;2.98;43109917;129213081;2.19;0.33;0.010
20250815;2.97;2.99;2.99;2.96;25582926;76167920;1.3;1.01;0.030
20250814;3.01;2.96;3.02;2.96;44831430;133928731;2.27;-1.66;-0.050
20250813;3.03;3.01;3.04;3.0;41263741;124286870;2.09;-0.66;-0.020
20250812;3.05;3.03;3.07;3.02;41611317;126437821;2.11;-0.66;-0.020
20250811;3.07;3.05;3.08;3.04;45145410;138000491;2.29;-0.33;-0.010
20250808;3.06;3.06;3.07;3.04;36140399;110519574;1.83;0.0;0.000
20250807;3.05;3.06;3.08;3.04;38620550;118137380;1.96;0.66;0.020
20250806;3.06;3.04;3.07;3.02;32323620;98193507;1.64;-0.65;-0.020
20250805;3.04;3.06;3.07;3.04;31697410;96908750;1.61;0.66;0.020
20250804;3.03;3.04;3.05;3.02;27896550;84601567;1.41;-0.33;-0.010
20250801;3.05;3.05;3.08;3.03;25683320;78390256;1.3;0.33;0.010
20250731;3.07;3.04;3.08;3.03;35981160;109709264;1.82;-1.3;-0.040
20250730;3.08;3.08;3.1;3.06;37562128;115822986;1.9;0.0;0.000
20250729;3.11;3.08;3.12;3.04;53156180;163190516;2.7;-1.28;-0.040
20250728;3.15;3.12;3.16;3.1;45664120;142707014;2.32;-0.95;-0.030
20250725;3.18;3.15;3.22;3.14;46872400;148912975;2.38;-0.63;-0.020
20250724;3.16;3.17;3.18;3.11;64669620;203592029;3.28;0.0;0.000
20250723;3.23;3.17;3.3;3.16;107769427;345914235;5.46;-1.25;-0.040
20250722;3.08;3.21;3.22;3.07;146599739;465527520;7.43;4.22;0.130
20250721;3.01;3.08;3.09;3.01;57798096;176672146;2.93;2.33;0.070
20250718;3.01;3.01;3.03;3.0;26262280;79211581;1.33;0.0;0.000
20250717;3.05;3.01;3.05;3.0;36467480;110024329;1.85;-0.66;-0.020
20250716;3.02;3.03;3.04;3.01;26547059;80250299;1.35;0.0;0.000
20250715;3.08;3.03;3.09;3.0;53224400;161748259;2.7;-1.94;-0.060
20250714;3.09;3.09;3.15;3.07;47672500;147951494;2.42;0.0;0.000
20250711;3.09;3.09;3.17;3.07;74002147;230004655;3.75;-0.32;-0.010
20250710;3.13;3.1;3.21;3.09;142164688;446661677;7.21;3.68;0.110
20250709;2.98;2.99;3.03;2.98;39077491;117303365;1.98;0.0;0.000
20250708;2.99;2.99;2.99;2.96;30983289;92192556;1.57;0.0;0.000
20250707;3.02;2.99;3.02;2.98;28251920;84495569;1.43;-0.99;-0.030
20250704;3.0;3.02;3.06;2.99;60056859;182064671;3.04;0.67;0.020
20250703;3.0;3.0;3.01;2.97;32289899;96637690;1.64;0.33;0.010
20250702;2.94;2.99;3.0;2.93;42540196;126191204;2.16;1.36;0.040
20250701;2.96;2.95;2.96;2.93;22428890;66044230;1.14;0.0;0.000
20250630;2.95;2.95;2.95;2.93;20777718;61051674;1.05;0.34;0.010
20250627;2.96;2.94;2.97;2.93;30508440;89934553;1.55;-0.68;-0.020
20250626;2.98;2.96;3.02;2.95;40353000;120525478;2.05;0.34;0.010
20250625;2.96;2.95;2.97;2.93;29273780;86252586;1.48;-0.34;-0.010
20250624;2.93;2.96;2.96;2.92;26752728;78710334;1.36;1.37;0.040
20250623;2.88;2.92;2.94;2.85;24828268;72034210;1.26;0.69;0.020
20250620;2.92;2.9;2.95;2.9;18882980;55186310;0.96;-0.68;-0.020
20250619;2.96;2.92;2.97;2.92;20829200;61252288;1.06;-1.68;-0.050
20250618;2.99;2.97;3.0;2.95;24661799;73154580;1.25;-1.0;-0.030
20250617;2.99;3.0;3.01;2.98;21981640;65825112;1.11;0.33;0.010
20250616;2.99;2.99;2.99;2.97;21337192;63572183;1.08;0.34;0.010
20250613;3.01;2.98;3.02;2.97;31612700;94433288;1.6;-1.0;-0.030
20250612;3.04;3.01;3.06;3.0;31974320;96520321;1.62;-1.63;-0.050
20250611;3.0;3.06;3.07;2.99;55276697;168469911;2.8;2.34;0.070
20250610;3.03;2.99;3.03;2.97;37826280;113412313;1.92;-0.99;-0.030
20250609;3.0;3.02;3.04;2.99;31890283;96363302;1.62;-0.33;-0.010
20250606;3.0;3.03;3.05;3.0;25474716;77133452;1.29;1.0;0.030
20250605;3.05;3.0;3.06;2.99;40661590;122596485;2.06;-1.96;-0.060
20250604;3.03;3.06;3.08;3.0;43777099;133155538;2.22;0.66;0.020
20250603;3.05;3.04;3.06;2.98;72149060;218219481;3.66;-2.56;-0.080
20250530;3.06;3.12;3.22;3.04;97424290;306746929;4.94;2.63;0.080
20250529;2.98;3.04;3.04;2.96;42918251;129597849;2.18;1.67;0.050
20250528;2.95;2.99;3.04;2.93;50218340;150540042;2.55;1.36;0.040
20250527;2.93;2.95;2.97;2.93;33965700;100177066;1.72;0.0;0.000
20250526;2.95;2.95;2.96;2.92;40669020;119724281;2.06;0.0;0.000
20250523;3.0;2.95;3.01;2.95;43837364;130793996;2.22;-1.67;-0.050
20250522;3.06;3.0;3.08;2.99;60897427;184433602;3.09;-2.28;-0.070
20250521;3.14;3.07;3.14;3.07;51881600;160645401;2.63;-2.23;-0.070
20250520;3.14;3.14;3.16;3.12;45641558;143399225;2.31;0.32;0.010
20250519;3.11;3.13;3.17;3.1;44553173;139580715;2.26;0.32;0.010
20250516;3.12;3.12;3.13;3.05;53202803;164733011;2.7;-0.32;-0.010
20250515;3.14;3.13;3.17;3.11;54767555;171825874;2.78;-0.95;-0.030
20250514;3.13;3.16;3.17;3.1;70514566;221856306;3.58;0.96;0.030
20250513;3.2;3.13;3.21;3.11;90295158;284499724;4.58;-2.19;-0.070
20250512;3.29;3.2;3.33;3.18;141695969;457004886;7.18;-2.74;-0.090
20250509;3.53;3.29;3.66;3.28;249507377;862009261;12.65;-8.36;-0.300
20250508;3.24;3.59;3.59;3.09;210833741;710041580;10.69;10.12;0.330
20250507;3.33;3.26;3.35;3.24;85516684;280547377;4.34;-1.51;-0.050
20250506;3.3;3.31;3.49;3.27;150309544;502766947;7.62;1.22;0.040
20250429;3.25;3.27;3.29;3.2;54246783;176328365;2.75;-0.91;-0.030
20250428;3.45;3.3;3.5;3.3;81533080;272665907;4.13;-4.9;-0.170
20250425;3.43;3.47;3.55;3.42;67243676;234215401;3.41;-0.57;-0.020
20250424;3.35;3.49;3.52;3.32;97100942;332649927;4.92;4.18;0.140
20250423;3.33;3.35;3.36;3.3;72940017;242662089;3.7;-1.47;-0.050
20250422;3.23;3.4;3.42;3.23;109612258;370619798;5.56;4.29;0.140
20250421;3.28;3.26;3.29;3.21;56453952;183499665;2.86;-1.51;-0.050
20250418;3.35;3.31;3.37;3.27;63619552;210973780;3.23;-1.78;-0.060
20250417;3.24;3.37;3.37;3.21;70158708;231991738;3.56;4.01;0.130
20250416;3.18;3.24;3.29;3.16;56902354;183755474;2.88;1.89;0.060
20250415;3.21;3.18;3.21;3.13;45446280;144206461;2.3;-0.93;-0.030
20250414;3.1;3.21;3.25;3.09;70216006;222187501;3.56;3.22;0.100
20250411;3.02;3.11;3.18;3.0;74009070;228344652;3.75;2.3;0.070
20250410;2.95;3.04;3.06;2.92;69805147;209705329;3.54;2.01;0.060
20250409;2.96;2.98;3.04;2.9;83075714;246828826;4.21;-0.33;-0.010
20250408;2.83;2.99;3.0;2.83;107971662;317143246;5.47;4.55;0.130
20250407;2.94;2.86;2.97;2.86;75874920;220512973;3.85;-4.98;-0.150
20250403;2.97;3.01;3.02;2.96;31055603;93125805;1.57;0.33;0.010
20250402;2.99;3.0;3.03;2.96;35546880;106422322;1.8;0.33;0.010
20250401;3.04;2.99;3.05;2.98;60840212;182978696;3.08;-2.61;-0.080
20250331;3.13;3.07;3.19;3.03;95504549;296430410;4.84;0.66;0.020
20250328;2.98;3.05;3.07;2.97;48773608;147815080;2.47;1.67;0.050
20250327;3.09;3.0;3.1;2.98;64856984;196898701;3.29;-3.23;-0.100
20250326;3.07;3.1;3.13;3.04;67200011;207452473;3.4;-0.32;-0.010
20250325;2.96;3.11;3.12;2.94;91217603;278889100;4.62;4.71;0.140
20250324;3.02;2.97;3.08;2.92;72624024;216704693;3.68;-1.98;-0.060
20250321;3.12;3.03;3.17;3.01;122190697;375912404;6.19;0.33;0.010
20250320;2.94;3.02;3.02;2.92;43662914;130391102;2.21;4.86;0.140
20250319;2.78;2.88;2.92;2.77;82159020;236933480;4.16;3.6;0.100
20250318;2.79;2.78;2.79;2.77;23139240;64347180;1.17;-0.36;-0.010
20250317;2.77;2.79;2.81;2.77;36417604;101640816;1.84;0.36;0.010
20250314;2.74;2.78;2.78;2.73;45010569;124042863;2.28;1.83;0.050
20250313;2.76;2.73;2.77;2.72;28113138;77129151;1.42;-0.73;-0.020
20250312;2.77;2.75;2.78;2.74;33766000;92951555;1.71;-1.08;-0.030
20250311;2.76;2.78;2.81;2.73;38688280;106941562;1.96;0.0;0.000
20250310;2.77;2.78;2.81;2.75;34092682;94728308;1.73;1.46;0.040
20250307;2.75;2.74;2.77;2.73;22022558;60592078;1.12;-0.72;-0.020
20250306;2.74;2.76;2.77;2.73;20461450;56184108;1.04;0.73;0.020
20250305;2.76;2.74;2.78;2.72;23284180;64005463;1.18;-1.08;-0.030
20250304;2.69;2.77;2.79;2.67;37192903;101839826;1.88;2.97;0.080
20250303;2.67;2.69;2.7;2.67;17962240;48235455;0.91;0.75;0.020
20250228;2.7;2.67;2.72;2.67;23810400;64099453;1.21;-1.48;-0.040
20250227;2.69;2.71;2.73;2.67;30256876;81427596;1.53;0.37;0.010
20250226;2.71;2.7;2.72;2.68;29994040;80915430;1.52;-0.37;-0.010
20250225;2.76;2.71;2.77;2.7;41056730;112018933;2.08;-2.17;-0.060
20250224;2.77;2.77;2.8;2.76;30543950;84711998;1.55;0.36;0.010
20250221;2.78;2.76;2.8;2.76;29146813;80729732;1.48;-0.72;-0.020
20250220;2.8;2.78;2.81;2.77;26038994;72468973;1.32;-1.07;-0.030
20250219;2.77;2.81;2.84;2.76;35404650;98719857;1.79;1.81;0.050
20250218;2.8;2.76;2.84;2.76;32702774;91654228;1.66;-1.08;-0.030
20250217;2.78;2.79;2.8;2.75;30027607;83274119;1.52;-0.36;-0.010
20250214;2.84;2.8;2.84;2.77;37882472;105884301;1.92;-1.75;-0.050
20250213;2.79;2.85;2.89;2.79;50577105;144221634;2.56;1.79;0.050
20250212;2.81;2.8;2.81;2.77;36303644;101231030;1.84;-1.06;-0.030
20250211;2.86;2.83;2.88;2.82;32298520;91692024;1.64;0.0;0.000
20250210;2.89;2.83;2.9;2.83;72333980;206143882;3.66;-5.03;-0.150
20250207;2.96;2.98;3.01;2.95;32612263;97303135;1.65;0.0;0.000
20250206;2.99;2.98;2.99;2.94;24625880;73074861;1.25;-0.33;-0.010
20250205;3.0;2.99;3.01;2.92;25519396;75716862;1.29;0.34;0.010
20250127;3.04;2.98;3.08;2.98;27320980;82891778;1.38;-1.97;-0.060
20250124;3.08;3.04;3.1;3.03;28178274;86272952;1.43;-1.62;-0.050
20250123;3.04;3.09;3.13;3.03;41239065;126692465;2.09;1.31;0.040
20250122;3.02;3.05;3.16;3.01;54564282;167771185;2.76;-0.33;-0.010
20250121;2.92;3.06;3.06;2.88;43541884;130042117;2.21;5.15;0.150
20250120;2.94;2.91;2.95;2.89;21082620;61373595;1.07;0.0;0.000
20250117;2.84;2.91;2.95;2.81;35520733;102311533;1.8;1.75;0.050
20250116;2.8;2.86;2.86;2.78;36442853;102520733;1.85;2.51;0.070
20250115;2.82;2.79;2.83;2.78;26904453;75376475;1.36;-1.41;-0.040
20250114;2.76;2.83;2.84;2.75;30286956;84866330;1.53;2.91;0.080
20250113;2.79;2.75;2.79;2.71;29297463;80399131;1.48;-2.83;-0.080
20250110;2.87;2.83;2.93;2.83;41589158;119416026;2.11;-2.41;-0.070
20250109;2.92;2.9;2.99;2.9;73596465;216102798;3.73;1.4;0.040
20250108;2.84;2.86;2.86;2.82;25195509;71831728;1.28;5.15;0.140
20250107;2.67;2.72;2.72;2.66;21614304;58083358;1.09;1.49;0.040
20250106;2.71;2.68;2.73;2.66;24988482;67181735;1.27;-1.11;-0.030
20250103;2.78;2.71;2.8;2.7;32547110;88970737;1.65;-2.52;-0.070
20250102;2.81;2.78;2.87;2.76;35141538;99226154;1.78;-0.36;-0.010