20251022;15.42;15.3;15.84;15.15;5302000;81834255;3.49;-0.78;-0.120
20251021;15.23;15.42;15.54;15.0;4332300;66559182;2.85;2.12;0.320
20251020;14.95;15.1;15.33;14.95;3488900;52743594;2.3;1.75;0.260
20251017;15.13;14.84;15.49;14.83;4434950;66947140;2.92;-1.85;-0.280
20251016;15.49;15.12;15.7;15.04;4911700;74868702;3.23;-1.75;-0.270
20251015;15.21;15.39;15.9;15.16;5819193;89934732;3.83;2.06;0.310
20251014;15.54;15.08;15.65;14.97;6035500;92193040;3.97;-1.82;-0.280
20251013;15.03;15.36;15.91;15.03;6776299;105377044;4.46;-1.54;-0.240
20251010;15.56;15.6;15.9;15.41;5236900;82188758;3.45;0.32;0.050
20251009;15.8;15.55;15.89;15.29;5990100;92864161;3.94;-1.58;-0.250
20250930;16.1;15.8;16.1;15.69;4822500;76395241;3.18;-1.06;-0.170
20250929;16.5;15.97;16.53;15.84;6553800;105271840;4.32;-2.08;-0.340
20250926;16.15;16.31;16.51;16.0;7013352;114233875;4.62;0.25;0.040
20250925;16.41;16.27;16.68;15.96;10191000;166014803;6.71;-1.33;-0.220
20250924;16.38;16.49;16.66;16.17;10572347;173509364;6.96;-0.3;-0.050
20250923;16.35;16.54;16.97;16.11;14208985;233557379;9.36;0.18;0.030
20250922;15.99;16.51;16.98;15.71;19546435;318754273;12.87;2.61;0.420
20250919;15.93;16.09;16.38;15.4;22319238;354045226;14.7;0.94;0.150
20250918;14.55;15.94;15.94;14.49;13373800;209045463;8.81;10.01;1.450
20250917;14.21;14.49;14.55;14.15;5153000;74219807;3.39;1.97;0.280
20250916;14.01;14.21;14.35;13.92;2928100;41391521;1.93;1.5;0.210
20250915;14.13;14.0;14.18;13.87;2622900;36651570;1.73;-0.99;-0.140
20250912;14.1;14.14;14.34;14.06;3158200;44805757;2.08;0.21;0.030
20250911;14.24;14.11;14.28;13.88;3506013;49215489;2.31;-0.91;-0.130
20250910;14.28;14.24;14.5;14.18;3580500;51232986;2.36;-0.35;-0.050
20250909;14.21;14.29;14.39;14.06;4869594;69292952;3.21;-0.07;-0.010
20250908;13.43;14.3;14.39;13.38;8124139;113114140;5.35;6.72;0.900
20250905;13.38;13.4;13.5;13.13;4421323;58890501;2.91;0.45;0.060
20250904;12.85;13.34;13.55;12.82;7105100;94022505;4.68;4.06;0.520
20250903;13.36;12.82;13.38;12.81;4672300;61138255;3.08;-3.39;-0.450
20250902;13.57;13.27;13.63;13.07;4804300;63757866;3.16;-1.7;-0.230
20250901;13.37;13.5;13.72;13.33;4315500;58380226;2.84;0.37;0.050
20250829;13.73;13.45;13.76;13.41;3905400;52818792;2.57;-2.11;-0.290
20250828;14.03;13.74;14.26;13.27;6540100;89735326;4.31;-2.14;-0.300
20250827;14.72;14.04;14.9;14.0;8927600;128142424;5.88;-5.14;-0.760
20250826;14.8;14.8;14.91;14.6;3584600;53013296;2.36;0.27;0.040
20250825;14.64;14.76;14.89;14.56;5204800;76815549;3.43;0.96;0.140
20250822;14.81;14.62;14.95;14.53;3599600;52775532;2.37;-1.22;-0.180
20250821;14.63;14.8;14.89;14.62;3751900;55422309;2.47;1.16;0.170
20250820;14.69;14.63;14.73;14.55;3429500;50116437;2.26;-0.2;-0.030
20250819;14.66;14.66;14.78;14.53;3706200;54243614;2.44;0.69;0.100
20250818;14.38;14.56;14.96;14.31;5406200;78918476;3.56;2.32;0.330
20250815;14.12;14.23;14.33;14.03;3374199;47928622;2.22;0.99;0.140
20250814;14.48;14.09;14.53;14.01;3389400;48307798;2.23;-2.42;-0.350
20250813;14.49;14.44;14.67;14.37;3108307;45030433;2.05;-0.21;-0.030
20250812;14.58;14.47;14.64;14.38;2718600;39430639;1.79;-0.75;-0.110
20250811;14.36;14.58;14.7;14.25;4225500;61378318;2.78;2.17;0.310
20250808;14.38;14.27;14.38;14.03;3401500;48215794;2.24;-0.76;-0.110
20250807;14.56;14.38;14.56;14.34;2705800;39083078;1.78;-0.62;-0.090
20250806;14.37;14.47;14.6;14.26;4266400;61623150;2.81;0.28;0.040
20250805;14.34;14.43;14.49;14.31;3318400;47814543;2.18;0.7;0.100
20250804;14.1;14.33;14.55;13.78;6083800;87032047;4.01;2.07;0.290
20250801;13.64;14.04;14.05;13.6;4183738;58150907;2.75;2.93;0.400
20250731;14.13;13.64;14.21;13.62;4330600;60053039;2.85;-3.67;-0.520
20250730;14.16;14.16;14.27;13.97;2337800;32981184;1.54;0.0;0.000
20250729;14.28;14.16;14.35;13.97;3332000;47015425;2.19;-0.84;-0.120
20250728;14.14;14.28;14.5;14.04;4345426;62039143;2.86;1.06;0.150
20250725;14.01;14.13;14.29;13.87;3649826;51365116;2.4;1.0;0.140
20250724;13.87;13.99;14.03;13.87;3429800;47808415;2.26;0.79;0.110
20250723;14.15;13.88;14.23;13.86;4363400;61284741;2.87;-2.32;-0.330
20250722;14.3;14.21;14.35;14.05;3137900;44418041;2.07;0.07;0.010
20250721;13.84;14.2;14.33;13.84;4949300;69996650;3.26;2.97;0.410
20250718;13.9;13.79;13.96;13.68;3919700;53957223;2.58;-0.65;-0.090
20250717;14.0;13.88;14.08;13.83;4180400;58075472;2.75;-0.86;-0.120
20250716;14.06;14.0;14.36;13.98;6083458;85763188;4.01;-0.5;-0.070
20250715;14.66;14.07;14.93;13.7;17862070;256922081;11.76;-5.06;-0.750
20250714;14.11;14.82;14.9;14.0;6857326;99899570;4.51;4.73;0.670
20250711;14.0;14.15;14.26;13.73;4466100;62532324;2.94;1.43;0.200
20250710;13.95;13.95;14.05;13.7;4267600;59241627;2.81;0.5;0.070
20250709;13.8;13.88;14.0;13.77;3728700;51748680;2.46;0.58;0.080
20250708;13.76;13.8;13.82;13.66;2509505;34518599;1.65;0.15;0.020
20250707;13.57;13.78;13.86;13.57;3674600;50510110;2.42;0.88;0.120
20250704;13.68;13.66;13.83;13.58;2950000;40432711;1.94;-0.65;-0.090
20250703;13.65;13.75;13.79;13.6;2666400;36599984;1.76;0.88;0.120
20250702;13.43;13.63;13.68;13.28;3257200;44049562;2.14;1.04;0.140
20250701;13.49;13.49;13.67;13.28;3071500;41200415;2.05;0.07;0.010
20250630;13.3;13.48;13.58;13.19;3231800;43265554;2.15;2.12;0.280
20250627;13.05;13.2;13.27;13.05;2961500;39087200;1.97;1.3;0.170
20250626;13.28;13.03;13.28;13.02;3475800;45620050;2.32;-1.51;-0.200
20250625;12.99;13.23;13.29;12.89;4827495;63143267;3.22;2.0;0.260
20250624;13.03;12.97;13.22;12.82;5982700;77599100;3.99;-0.08;-0.010
20250623;12.88;12.98;13.04;12.75;2882137;37189390;1.92;0.08;0.010
20250620;13.16;12.97;13.31;12.89;3293700;42849886;2.2;-1.59;-0.210
20250619;13.55;13.18;13.55;13.1;3199537;42465449;2.13;-2.37;-0.320
20250618;13.8;13.5;14.15;13.35;6849500;92814393;4.57;-2.39;-0.330
20250617;14.22;13.83;14.23;13.71;3711121;51653898;2.47;-2.33;-0.330
20250616;13.71;14.16;14.29;13.56;6090500;85588851;4.06;4.66;0.630
20250613;14.04;13.53;14.04;13.5;3948800;53934827;2.63;-3.97;-0.560
20250612;14.03;14.09;14.13;13.85;3410000;47590059;2.27;0.57;0.080
20250611;14.09;14.01;14.28;13.96;3204700;45260167;2.14;-0.28;-0.040
20250610;14.25;14.05;14.3;13.78;3642200;51063625;2.43;-1.61;-0.230
20250609;14.29;14.28;14.48;14.09;2947100;41972116;1.97;0.92;0.130
20250606;14.24;14.15;14.35;14.03;2168800;30675511;1.45;-0.63;-0.090
20250605;14.45;14.24;14.49;14.04;4294900;60856934;2.86;-1.45;-0.210
20250604;14.31;14.45;14.53;14.18;4408800;63231554;2.94;0.56;0.080
20250603;13.58;14.37;14.78;13.52;7825582;112467438;5.22;4.89;0.670
20250530;13.85;13.7;13.99;13.6;3293900;45382317;2.2;-1.58;-0.220
20250529;13.96;13.92;14.15;13.7;4092782;57113092;2.73;-0.22;-0.030
20250528;13.99;14.3;14.53;13.92;5303800;75484800;3.54;2.73;0.380
20250527;14.08;13.92;14.26;13.82;3718201;51878972;2.48;-1.69;-0.240
20250526;13.43;14.16;14.7;13.43;7236731;102073482;4.83;5.44;0.730
20250523;13.75;13.43;13.89;13.43;2819400;38500659;1.88;-1.97;-0.270
20250522;14.03;13.7;14.12;13.66;2541000;35155007;1.69;-2.42;-0.340
20250521;14.26;14.04;14.3;13.91;2369800;33294901;1.58;-1.34;-0.190
20250520;14.09;14.23;14.3;13.86;3178700;44886849;2.12;1.5;0.210
20250519;13.89;14.02;14.22;13.7;3283900;45812115;2.19;1.67;0.230
20250516;13.87;13.79;13.96;13.77;2050500;28398311;1.37;0.15;0.020
20250515;13.85;13.77;13.95;13.6;2247901;30921276;1.5;-0.58;-0.080
20250514;14.05;13.85;14.1;13.71;2595500;35902502;1.73;-1.49;-0.210
20250513;14.43;14.06;14.45;14.0;3045601;43171999;2.03;-1.33;-0.190
20250512;14.32;14.25;14.34;14.11;2451400;34824175;1.63;0.64;0.090
20250509;14.29;14.16;14.45;14.08;2591200;36794281;1.73;-1.32;-0.190
20250508;14.11;14.35;14.47;14.02;2329400;33349169;1.55;0.77;0.110
20250507;14.22;14.24;14.38;13.97;3504500;49710535;2.34;0.99;0.140
20250506;13.95;14.1;14.11;13.82;3438900;47994403;2.29;3.68;0.500
20250430;13.36;13.6;13.8;13.16;3720700;50640474;2.48;2.87;0.380
20250429;13.0;13.22;13.4;12.99;3865500;51274104;2.58;1.85;0.240
20250428;13.3;12.98;13.38;12.56;5371200;69517500;3.58;-3.06;-0.410
20250425;13.7;13.39;13.77;13.21;4642501;62069152;3.1;-2.26;-0.310
20250424;14.02;13.7;14.1;13.6;2318400;31957928;1.55;-1.93;-0.270
20250423;13.83;13.97;14.09;13.8;2351900;32861760;1.57;1.38;0.190
20250422;13.85;13.78;13.97;13.69;2011200;27686685;1.34;-1.36;-0.190
20250421;13.69;13.97;14.0;13.54;2303100;31961148;1.54;2.12;0.290
20250418;13.95;13.68;13.95;13.45;2479782;33783222;1.65;-1.51;-0.210
20250417;13.7;13.89;14.09;13.57;2882559;40170571;1.92;1.39;0.190
20250416;14.2;13.7;14.28;13.46;3553741;48979854;2.37;-3.72;-0.530
20250415;14.49;14.23;14.56;14.07;3024700;43070862;2.02;-1.86;-0.270
20250414;13.84;14.5;14.59;13.84;5514241;79568855;3.68;5.84;0.800
20250411;14.18;13.7;14.3;13.69;6734079;94510456;4.49;-3.39;-0.480
20250410;14.3;14.18;14.69;14.18;4766900;68841695;3.18;1.79;0.250
20250409;13.89;13.93;14.22;13.01;7799809;107531172;5.2;-2.52;-0.360
20250408;14.7;14.29;15.28;13.89;6422642;92377831;4.28;-6.48;-0.990
20250407;16.36;15.28;16.37;15.28;3260000;51011790;2.17;-10.01;-1.700
20250403;17.3;16.98;17.3;16.85;1743800;29578553;1.16;-1.05;-0.180
20250402;16.24;17.16;17.2;16.2;4689414;79212490;3.13;5.6;0.910
20250401;16.36;16.25;16.66;16.22;1727200;28329842;1.16;-0.67;-0.110
20250331;16.2;16.36;16.53;15.87;3072500;49869118;2.05;0.99;0.160
20250328;16.34;16.2;16.62;15.96;4094300;66602846;2.74;-0.43;-0.070
20250327;16.53;16.27;16.55;16.09;2189800;35604808;1.46;-1.39;-0.230
20250326;16.0;16.5;16.96;15.59;6590800;107442374;4.41;5.3;0.830
20250325;16.36;15.67;16.36;15.46;6369700;99805686;4.26;-3.27;-0.530
20250324;17.15;16.2;17.2;15.88;6085721;99737302;4.07;-5.7;-0.980
20250321;17.49;17.18;17.5;17.05;2547921;43880621;1.7;-1.72;-0.300
20250320;17.41;17.48;17.65;17.39;1629400;28493637;1.09;-0.11;-0.020
20250319;17.6;17.5;17.74;17.41;2223500;38998923;1.49;-0.91;-0.160
20250318;17.83;17.66;17.9;17.56;2718500;48096643;1.82;-0.23;-0.040
20250317;18.05;17.7;18.05;17.47;3593726;63533969;2.4;-1.67;-0.300
20250314;17.62;18.0;18.14;17.5;3218728;57403780;2.15;2.1;0.370
20250313;18.06;17.63;18.19;17.44;3082921;54824780;2.06;-3.34;-0.610
20250312;18.0;18.24;18.59;17.94;4121600;75016985;2.76;1.33;0.240
20250311;17.74;18.0;18.06;17.37;4005400;71010295;2.68;1.29;0.230
20250310;17.93;17.77;18.04;17.55;3875000;68877773;2.59;-0.84;-0.150
20250307;18.09;17.92;18.4;17.8;2592900;46946377;1.73;-1.59;-0.290
20250306;18.31;18.21;18.47;17.59;5568900;100533555;3.72;-0.6;-0.110
20250305;17.94;18.32;18.32;17.62;4066100;73149469;2.72;2.69;0.480
20250304;17.77;17.84;17.98;17.5;3455900;61345870;2.31;0.22;0.040
20250303;17.6;17.8;18.07;17.6;3223459;57371332;2.16;0.45;0.080
20250228;18.46;17.72;18.46;17.66;3166221;56921522;2.12;-4.16;-0.770
20250227;18.23;18.49;18.88;18.12;4189100;77328820;2.8;1.09;0.200
20250226;18.31;18.29;18.54;18.03;4129000;75363934;2.76;-0.33;-0.060
20250225;18.6;18.35;18.88;18.23;5506900;101993475;3.68;-2.86;-0.540
20250224;18.98;18.89;19.35;18.5;5208800;98588108;3.48;-1.15;-0.220
20250221;19.61;19.11;19.8;19.0;6635578;128736726;4.44;-2.85;-0.560
20250220;18.75;19.67;20.08;18.62;8199726;158552243;5.48;4.02;0.760
20250219;18.8;18.91;19.35;18.54;6561200;123773160;4.39;0.64;0.120
20250218;18.51;18.79;18.87;18.39;6812582;127074714;4.56;1.46;0.270
20250217;17.4;18.52;18.97;17.01;8736100;158223148;5.84;5.89;1.030
20250214;17.55;17.49;17.88;17.31;4400682;77459539;2.94;-1.74;-0.310
20250213;18.09;17.8;18.16;17.62;3413100;61010624;2.28;-1.6;-0.290
20250212;17.75;18.09;18.37;17.68;7032700;126968161;4.7;1.8;0.320
20250211;18.02;17.77;18.05;17.36;4273300;75473256;2.86;-1.33;-0.240
20250210;17.48;18.01;18.04;17.28;5681957;100698776;3.8;2.39;0.420
20250207;18.37;17.59;18.4;17.31;8814282;156076309;5.89;-3.72;-0.680
20250206;18.06;18.27;18.41;18.01;4416518;80448693;2.95;0.55;0.100
20250205;17.5;18.17;18.4;17.28;4662700;83900485;3.12;4.31;0.750
20250127;17.37;17.42;17.96;17.13;3814800;66966161;2.55;1.22;0.210
20250124;17.2;17.21;17.48;16.98;3103297;53459929;2.08;0.06;0.010
20250123;17.51;17.2;17.8;17.19;3976700;69621463;2.66;-1.32;-0.230
20250122;18.0;17.43;18.12;17.31;5228300;92405638;3.5;-3.91;-0.710
20250121;17.52;18.14;18.31;17.3;7007000;124689332;4.69;4.01;0.700
20250120;17.77;17.44;18.01;17.36;4617885;81582639;3.09;-1.64;-0.290
20250117;17.0;17.73;18.21;16.87;8464485;150636897;5.66;3.99;0.680
20250116;16.93;17.05;17.35;16.7;5151700;87821579;3.45;0.71;0.120
20250115;16.84;16.93;17.31;16.67;4809300;81738685;3.22;0.53;0.090
20250114;16.32;16.84;17.02;16.21;6454200;107616031;4.32;4.53;0.730
20250113;16.41;16.11;16.5;15.67;3619100;58392195;2.42;-2.78;-0.460
20250110;17.11;16.57;17.37;16.57;4469800;75711870;2.99;-3.16;-0.540
20250109;16.85;17.11;17.98;16.7;6868400;118718645;4.59;1.54;0.260
20250108;17.0;16.85;17.15;16.33;5545800;93067470;3.71;-0.65;-0.110
20250107;16.08;16.96;16.96;15.86;6914800;113685035;4.62;6.2;0.990
20250106;16.2;15.97;16.66;15.59;6838600;111070313;4.57;0.0;0.000
20250103;17.05;15.97;17.17;15.8;8608716;141691230;5.76;-6.99;-1.200
20250102;17.77;17.17;17.88;16.93;7777516;134602512;5.2;-3.65;-0.650