20251022;12.04;11.83;12.04;11.82;9181050;109063052;1.69;-1.17;-0.140
20251021;11.78;11.97;12.0;11.77;10146039;120851744;1.87;1.1;0.130
20251020;11.83;11.84;11.92;11.69;13445912;158693933;2.47;0.17;0.020
20251017;12.15;11.82;12.22;11.79;17967835;215140073;3.31;-3.04;-0.370
20251016;12.48;12.19;12.51;12.15;17895603;219551467;3.29;-2.4;-0.300
20251015;12.79;12.49;12.9;12.36;27557376;345079831;5.07;-3.18;-0.410
20251014;12.76;12.9;13.28;12.57;46508297;604606292;8.56;2.95;0.370
20251013;12.18;12.53;12.61;12.05;25199156;311650280;4.64;-0.63;-0.080
20251010;12.6;12.61;12.84;12.25;35425435;446754333;6.52;-2.7;-0.350
20251009;12.8;12.96;13.2;12.51;59343840;766215382;10.92;1.25;0.160
20250930;13.5;12.8;13.88;12.62;77281027;1005572915;14.22;-5.19;-0.700
20250929;12.88;13.5;13.5;12.81;19368297;257319644;3.56;10.02;1.230
20250926;11.5;12.27;12.27;11.35;54975847;656208251;10.12;10.04;1.120
20250925;10.91;11.15;11.43;10.89;22236553;248059382;4.09;1.92;0.210
20250924;10.93;10.94;10.96;10.78;12001298;130644686;2.21;-0.18;-0.020
20250923;11.01;10.96;11.04;10.62;15865273;171786263;2.92;0.27;0.030
20250922;11.16;10.93;11.2;10.85;14946373;163631688;2.75;-2.32;-0.260
20250919;11.4;11.19;11.62;11.15;18554449;209758544;3.41;-1.32;-0.150
20250918;11.64;11.34;11.84;11.23;35364396;408655907;6.51;-2.99;-0.350
20250917;11.7;11.69;11.92;11.34;46016305;532172047;8.47;-1.1;-0.130
20250916;11.24;11.82;12.25;11.23;61294415;732021974;11.28;6.1;0.680
20250915;11.18;11.14;11.25;11.0;19084020;211999541;3.51;-0.54;-0.060
20250912;11.34;11.2;11.51;11.06;42481369;475749055;7.82;-2.27;-0.260
20250911;10.58;11.46;11.46;10.53;45021658;509205604;8.28;9.98;1.040
20250910;10.34;10.42;10.47;10.26;6341540;65822869;1.17;0.77;0.080
20250909;10.45;10.34;10.52;10.26;8631880;89556286;1.59;-1.05;-0.110
20250908;9.99;10.45;10.54;9.98;12925980;133583413;2.38;4.6;0.460
20250905;9.94;9.99;10.01;9.86;4944721;49231800;0.91;0.91;0.090
20250904;9.82;9.9;10.04;9.75;8002580;79280086;1.47;1.12;0.110
20250903;9.99;9.79;9.99;9.77;4922668;48620834;0.91;-1.61;-0.160
20250902;10.08;9.95;10.1;9.78;9842050;97496165;1.81;-0.9;-0.090
20250901;10.17;10.04;10.24;10.01;5658680;57062018;1.04;-0.2;-0.020
20250829;10.12;10.06;10.22;10.05;6059060;61358386;1.11;-0.59;-0.060
20250828;10.15;10.12;10.24;9.82;9709114;97537302;1.79;0.2;0.020
20250827;10.45;10.1;10.45;10.1;10667240;109672999;1.96;-3.72;-0.390
20250826;10.5;10.49;10.54;10.41;6318620;66248409;1.16;-0.1;-0.010
20250825;10.37;10.5;10.53;10.37;9132549;95619749;1.68;1.25;0.130
20250822;10.37;10.37;10.41;10.23;6100661;62945638;1.12;0.29;0.030
20250821;10.33;10.34;10.46;10.29;6136557;63654805;1.13;0.1;0.010
20250820;10.22;10.33;10.33;10.16;5709127;58548199;1.05;0.98;0.100
20250819;10.27;10.23;10.3;10.18;5322440;54495928;0.98;-0.39;-0.040
20250818;10.31;10.27;10.38;10.22;9252740;95393551;1.7;-0.39;-0.040
20250815;10.2;10.31;10.36;10.2;6110882;62813156;1.12;0.78;0.080
20250814;10.54;10.23;10.54;10.19;10475610;108353952;1.93;-2.85;-0.300
20250813;10.6;10.53;10.65;10.5;8487521;89621552;1.56;0.1;0.010
20250812;10.52;10.52;10.62;10.44;6802700;71474686;1.25;0.1;0.010
20250811;10.52;10.51;10.56;10.37;9407962;98473598;1.73;0.38;0.040
20250808;10.31;10.47;10.5;10.26;9123516;94814740;1.68;1.36;0.140
20250807;10.24;10.33;10.55;10.18;10819827;111980616;1.99;0.88;0.090
20250806;10.25;10.24;10.3;10.14;7708360;78778605;1.42;-0.39;-0.040
20250805;10.27;10.28;10.33;10.18;6567895;67343233;1.21;0.78;0.080
20250804;10.36;10.2;10.36;10.08;10420525;105974952;1.92;-1.83;-0.190
20250801;10.05;10.39;10.41;10.01;15992442;164023463;2.94;4.0;0.400
20250731;10.4;9.99;10.42;9.95;12923960;130548657;2.38;-2.06;-0.210
20250730;10.1;10.2;10.4;10.06;11260781;115400846;2.07;0.99;0.100
20250729;10.07;10.1;10.13;9.94;8228820;82532625;1.51;-0.39;-0.040
20250728;10.22;10.14;10.28;10.07;8280980;83718024;1.52;-0.78;-0.080
20250725;10.26;10.22;10.33;10.15;7840700;80085329;1.44;-0.2;-0.020
20250724;10.1;10.24;10.3;10.01;10160700;103713379;1.87;0.69;0.070
20250723;9.97;10.17;10.34;9.96;19097980;195018998;3.51;1.8;0.180
20250722;10.01;9.99;10.05;9.89;13242497;132048748;2.44;0.2;0.020
20250721;9.72;9.97;9.97;9.7;13033200;128425787;2.4;3.21;0.310
20250718;9.58;9.66;9.67;9.55;5652381;54391706;1.04;0.94;0.090
20250717;9.58;9.57;9.65;9.54;6203701;59441026;1.14;0.21;0.020
20250716;9.65;9.55;9.7;9.45;9589020;91555730;1.76;-0.83;-0.080
20250715;9.8;9.63;10.01;9.6;16527920;161347007;3.04;-1.73;-0.170
20250714;9.32;9.8;9.85;9.31;22810090;220572603;4.2;5.04;0.470
20250711;9.33;9.33;9.4;9.27;6335640;59158272;1.17;-0.21;-0.020
20250710;9.27;9.35;9.35;9.25;5056598;47007306;0.93;0.75;0.070
20250709;9.27;9.28;9.38;9.24;6315380;58711564;1.16;0.11;0.010
20250708;9.22;9.27;9.27;9.19;5042900;46545647;0.93;0.43;0.040
20250707;9.15;9.23;9.24;9.1;4641600;42646091;0.85;0.87;0.080
20250704;9.23;9.15;9.25;9.13;4481541;41189654;0.82;-0.76;-0.070
20250703;9.19;9.22;9.23;9.16;3381120;31130479;0.62;0.0;0.000
20250702;9.18;9.22;9.23;9.15;6021140;55355458;1.11;0.44;0.040
20250701;9.21;9.18;9.23;9.11;4780900;43811478;0.88;-0.22;-0.020
20250630;9.18;9.2;9.24;9.15;5514830;50746981;1.01;0.44;0.040
20250627;9.1;9.16;9.2;9.1;4861100;44478914;0.89;0.88;0.080
20250626;9.08;9.08;9.12;9.06;4556161;41419486;0.84;0.0;0.000
20250625;9.1;9.08;9.1;9.03;4278480;38794477;0.79;0.11;0.010
20250624;8.88;9.07;9.08;8.86;6316159;56915428;1.16;2.37;0.210
20250623;8.8;8.86;8.88;8.73;3762500;33142416;0.69;0.34;0.030
20250620;8.8;8.83;8.91;8.79;3120100;27587618;0.57;0.34;0.030
20250619;8.94;8.8;8.96;8.78;4477400;39693919;0.82;-1.35;-0.120
20250618;8.94;8.92;8.96;8.88;2952625;26352696;0.54;-0.22;-0.020
20250617;9.04;8.94;9.05;8.91;4330840;38752413;0.8;-0.67;-0.060
20250616;9.06;9.15;9.24;9.04;4110670;37536144;0.76;1.1;0.100
20250613;9.2;9.05;9.24;9.04;5180200;47202683;0.95;-1.52;-0.140
20250612;9.24;9.19;9.24;9.16;3466964;31902684;0.64;-0.54;-0.050
20250611;9.17;9.24;9.3;9.15;3264069;30179628;0.6;0.98;0.090
20250610;9.35;9.15;9.36;9.06;7271071;66932905;1.34;-2.14;-0.200
20250609;9.33;9.35;9.36;9.31;3823964;35706518;0.7;0.11;0.010
20250606;9.3;9.34;9.42;9.29;4937500;46137353;0.91;0.54;0.050
20250605;9.34;9.29;9.36;9.25;3616600;33575660;0.67;0.0;0.000
20250604;9.18;9.29;9.31;9.15;4237794;39175581;0.78;1.42;0.130
20250603;9.18;9.16;9.24;9.15;4208607;38651103;0.77;-0.87;-0.080
20250530;9.27;9.24;9.31;9.22;4229160;39128143;0.78;-0.75;-0.070
20250529;9.29;9.31;9.33;9.21;4941720;45913376;0.91;0.54;0.050
20250528;9.25;9.26;9.33;9.22;3949900;36628261;0.73;0.43;0.040
20250527;9.23;9.22;9.28;9.14;4293800;39532043;0.79;-0.22;-0.020
20250526;9.24;9.24;9.27;9.1;7470400;68525003;1.37;0.22;0.020
20250523;9.34;9.22;9.4;9.22;4162400;38753483;0.77;-1.07;-0.100
20250522;9.45;9.32;9.45;9.3;4681586;43796528;0.86;-1.27;-0.120
20250521;9.53;9.44;9.53;9.41;4991200;47183321;0.92;-1.05;-0.100
20250520;9.51;9.54;9.54;9.44;4134778;39264354;0.76;0.53;0.050
20250519;9.44;9.49;9.56;9.32;6147220;58128336;1.13;0.53;0.050
20250516;9.55;9.44;9.6;9.41;7530100;71442551;1.39;-1.05;-0.100
20250515;9.86;9.54;9.87;9.52;11163000;107307514;2.05;-3.34;-0.330
20250514;9.94;9.87;9.96;9.83;8004861;79051916;1.47;-1.1;-0.110
20250513;10.0;9.98;10.1;9.94;8161794;81897583;1.5;0.3;0.030
20250512;9.82;9.95;10.12;9.76;10133494;100603920;1.86;2.26;0.220
20250509;10.0;9.73;10.05;9.72;9940400;97519992;1.83;-3.09;-0.310
20250508;9.84;10.04;10.26;9.77;13306800;133852571;2.45;1.62;0.160
20250507;9.82;9.88;9.99;9.76;11059162;109298395;2.04;1.23;0.120
20250506;9.65;9.76;9.76;9.63;9299220;90152782;1.71;1.14;0.110
20250430;10.0;9.65;10.06;9.65;15805862;154321132;2.91;-4.08;-0.410
20250429;9.92;10.06;10.12;9.83;7162824;71728454;1.32;1.51;0.150
20250428;10.12;9.91;10.12;9.9;9829130;97851755;1.81;-1.59;-0.160
20250425;10.25;10.07;10.26;10.06;10117260;102487087;1.86;-1.76;-0.180
20250424;10.45;10.25;10.49;10.12;15262597;156695152;2.81;-2.1;-0.220
20250423;10.22;10.47;10.77;9.95;23640349;244538024;4.35;2.25;0.230
20250422;9.9;10.24;10.29;9.84;17096929;172554275;3.15;3.23;0.320
20250421;9.86;9.92;9.93;9.7;8974600;87881925;1.65;0.2;0.020
20250418;9.94;9.9;9.96;9.79;3657260;36172052;0.67;0.0;0.000
20250417;9.82;9.9;10.0;9.8;5318500;52759588;0.98;0.0;0.000
20250416;10.24;9.9;10.24;9.77;9310700;92675526;1.71;-3.32;-0.340
20250415;10.1;10.24;10.35;10.07;9081504;92772536;1.67;1.69;0.170
20250414;10.12;10.07;10.3;10.03;9249620;93842260;1.7;1.51;0.150
20250411;9.7;9.92;10.09;9.54;11328436;112308980;2.08;1.43;0.140
20250410;9.83;9.78;10.13;9.76;13401182;132492255;2.47;-0.2;-0.020
20250409;9.27;9.8;9.94;8.8;15524366;145424681;2.86;2.51;0.240
20250408;9.75;9.56;10.0;9.24;18062060;173469235;3.32;-1.34;-0.130
20250407;10.22;9.69;10.44;9.69;16141600;161547249;2.97;-10.03;-1.080
20250403;10.52;10.77;10.88;10.41;20820840;222648981;3.83;1.13;0.120
20250402;10.21;10.65;10.81;10.07;22402438;235172134;4.12;3.7;0.380
20250401;10.45;10.27;10.5;10.26;11620514;120365684;2.14;-2.28;-0.240
20250331;10.37;10.51;10.6;10.09;16588071;172335080;3.05;1.15;0.120
20250328;10.52;10.39;10.6;10.34;11246120;117426510;2.07;-2.44;-0.260
20250327;10.83;10.65;10.84;10.55;17746200;189643528;3.27;-0.93;-0.100
20250326;10.73;10.75;10.87;10.52;18430941;196873706;3.39;-0.09;-0.010
20250325;10.72;10.76;10.98;10.4;23832812;254270299;4.39;-1.74;-0.190
20250324;10.2;10.95;10.99;10.18;36570977;389107060;6.73;6.62;0.680
20250321;10.24;10.27;10.44;10.16;15628434;161074777;2.88;-0.1;-0.010
20250320;9.93;10.28;10.37;9.92;17185843;175431027;3.16;3.21;0.320
20250319;10.08;9.96;10.1;9.92;7099120;70873766;1.31;-1.19;-0.120
20250318;10.11;10.08;10.16;10.01;7238400;72949743;1.33;-0.3;-0.030
20250317;10.08;10.11;10.23;10.07;8689250;88048361;1.6;0.5;0.050
20250314;9.91;10.06;10.13;9.82;9385014;93689562;1.73;1.11;0.110
20250313;10.3;9.95;10.33;9.84;13938546;139610306;2.56;-3.77;-0.390
20250312;10.23;10.34;10.46;10.15;16012867;164990216;2.95;1.27;0.130
20250311;10.13;10.21;10.21;10.06;8591690;87046578;1.58;-0.2;-0.020
20250310;10.3;10.23;10.33;10.08;10199497;103832076;1.88;0.49;0.050
20250307;10.2;10.18;10.31;10.1;15783397;160961007;2.9;-0.29;-0.030
20250306;10.25;10.21;10.29;10.11;18424085;187887083;3.39;0.2;0.020
20250305;10.24;10.19;10.35;10.07;18362540;186672177;3.38;-1.64;-0.170
20250304;10.3;10.36;10.4;10.0;29495352;300433925;5.43;-4.69;-0.510
20250303;10.07;10.87;11.08;10.05;53371979;562528033;9.82;7.94;0.800
20250228;9.15;10.07;10.07;9.14;19291547;190856888;3.55;10.05;0.920
20250227;9.23;9.15;9.29;9.02;6325710;57630503;1.16;-0.65;-0.060
20250226;9.09;9.21;9.26;9.09;6582692;60415352;1.21;1.1;0.100
20250225;9.32;9.11;9.35;9.09;9378000;86095087;1.72;-3.29;-0.310
20250224;9.22;9.42;9.65;9.22;10308319;97659262;1.9;1.62;0.150
20250221;9.36;9.27;9.39;9.18;8580911;79543895;1.58;-1.38;-0.130
20250220;9.54;9.4;9.54;9.33;10094607;94697625;1.86;-2.08;-0.200
20250219;9.47;9.6;9.64;9.33;14175151;135352734;2.61;1.27;0.120
20250218;9.9;9.48;9.9;9.32;17124189;164476395;3.15;0.42;0.040
20250217;10.0;9.44;10.0;9.27;14874716;140910512;2.74;3.17;0.290
20250214;9.47;9.15;9.51;9.07;8606200;79488168;1.58;-3.48;-0.330
20250213;9.58;9.48;9.61;9.47;3650170;34776291;0.67;-0.94;-0.090
20250212;9.38;9.57;9.57;9.38;4646230;44168790;0.85;1.38;0.130
20250211;9.49;9.44;9.5;9.25;5136330;48144559;0.94;-0.32;-0.030
20250210;9.34;9.47;9.48;9.32;4741790;44586696;0.87;1.72;0.160
20250207;9.2;9.31;9.39;9.18;6220040;57836211;1.14;0.87;0.080
20250206;9.13;9.23;9.23;9.02;4179807;38180807;0.77;0.54;0.050
20250205;9.23;9.18;9.3;9.09;4099240;37685731;0.75;0.0;0.000
20250127;9.05;9.18;9.44;9.05;6258969;58070508;1.15;1.32;0.120
20250124;9.11;9.06;9.15;9.01;3847020;34832261;0.71;-0.44;-0.040
20250123;9.18;9.1;9.3;9.09;5438400;49939221;1.0;-0.55;-0.050
20250122;9.35;9.15;9.35;9.05;6133822;56076721;1.13;-2.14;-0.200
20250121;9.39;9.35;9.44;9.24;3065818;28580567;0.57;0.0;0.000
20250120;9.22;9.35;9.46;9.17;4720800;44155579;0.87;2.07;0.190
20250117;9.17;9.16;9.25;9.1;3649620;33488717;0.67;-0.54;-0.050
20250116;9.29;9.21;9.45;9.17;4023260;37370848;0.74;0.22;0.020
20250115;9.18;9.19;9.3;9.06;3971341;36526771;0.73;0.11;0.010
20250114;8.83;9.18;9.19;8.79;5144480;46622168;0.95;4.44;0.390
20250113;8.76;8.79;8.89;8.6;3544500;31060704;0.65;-0.68;-0.060
20250110;9.1;8.85;9.17;8.85;5412540;48430690;1.0;-2.53;-0.230
20250109;9.1;9.08;9.18;9.02;2975000;27094820;0.55;-0.44;-0.040
20250108;9.13;9.12;9.21;8.8;5329300;48186923;0.98;-0.44;-0.040
20250107;8.99;9.16;9.16;8.89;6018340;54192288;1.11;2.35;0.210
20250106;9.11;8.95;9.22;8.86;7538420;68003106;1.39;-1.76;-0.160
20250103;9.52;9.11;9.64;8.98;7822830;72749335;1.44;-4.31;-0.410
20250102;9.81;9.52;9.96;9.2;6892400;66475874;1.27;-3.64;-0.360