20251022;11.15;11.2;11.25;11.1;19063949;213310970;1.49;0.09;0.010
20251021;10.99;11.19;11.2;10.93;32075545;356502721;2.5;2.1;0.230
20251020;10.98;10.96;11.06;10.91;22762540;249957372;1.77;0.37;0.040
20251017;11.14;10.92;11.24;10.91;33176620;367192918;2.59;-2.15;-0.240
20251016;11.31;11.16;11.38;11.07;34277493;383533765;2.67;-1.41;-0.160
20251015;11.22;11.32;11.34;11.11;23879211;268661957;1.86;0.89;0.100
20251014;11.41;11.22;11.65;11.2;36357173;414165546;2.83;-1.41;-0.160
20251013;11.15;11.38;11.39;10.86;36165699;405983516;2.82;-1.04;-0.120
20251010;11.64;11.5;11.65;11.46;28773695;332196187;2.24;-1.2;-0.140
20251009;11.56;11.64;11.69;11.53;31961937;371628642;2.49;0.95;0.110
20250930;11.43;11.53;11.63;11.43;26033323;300469861;2.03;0.96;0.110
20250929;11.41;11.42;11.5;11.23;31087962;353229467;2.42;0.09;0.010
20250926;11.6;11.41;11.64;11.41;30461393;350827874;2.37;-2.06;-0.240
20250925;11.67;11.65;11.83;11.65;29667800;347798752;2.31;-1.1;-0.130
20250924;11.46;11.78;11.79;11.41;34997400;407640314;2.73;1.73;0.200
20250923;11.95;11.58;11.97;11.35;59769326;691402908;4.66;-3.26;-0.390
20250922;11.92;11.97;11.99;11.87;31061543;370578303;2.42;-0.17;-0.020
20250919;12.05;11.99;12.19;11.94;39799936;479003348;3.1;-0.91;-0.110
20250918;12.23;12.1;12.49;12.0;73722172;904428115;5.75;-1.39;-0.170
20250917;12.43;12.27;12.43;12.23;40136484;494100435;3.13;-0.41;-0.050
20250916;12.12;12.32;12.32;12.11;36266156;442852472;2.83;1.32;0.160
20250915;12.25;12.16;12.27;12.13;32808410;399448289;2.56;-0.9;-0.110
20250912;12.45;12.27;12.46;12.25;53876192;664851758;4.2;-1.37;-0.170
20250911;12.25;12.44;12.5;12.07;67376417;829148773;5.25;2.47;0.300
20250910;12.07;12.14;12.3;12.06;38360934;467125059;2.99;0.58;0.070
20250909;12.35;12.07;12.35;12.03;41550316;505079790;3.24;-1.87;-0.230
20250908;12.22;12.3;12.4;12.1;52365186;640456405;4.08;0.74;0.090
20250905;12.03;12.21;12.22;11.88;45632540;551075920;3.56;1.75;0.210
20250904;12.15;12.0;12.41;11.81;61356943;745473911;4.78;-1.23;-0.150
20250903;12.66;12.15;12.72;12.11;58236095;721260403;4.54;-3.8;-0.480
20250902;13.1;12.63;13.14;12.5;75535182;962859238;5.89;-3.59;-0.470
20250901;13.18;13.1;13.27;13.02;53240025;698078053;4.15;-0.3;-0.040
20250829;13.23;13.14;13.37;13.06;69056160;910508578;5.38;-1.43;-0.190
20250828;13.14;13.33;13.46;12.75;114887354;1510406268;8.96;1.45;0.190
20250827;13.7;13.14;13.78;13.12;152938547;2059422790;11.92;-4.78;-0.660
20250826;13.88;13.8;14.02;13.67;141254276;1957833730;11.01;-2.47;-0.350
20250825;13.58;14.15;14.36;13.42;228577870;3158653400;17.82;4.27;0.580
20250822;13.35;13.57;13.86;13.19;183601989;2491489015;14.31;1.27;0.170
20250821;14.31;13.4;14.44;13.29;288328957;3969006399;22.48;-3.32;-0.460
20250820;12.61;13.86;13.86;12.57;154312404;2064140237;12.03;10.0;1.260
20250819;12.62;12.6;12.84;12.38;110607578;1393872027;8.62;0.24;0.030
20250818;12.26;12.57;12.65;12.21;107049302;1337122547;8.35;2.7;0.330
20250815;12.11;12.24;12.33;12.11;64024874;782593802;4.99;1.16;0.140
20250814;12.34;12.1;12.48;12.02;81977273;1002011486;6.39;-1.94;-0.240
20250813;11.98;12.34;12.44;11.97;131672576;1614087974;10.27;3.09;0.370
20250812;12.03;11.97;12.03;11.91;35811311;428526671;2.79;-0.5;-0.060
20250811;11.93;12.03;12.08;11.9;48587885;583452558;3.79;0.75;0.090
20250808;11.88;11.94;12.23;11.82;67794412;814098298;5.29;0.0;0.000
20250807;11.9;11.94;11.98;11.87;31880180;380280385;2.49;-0.08;-0.010
20250806;11.88;11.95;11.97;11.82;36860543;439608813;2.87;0.59;0.070
20250805;11.77;11.88;11.96;11.77;32970613;390727756;2.57;1.11;0.130
20250804;11.63;11.75;11.75;11.58;24046202;280871746;1.87;0.26;0.030
20250801;11.71;11.72;11.85;11.6;32207402;377261583;2.51;0.09;0.010
20250731;11.8;11.71;11.95;11.68;35930420;424238259;2.8;-1.18;-0.140
20250730;12.0;11.85;12.0;11.72;42696822;506351779;3.33;-1.41;-0.170
20250729;12.02;12.02;12.09;11.9;39354290;470756213;3.07;-0.5;-0.060
20250728;11.99;12.08;12.26;11.88;55242737;667852725;4.31;1.0;0.120
20250725;11.96;11.96;12.09;11.86;36247949;433071083;2.83;0.08;0.010
20250724;11.79;11.95;11.95;11.79;38086332;453058829;2.97;1.44;0.170
20250723;11.87;11.78;11.96;11.76;38248991;453327104;2.98;-1.26;-0.150
20250722;12.11;11.93;12.14;11.87;44911200;536801758;3.5;-1.0;-0.120
20250721;11.97;12.05;12.13;11.9;49055517;590075291;3.82;0.92;0.110
20250718;12.03;11.94;12.04;11.88;37620383;448797044;2.93;-0.67;-0.080
20250717;11.86;12.02;12.05;11.78;63194218;756387776;4.93;1.61;0.190
20250716;11.6;11.83;12.08;11.57;58439900;692253661;4.56;1.81;0.210
20250715;11.74;11.62;11.8;11.5;46688684;543068453;3.64;-1.02;-0.120
20250714;11.81;11.74;11.86;11.72;28820520;338699654;2.25;-0.84;-0.100
20250711;11.8;11.84;11.89;11.65;38916210;458846356;3.03;0.25;0.030
20250710;11.77;11.81;11.84;11.7;28427918;334655863;2.22;0.08;0.010
20250709;11.92;11.8;11.97;11.74;35164194;416866958;2.74;-1.01;-0.120
20250708;11.78;11.92;11.93;11.72;32806800;388865232;2.56;1.1;0.130
20250707;11.74;11.79;11.84;11.65;22619000;266144330;1.76;0.43;0.050
20250704;11.96;11.74;11.96;11.72;42997300;507560438;3.35;-1.84;-0.220
20250703;11.92;11.96;12.14;11.9;35825277;429711815;2.79;0.17;0.020
20250702;12.13;11.94;12.13;11.9;43620994;522818038;3.4;-1.73;-0.210
20250701;12.34;12.15;12.34;12.1;50339635;612506824;3.92;-1.3;-0.160
20250630;12.13;12.31;12.36;12.07;64982336;797920445;5.07;2.33;0.280
20250627;12.06;12.03;12.17;11.96;49550930;598066971;3.86;-0.41;-0.050
20250626;12.26;12.08;12.32;12.07;76300912;930196595;5.95;-1.39;-0.170
20250625;12.02;12.25;12.32;11.96;95661221;1163295685;7.46;1.83;0.220
20250624;11.87;12.03;12.07;11.84;69845115;837550855;5.45;0.84;0.100
20250623;11.64;11.93;11.95;11.61;60412881;716064892;4.71;1.79;0.210
20250620;11.93;11.72;12.07;11.7;65050219;768745670;5.07;-2.5;-0.300
20250619;12.51;12.02;12.62;11.97;112388302;1370045828;8.76;-4.83;-0.610
20250618;13.0;12.63;13.03;12.6;142950301;1825805874;11.14;-3.66;-0.480
20250617;12.36;13.11;13.63;12.1;231436220;2940064466;18.04;3.8;0.480
20250616;12.51;12.63;12.8;12.2;252167875;3160697295;19.66;0.96;0.120
20250613;11.38;12.51;12.51;11.38;148130001;1825223824;11.55;10.03;1.140
20250612;11.17;11.37;11.72;11.11;57203801;653567149;4.46;1.16;0.130
20250611;11.26;11.24;11.35;11.17;30176573;339671268;2.35;-0.27;-0.030
20250610;11.49;11.27;11.73;11.07;62824489;711593276;4.9;-1.91;-0.220
20250609;11.39;11.49;11.55;11.39;33274400;382461982;2.59;0.88;0.100
20250606;11.5;11.39;11.55;11.32;29205110;332818064;2.28;-0.96;-0.110
20250605;11.33;11.5;11.53;11.28;42554289;486959827;3.32;1.23;0.140
20250604;11.28;11.36;11.44;11.28;25384445;288445716;1.98;0.8;0.090
20250603;11.23;11.27;11.4;11.15;26657120;301102266;2.08;0.09;0.010
20250530;11.59;11.26;11.6;11.25;34449787;390350729;2.69;-2.85;-0.330
20250529;11.31;11.59;11.6;11.3;38619559;445207624;3.01;2.02;0.230
20250528;11.56;11.36;11.64;11.33;39313214;449225398;3.06;-1.82;-0.210
20250527;11.69;11.57;11.71;11.48;38668600;447596115;3.01;-1.53;-0.180
20250526;11.6;11.75;11.89;11.52;39657991;465132801;3.09;1.21;0.140
20250523;11.95;11.61;12.0;11.6;65454600;771527796;5.1;-3.81;-0.460
20250522;12.0;12.07;12.44;11.87;71245687;865786005;5.55;-0.25;-0.030
20250521;12.42;12.1;12.42;12.06;63415434;771717065;4.94;-2.65;-0.330
20250520;12.26;12.43;12.44;12.05;71423993;876521551;5.57;1.47;0.180
20250519;12.35;12.25;12.44;12.05;56095600;683863775;4.37;-0.81;-0.100
20250516;12.12;12.35;12.55;12.12;81626756;1010144024;6.36;1.06;0.130
20250515;12.42;12.22;12.44;12.21;57771791;708981657;4.5;-2.0;-0.250
20250514;12.69;12.47;12.73;12.31;80603678;1001028303;6.28;-0.24;-0.030
20250513;12.95;12.5;12.96;12.49;116129008;1467250665;9.05;-2.65;-0.340
20250512;12.94;12.84;13.0;12.58;149646449;1918036162;11.67;0.31;0.040
20250509;13.2;12.8;13.69;12.43;299288482;3894536846;23.33;-0.47;-0.060
20250508;11.65;12.86;12.86;11.61;138784858;1693109553;10.82;10.01;1.170
20250507;11.96;11.69;12.0;11.56;87802894;1027936446;6.85;-0.09;-0.010
20250506;11.28;11.7;11.73;11.25;95078593;1099150192;7.41;5.31;0.590
20250430;11.09;11.11;11.29;11.09;62691661;700819296;4.89;0.09;0.010
20250429;10.61;11.1;11.29;10.59;96377812;1061930636;7.52;-0.8;-0.090
20250428;11.5;11.19;11.6;11.16;91240941;1028765196;7.12;-3.62;-0.420
20250425;12.04;11.61;12.15;11.59;125996900;1480094935;9.83;-2.93;-0.350
20250424;12.51;11.96;12.89;11.85;167620085;2056546917;13.07;-4.47;-0.560
20250423;12.71;12.52;13.35;12.49;222144815;2872257627;17.32;-4.5;-0.590
20250422;13.23;13.11;13.99;12.8;353461199;4743152137;27.56;1.31;0.170
20250421;12.58;12.94;12.94;12.4;192963663;2453881812;15.05;10.03;1.180
20250418;10.65;11.76;11.76;10.65;113386605;1313040327;8.84;10.01;1.070
20250417;10.74;10.69;11.14;10.66;83588226;908897569;6.52;-2.73;-0.300
20250416;10.59;10.99;11.68;10.55;117809563;1301071186;9.19;3.0;0.320
20250415;10.75;10.67;10.79;10.55;30398169;323877370;2.37;-0.74;-0.080
20250414;10.63;10.75;10.96;10.63;42493400;458681883;3.31;2.48;0.260
20250411;10.25;10.49;10.6;10.22;47023920;491900160;3.67;1.25;0.130
20250410;10.24;10.36;10.56;10.24;63752148;664029972;4.97;2.78;0.280
20250409;9.5;10.08;10.18;8.8;87264795;840283865;6.81;3.7;0.360
20250408;9.57;9.72;10.1;9.36;89467839;865284705;6.98;-6.27;-0.650
20250407;10.84;10.37;10.84;10.37;25068200;263338119;1.95;-9.98;-1.150
20250403;11.53;11.52;11.75;11.4;34565214;400300463;2.7;-0.43;-0.050
20250402;11.52;11.57;11.69;11.46;24259220;280875299;1.89;0.43;0.050
20250401;11.52;11.52;11.62;11.44;25350510;292202834;1.98;0.44;0.050
20250331;11.58;11.47;11.58;11.25;44054240;502462846;3.44;-1.88;-0.220
20250328;11.9;11.69;11.94;11.67;28587190;336723117;2.23;-1.68;-0.200
20250327;11.86;11.89;11.98;11.66;35300365;418181741;2.75;0.08;0.010
20250326;11.98;11.88;11.99;11.85;26524638;315917834;2.07;-0.92;-0.110
20250325;11.95;11.99;12.13;11.85;35300782;423678667;2.75;0.33;0.040
20250324;12.25;11.95;12.28;11.64;57572478;686741598;4.49;-2.77;-0.340
20250321;12.57;12.29;12.65;12.25;49571511;613847459;3.87;-2.69;-0.340
20250320;12.72;12.63;12.86;12.6;36162495;459874643;2.82;-0.86;-0.110
20250319;12.94;12.74;12.94;12.71;35830757;457304873;2.79;-1.55;-0.200
20250318;13.0;12.94;13.04;12.85;37931900;490435853;2.96;-0.46;-0.060
20250317;12.93;13.0;13.09;12.89;46542890;605039594;3.63;1.33;0.170
20250314;12.7;12.83;12.86;12.56;50986484;650926928;3.98;1.5;0.190
20250313;12.95;12.64;12.96;12.48;62827216;798533700;4.9;-2.69;-0.350
20250312;13.04;12.99;13.16;12.97;50799520;662896057;3.96;-0.23;-0.030
20250311;12.9;13.02;13.04;12.85;38871344;503361867;3.03;-0.53;-0.070
20250310;13.16;13.09;13.18;13.0;39849323;520573604;3.11;-0.83;-0.110
20250307;13.47;13.2;13.47;13.1;71896201;954887826;5.61;-2.65;-0.360
20250306;13.23;13.56;13.68;13.2;95299086;1281619090;7.43;3.43;0.450
20250305;13.09;13.11;13.29;12.9;52979918;692127146;4.13;0.23;0.030
20250304;12.85;13.08;13.1;12.8;49165808;639288770;3.83;1.16;0.150
20250303;13.12;12.93;13.29;12.79;74583296;974385502;5.82;-2.12;-0.280
20250228;14.05;13.21;14.05;13.12;101961228;1383392167;7.95;-6.91;-0.980
20250227;14.21;14.19;14.61;14.0;98886213;1412361396;7.71;0.35;0.050
20250226;14.38;14.14;14.44;14.05;98355830;1394680316;7.67;-1.6;-0.230
20250225;14.2;14.37;14.76;14.16;131725106;1900030068;10.27;-1.84;-0.270
20250224;14.11;14.64;14.97;13.8;204013322;2923652742;15.91;3.76;0.530
20250221;13.88;14.11;14.3;13.6;127196093;1780110914;9.92;2.1;0.290
20250220;13.66;13.82;13.92;13.44;98617230;1356065191;7.69;1.17;0.160
20250219;13.42;13.66;13.74;13.35;82745072;1123891062;6.45;1.19;0.160
20250218;14.27;13.5;14.32;13.45;125894110;1741108234;9.82;-5.33;-0.760
20250217;14.19;14.26;14.65;14.09;123450450;1776327682;9.63;0.07;0.010
20250214;14.88;14.25;14.9;14.18;186427603;2681642941;14.54;-5.69;-0.860
20250213;14.79;15.11;15.59;14.38;263512276;3947214565;20.55;2.65;0.390
20250212;14.2;14.72;14.75;14.09;202909502;2938648595;15.82;5.07;0.710
20250211;14.49;14.01;14.78;14.0;201336598;2864715536;15.7;-3.91;-0.570
20250210;13.54;14.58;14.84;13.5;272055999;3880926644;21.22;8.08;1.090
20250207;12.95;13.49;13.8;12.88;179062802;2406483095;13.96;4.49;0.580
20250206;12.46;12.91;12.94;12.26;105284698;1342004304;8.21;3.61;0.450
20250205;11.96;12.46;12.65;11.96;104298338;1293077816;8.13;0.89;0.110
20250127;13.36;12.35;13.42;12.35;116328290;1477770846;9.07;-6.08;-0.800
20250124;12.99;13.15;13.38;12.88;165528202;2167165751;12.91;-1.79;-0.240
20250123;12.98;13.39;14.09;12.98;276473776;3802264789;21.56;4.53;0.580
20250122;13.04;12.81;13.08;12.76;64878043;837133803;5.06;-2.66;-0.350
20250121;13.44;13.16;13.55;13.0;85081320;1120764700;6.63;-1.64;-0.220
20250120;13.41;13.38;13.73;13.25;98797934;1330309936;7.7;-0.07;-0.010
20250117;13.48;13.39;13.58;13.22;75980317;1017628517;5.93;-0.67;-0.090
20250116;13.8;13.48;13.95;13.28;119106154;1620670939;9.29;-0.74;-0.100
20250115;13.92;13.58;14.17;13.45;170422356;2338682020;13.29;-2.44;-0.340
20250114;12.72;13.92;13.92;12.63;191044722;2598357251;14.9;10.04;1.270
20250113;12.49;12.65;12.82;12.21;67834559;851107660;5.29;-0.24;-0.030
20250110;13.42;12.68;13.54;12.68;106742113;1398429551;8.32;-6.07;-0.820
20250109;13.34;13.5;13.73;13.25;114711132;1546470367;8.95;1.2;0.160
20250108;13.1;13.34;13.49;12.68;153646536;2020630087;11.98;1.37;0.180
20250107;12.8;13.16;13.26;12.68;120567939;1561249121;9.4;3.87;0.490
20250106;12.86;12.67;13.15;12.56;123639233;1584617222;9.64;-3.43;-0.450
20250103;14.35;13.12;14.37;13.1;176210305;2394211937;13.74;-9.77;-1.420
20250102;14.24;14.54;14.99;14.24;199975217;2927221040;15.59;2.32;0.330