20251022;10.98;10.9;11.02;10.87;13983098;152828171;0.86;-1.36;-0.150
20251021;11.0;11.05;11.11;10.9;17724103;195555253;1.09;1.01;0.110
20251020;11.02;10.94;11.14;10.87;20854834;229024499;1.28;1.48;0.160
20251017;11.14;10.78;11.18;10.78;26766840;292884785;1.65;-3.66;-0.410
20251016;11.4;11.19;11.5;11.14;21137787;238263935;1.3;-0.89;-0.100
20251015;11.2;11.29;11.29;11.08;18164330;203464976;1.12;1.26;0.140
20251014;11.4;11.15;11.61;11.13;33782086;384573900;2.08;-1.5;-0.170
20251013;11.1;11.32;11.35;11.03;33852816;380603513;2.09;-3.5;-0.410
20251010;11.85;11.73;11.94;11.7;25354520;299155036;1.56;-2.09;-0.250
20251009;11.87;11.98;12.14;11.86;32020585;383342146;1.97;1.01;0.120
20250930;12.08;11.86;12.09;11.83;31607129;376762379;1.95;-1.98;-0.240
20250929;12.3;12.1;12.45;12.05;36730202;446668021;2.26;-0.33;-0.040
20250926;12.5;12.14;12.53;12.14;42839134;526549910;2.64;-2.65;-0.330
20250925;12.78;12.47;12.94;12.43;93892044;1184003738;5.78;-1.66;-0.210
20250924;11.5;12.68;12.68;11.39;97148130;1199483225;5.98;9.97;1.150
20250923;11.9;11.53;11.9;11.28;31072088;356508222;1.91;-1.11;-0.130
20250922;11.7;11.66;11.75;11.48;18154862;209948313;1.12;0.52;0.060
20250919;11.62;11.6;11.83;11.59;24523256;286898700;1.51;-0.17;-0.020
20250918;11.89;11.62;11.94;11.55;30750743;361778703;1.89;-2.27;-0.270
20250917;11.91;11.89;12.01;11.82;18602724;221751761;1.15;-0.34;-0.040
20250916;11.91;11.93;11.96;11.66;27728611;327814117;1.71;-0.25;-0.030
20250915;12.08;11.96;12.14;11.92;24225029;290253632;1.49;-1.16;-0.140
20250912;12.4;12.1;12.45;12.08;33532241;409325647;2.07;-2.1;-0.260
20250911;12.01;12.36;12.52;11.88;37612549;459506090;2.32;2.15;0.260
20250910;12.19;12.1;12.27;11.92;39383896;476816640;2.43;-1.94;-0.240
20250909;12.65;12.34;13.0;12.27;59801527;755245736;3.68;-0.96;-0.120
20250908;12.58;12.46;12.75;12.42;33988424;425915333;2.09;0.08;0.010
20250905;11.84;12.45;12.56;11.69;45301257;553757405;2.79;5.15;0.610
20250904;11.96;11.84;12.28;11.63;45787030;550706537;2.82;-1.09;-0.130
20250903;12.4;11.97;12.62;11.92;51302787;626980436;3.16;-5.08;-0.640
20250902;12.8;12.61;13.46;12.58;78434835;1017827374;4.83;-1.48;-0.190
20250901;12.72;12.8;12.96;12.6;50279517;643763403;3.1;1.59;0.200
20250829;12.88;12.6;12.9;12.42;41860161;526125027;2.58;0.16;0.020
20250828;12.52;12.58;12.7;12.12;55575991;690380291;3.42;-0.32;-0.040
20250827;13.05;12.62;13.31;12.6;76427305;995628589;4.71;-4.75;-0.630
20250826;13.24;13.25;13.71;12.75;102827537;1367504626;6.33;1.61;0.210
20250825;12.34;13.04;13.4;12.28;127792780;1645716724;7.87;5.76;0.710
20250822;12.18;12.33;12.48;12.06;58634363;717605328;3.61;0.9;0.110
20250821;12.6;12.22;12.78;12.2;66035239;823439057;4.07;0.41;0.050
20250820;12.3;12.17;12.36;12.03;43139333;524940160;2.66;-1.62;-0.200
20250819;12.43;12.37;12.48;12.14;78368251;963193895;4.83;-1.36;-0.170
20250818;12.22;12.54;12.58;11.99;89208207;1100374350;5.5;2.7;0.330
20250815;12.0;12.21;12.38;11.8;85408164;1035370811;5.26;0.08;0.010
20250814;11.61;12.2;12.38;11.61;118462411;1434792230;7.3;4.9;0.570
20250813;11.6;11.63;11.7;11.5;43084836;499843302;2.65;0.26;0.030
20250812;11.51;11.6;11.63;11.43;34807276;401684358;2.14;0.35;0.040
20250811;11.38;11.56;11.64;11.34;44337611;510654113;2.73;0.78;0.090
20250808;11.43;11.47;11.65;11.39;49925492;574898299;3.08;0.79;0.090
20250807;11.51;11.38;11.56;11.28;43937182;499768596;2.71;-1.22;-0.140
20250806;11.5;11.52;11.59;11.41;34961886;401641458;2.15;-0.26;-0.030
20250805;11.51;11.55;11.64;11.44;36138180;416684542;2.23;0.0;0.000
20250804;11.51;11.55;11.64;11.46;38111010;439234383;2.35;-1.11;-0.130
20250801;12.07;11.68;12.07;11.57;62337640;732712815;3.84;-3.95;-0.480
20250731;12.23;12.16;12.43;12.05;47533698;580495752;2.93;-1.14;-0.140
20250730;13.04;12.3;13.22;12.19;92554874;1163851054;5.7;-5.67;-0.740
20250729;13.02;13.04;13.34;12.66;72894539;942106256;4.49;-0.76;-0.100
20250728;12.68;13.14;13.3;12.55;69824668;912421308;4.3;2.9;0.370
20250725;12.96;12.77;13.28;12.76;71476167;927023396;4.4;-2.15;-0.280
20250724;12.9;13.05;13.23;12.83;78730744;1024101787;4.85;-0.46;-0.060
20250723;12.3;13.11;13.5;12.03;162944484;2087775184;10.04;4.88;0.610
20250722;12.25;12.5;12.56;12.21;78091012;969868811;4.81;1.13;0.140
20250721;12.12;12.36;12.55;12.11;75708549;933323268;4.66;-1.67;-0.210
20250718;12.8;12.57;13.03;12.45;83392876;1060900993;5.14;0.4;0.050
20250717;12.5;12.52;12.87;12.49;63815771;805026651;3.93;0.24;0.030
20250716;12.93;12.49;12.95;12.29;100142838;1252654451;6.17;-4.87;-0.640
20250715;13.26;13.13;13.36;12.82;80902885;1058425213;4.98;0.54;0.070
20250714;13.33;13.06;13.37;12.85;74804400;976771986;4.61;0.38;0.050
20250711;13.07;13.01;13.36;12.93;90169495;1182183434;5.55;1.01;0.130
20250710;13.3;12.98;13.47;12.81;128259242;1681404842;7.9;-4.07;-0.550
20250709;14.1;13.53;14.24;13.5;135328325;1862069513;8.34;-4.04;-0.570
20250708;13.92;14.1;14.35;13.7;164236212;2302624204;10.12;-2.02;-0.290
20250707;13.72;14.39;14.44;13.33;233524383;3244855262;14.39;4.28;0.590
20250704;13.02;13.8;14.16;12.85;251197126;3471989788;15.47;7.23;0.930
20250703;13.07;12.87;13.17;12.45;139699292;1793681996;8.61;0.23;0.030
20250702;14.37;12.84;14.61;12.84;202106542;2746702418;12.45;-9.96;-1.420
20250701;15.0;14.26;15.0;13.11;285630442;4027113354;17.6;2.37;0.330
20250630;13.84;13.93;13.93;13.58;44813095;620503618;2.76;10.03;1.270
20250627;12.21;12.66;13.15;12.02;186213192;2356519995;11.47;4.98;0.600
20250626;11.96;12.06;12.74;11.9;198327156;2446009501;12.22;1.6;0.190
20250625;11.04;11.87;12.09;11.04;181583035;2135689474;11.19;5.04;0.570
20250624;11.22;11.3;11.7;11.15;166296598;1887636763;10.24;0.98;0.110
20250623;10.5;11.19;11.39;10.5;195641712;2144506014;12.05;4.78;0.510
20250620;11.28;10.68;11.45;10.68;221771841;2420295006;13.66;-10.03;-1.190
20250619;14.2;11.87;14.2;11.66;314396350;3979648499;19.37;-8.41;-1.090
20250618;12.8;12.96;12.96;12.51;95131266;1221717980;5.86;10.02;1.180
20250617;11.78;11.78;11.78;11.78;11666026;137425786;0.72;9.99;1.070
20250616;10.71;10.71;10.71;10.51;57999503;620519755;3.57;9.96;0.970
20250613;9.74;9.74;9.74;9.74;20051437;195300996;1.24;10.06;0.890
20250612;8.59;8.85;9.22;8.45;73579390;643443529;4.53;2.67;0.230
20250611;8.66;8.62;8.77;8.48;44066090;379598107;2.71;-0.92;-0.080
20250610;8.89;8.7;8.95;8.62;73858821;648218602;4.55;-3.87;-0.350
20250609;8.6;9.05;9.28;8.53;94180931;836839760;5.8;6.22;0.530
20250606;8.45;8.52;8.9;8.39;82532766;713214387;5.08;-0.93;-0.080
20250605;8.53;8.6;9.0;8.5;111808837;977950998;6.89;3.86;0.320
20250604;7.98;8.28;8.37;7.91;76123177;618291465;4.69;3.89;0.310
20250603;8.17;7.97;8.3;7.9;73491302;592137523;4.53;0.89;0.070
20250530;8.56;7.9;8.61;7.89;115117843;950743142;7.09;-1.86;-0.150
20250529;7.32;8.05;8.05;7.28;57445759;445641691;3.54;9.97;0.730
20250528;7.33;7.32;7.44;7.29;19000522;139954184;1.17;0.27;0.020
20250527;7.18;7.3;7.46;7.16;26648110;195449892;1.64;1.67;0.120
20250526;7.02;7.18;7.22;7.0;12641817;90174168;0.78;2.28;0.160
20250523;7.15;7.02;7.18;7.02;11824919;84070034;0.73;-1.82;-0.130
20250522;7.28;7.15;7.3;7.15;11692522;84153492;0.72;-1.65;-0.120
20250521;7.23;7.27;7.37;7.23;11763210;86013959;0.72;0.14;0.010
20250520;7.2;7.26;7.26;7.2;9894800;71589581;0.61;0.83;0.060
20250519;7.19;7.2;7.22;7.16;7883144;56739127;0.49;0.14;0.010
20250516;7.21;7.19;7.25;7.18;8397501;60497887;0.52;-0.28;-0.020
20250515;7.3;7.21;7.3;7.2;10653041;77108728;0.66;-1.64;-0.120
20250514;7.34;7.33;7.35;7.24;11653383;84898195;0.72;-0.27;-0.020
20250513;7.4;7.35;7.43;7.32;14692800;108124081;0.91;0.41;0.030
20250512;7.29;7.32;7.32;7.24;13571470;98747278;0.84;1.1;0.080
20250509;7.27;7.24;7.27;7.17;14597303;105338443;0.9;-0.41;-0.030
20250508;7.27;7.27;7.32;7.23;13966600;101790205;0.86;-0.14;-0.010
20250507;7.37;7.28;7.41;7.23;17803800;130067817;1.1;-0.27;-0.020
20250506;7.21;7.3;7.33;7.18;18171400;131877486;1.12;1.96;0.140
20250430;7.23;7.16;7.32;7.15;22272670;161074455;1.37;-1.38;-0.100
20250429;7.15;7.26;7.38;7.12;38012370;276562092;2.34;4.31;0.300
20250428;7.05;6.96;7.07;6.91;13626200;94888851;0.84;-1.28;-0.090
20250425;6.89;7.05;7.08;6.89;19039501;133665450;1.17;2.32;0.160
20250424;6.9;6.89;6.98;6.86;12610801;87195058;0.78;-0.29;-0.020
20250423;6.91;6.91;6.98;6.87;11254103;77800055;0.69;0.14;0.010
20250422;6.95;6.9;7.0;6.86;11995100;82946797;0.74;-1.15;-0.080
20250421;6.92;6.98;6.98;6.89;10187100;70777306;0.63;1.75;0.120
20250418;6.91;6.86;6.92;6.78;9580700;65486169;0.59;-0.58;-0.040
20250417;6.95;6.9;7.0;6.9;9734300;67699323;0.6;-1.43;-0.100
20250416;7.02;7.0;7.04;6.86;13232001;92095020;0.82;-0.43;-0.030
20250415;7.12;7.03;7.13;6.97;12097301;84988397;0.75;-1.13;-0.080
20250414;7.1;7.11;7.19;7.06;16715770;118829720;1.03;2.16;0.150
20250411;6.86;6.96;7.01;6.82;13797644;95882258;0.85;0.72;0.050
20250410;6.96;6.91;7.08;6.88;21111675;147367512;1.3;0.88;0.060
20250409;6.67;6.85;6.9;6.34;27119972;180045171;1.67;0.74;0.050
20250408;6.83;6.8;6.98;6.67;31933374;217707540;1.97;-0.58;-0.040
20250407;7.2;6.84;7.27;6.84;25859310;180257353;1.59;-10.0;-0.760
20250403;7.5;7.6;7.64;7.48;14400500;109117867;0.89;0.13;0.010
20250402;7.68;7.59;7.7;7.56;15329593;116596203;0.94;-1.04;-0.080
20250401;7.58;7.67;7.85;7.58;20482278;158406529;1.26;1.32;0.100
20250331;7.53;7.57;7.65;7.45;19165610;144380899;1.18;-0.53;-0.040
20250328;7.87;7.61;7.89;7.61;27502767;212110679;1.69;-3.3;-0.260
20250327;8.11;7.87;8.26;7.85;37452901;300881725;2.31;-1.25;-0.100
20250326;7.78;7.97;8.14;7.71;35986552;285922804;2.22;2.31;0.180
20250325;7.81;7.79;7.89;7.76;21247124;166310398;1.31;-0.51;-0.040
20250324;7.93;7.83;7.98;7.65;27320665;212571381;1.68;-1.14;-0.090
20250321;8.0;7.92;8.2;7.9;33656397;270371962;2.07;-1.0;-0.080
20250320;8.1;8.0;8.18;7.97;44103047;355756597;2.72;-1.96;-0.160
20250319;8.12;8.16;8.32;8.03;67375503;552259393;4.15;1.49;0.120
20250318;7.82;8.04;8.18;7.82;50797664;407631900;3.13;3.08;0.240
20250317;7.89;7.8;7.89;7.77;17677639;138400392;1.09;-1.27;-0.100
20250314;7.82;7.9;7.9;7.75;20881000;164048033;1.29;0.51;0.040
20250313;7.94;7.86;7.99;7.76;22702537;178390124;1.4;-0.51;-0.040
20250312;7.69;7.9;8.04;7.67;42266918;334158487;2.6;2.33;0.180
20250311;7.51;7.72;7.79;7.47;23137901;176331744;1.43;1.85;0.140
20250310;7.69;7.58;7.72;7.54;14359026;109259384;0.88;-1.43;-0.110
20250307;7.79;7.69;7.81;7.66;18578901;143552215;1.14;-1.28;-0.100
20250306;7.49;7.79;7.9;7.45;34531902;266918207;2.13;4.42;0.330
20250305;7.53;7.46;7.53;7.37;12535502;93128592;0.77;-0.8;-0.060
20250304;7.46;7.52;7.55;7.45;11919276;89424964;0.73;0.0;0.000
20250303;7.58;7.52;7.65;7.5;14355837;108976487;0.88;-0.92;-0.070
20250228;7.78;7.59;7.81;7.56;17983300;138081111;1.11;-2.69;-0.210
20250227;7.93;7.8;7.95;7.7;17747846;138298085;1.09;-0.76;-0.060
20250226;7.79;7.86;7.88;7.76;17820208;139445127;1.1;0.77;0.060
20250225;7.81;7.8;7.88;7.71;20946880;163495850;1.29;-1.14;-0.090
20250224;7.69;7.89;8.1;7.64;46602440;367469191;2.87;2.6;0.200
20250221;7.64;7.69;7.7;7.6;17080840;130914985;1.05;0.92;0.070
20250220;7.75;7.62;7.75;7.58;14788300;112677022;0.91;-1.68;-0.130
20250219;7.72;7.75;7.78;7.64;16601570;127744923;1.02;0.39;0.030
20250218;7.96;7.72;8.03;7.67;19860100;155319860;1.22;-1.03;-0.080
20250217;7.77;7.8;7.84;7.75;15533170;121210457;0.96;0.39;0.030
20250214;7.78;7.77;7.84;7.73;13771860;107026686;0.85;-0.38;-0.030
20250213;7.83;7.8;7.89;7.79;16215100;127023995;1.0;-0.26;-0.020
20250212;7.74;7.82;7.83;7.68;15473098;120421877;0.95;1.69;0.130
20250211;7.78;7.69;7.81;7.59;18352100;140511658;1.13;-1.16;-0.090
20250210;7.7;7.78;7.84;7.66;24525000;190431436;1.51;2.1;0.160
20250207;7.5;7.62;7.7;7.47;21028001;159868007;1.3;1.46;0.110
20250206;7.36;7.51;7.51;7.3;17380901;129091285;1.07;1.76;0.130
20250205;7.4;7.38;7.48;7.32;12817100;94934284;0.79;0.27;0.020
20250127;7.34;7.36;7.45;7.32;12270300;90668986;0.76;0.55;0.040
20250124;7.25;7.32;7.35;7.18;11398600;82969451;0.7;0.97;0.070
20250123;7.23;7.25;7.44;7.23;17294678;126522297;1.07;0.69;0.050
20250122;7.19;7.2;7.24;7.15;8422300;60520759;0.52;-0.14;-0.010
20250121;7.37;7.21;7.41;7.12;12120000;87586519;0.75;-1.77;-0.130
20250120;7.28;7.34;7.51;7.28;12385291;91658452;0.76;1.1;0.080
20250117;7.22;7.26;7.28;7.19;9346235;67772346;0.58;0.41;0.030
20250116;7.25;7.23;7.37;7.19;11080100;80562741;0.68;0.0;0.000
20250115;7.34;7.23;7.35;7.2;12540900;90850919;0.77;-0.82;-0.060
20250114;7.16;7.29;7.3;7.11;13956494;100944166;0.86;2.53;0.180
20250113;7.05;7.11;7.16;6.95;9257100;65520123;0.57;-0.14;-0.010
20250110;7.36;7.12;7.4;7.12;15308613;110431568;0.94;-3.39;-0.250
20250109;7.44;7.37;7.5;7.26;16350600;120859118;1.01;0.68;0.050
20250108;7.37;7.32;7.4;7.17;17496880;127535012;1.08;-1.48;-0.110
20250107;7.44;7.43;7.51;7.28;18223270;134662632;1.12;-1.72;-0.130
20250106;7.4;7.56;7.69;7.29;27226432;205319756;1.68;4.71;0.340
20250103;7.43;7.22;7.49;7.19;21605032;158409532;1.33;-3.09;-0.230
20250102;7.76;7.45;7.79;7.39;23742586;180590135;1.46;-3.99;-0.310