20251022;3.47;3.73;3.84;3.47;432774458;1597754094;8.6;6.88;0.240
20251021;3.28;3.49;3.58;3.28;271337567;933523640;5.39;5.76;0.190
20251020;3.4;3.3;3.5;3.27;240359697;809346928;4.78;-2.37;-0.080
20251017;3.45;3.38;3.58;3.37;238538260;821680199;4.74;-3.15;-0.110
20251016;3.54;3.49;3.6;3.45;241806832;849450380;4.81;-1.69;-0.060
20251015;3.48;3.55;3.65;3.42;446440739;1564767372;8.87;-1.39;-0.050
20251014;4.2;3.6;4.36;3.6;880563017;3492668881;17.5;-9.09;-0.360
20251013;3.39;3.96;3.96;3.37;446211413;1716869318;8.87;10.0;0.360
20251010;3.66;3.6;3.67;3.5;211278144;756869249;4.2;-0.55;-0.020
20251009;3.6;3.62;3.69;3.53;337196014;1214155764;6.7;1.4;0.050
20250930;3.36;3.57;3.63;3.28;466970739;1640163750;9.28;8.18;0.270
20250929;3.29;3.3;3.33;3.2;190202574;620615892;3.78;1.54;0.050
20250926;3.31;3.25;3.38;3.24;257776727;852742968;5.12;-1.52;-0.050
20250925;3.54;3.3;3.58;3.29;249465665;843900281;4.96;-3.23;-0.110
20250924;3.35;3.41;3.47;3.29;238027256;804830624;4.73;2.4;0.080
20250923;3.42;3.33;3.45;3.21;246859561;814954607;4.91;-2.92;-0.100
20250922;3.45;3.43;3.49;3.26;276996326;938856547;5.51;-2.0;-0.070
20250919;3.62;3.5;3.65;3.41;248342952;868624061;4.94;-2.23;-0.080
20250918;3.66;3.58;3.75;3.51;295346960;1069833954;5.87;-1.38;-0.050
20250917;3.67;3.63;3.74;3.59;300544622;1099892662;5.97;-1.63;-0.060
20250916;3.59;3.69;3.7;3.46;469633102;1680946988;9.33;1.93;0.070
20250915;3.75;3.62;3.79;3.51;518997126;1895447499;10.32;-2.95;-0.110
20250912;3.44;3.73;3.73;3.39;554109763;2017066600;11.01;10.03;0.340
20250911;3.28;3.39;3.44;3.26;385809629;1294144639;7.67;3.35;0.110
20250910;3.2;3.28;3.38;3.14;638197328;2093956010;12.68;1.55;0.050
20250909;3.04;3.23;3.23;3.04;265128157;839095468;5.27;9.86;0.290
20250908;2.67;2.94;2.94;2.64;369462480;1054382784;7.34;10.11;0.270
20250905;2.58;2.67;2.72;2.58;259038277;685628764;5.15;4.71;0.120
20250904;2.7;2.55;2.72;2.44;359547166;923586286;7.15;-5.56;-0.150
20250903;2.83;2.7;2.85;2.68;273996809;752772234;5.45;-3.91;-0.110
20250902;2.78;2.81;2.97;2.76;587428192;1682567034;11.68;-0.71;-0.020
20250901;2.61;2.83;2.83;2.59;448256347;1255597796;8.91;10.12;0.260
20250829;2.58;2.57;2.64;2.5;289260269;743473370;5.75;-1.91;-0.050
20250828;2.55;2.62;2.78;2.52;561910779;1500374163;11.17;3.56;0.090
20250827;2.59;2.53;2.62;2.52;204772771;528387297;4.07;-1.94;-0.050
20250826;2.52;2.58;2.6;2.47;201854068;517020066;4.01;1.98;0.050
20250825;2.55;2.53;2.59;2.48;216559890;547656983;4.3;-0.39;-0.010
20250822;2.46;2.54;2.58;2.45;276237144;697006231;5.49;4.1;0.100
20250821;2.41;2.44;2.51;2.4;246184025;603443886;4.89;2.52;0.060
20250820;2.39;2.38;2.42;2.33;136198146;322786073;2.71;-0.42;-0.010
20250819;2.43;2.39;2.46;2.33;218189180;521468677;4.34;-1.65;-0.040
20250818;2.42;2.43;2.5;2.41;249813244;611935395;4.97;0.41;0.010
20250815;2.29;2.42;2.45;2.29;271395883;646472857;5.39;6.14;0.140
20250814;2.47;2.28;2.48;2.25;398299417;929304138;7.92;-8.8;-0.220
20250813;2.41;2.5;2.53;2.4;252867471;623447483;5.03;3.73;0.090
20250812;2.36;2.41;2.46;2.34;203056092;488764818;4.04;2.12;0.050
20250811;2.35;2.36;2.38;2.33;206431490;486542873;4.1;-0.84;-0.020
20250808;2.34;2.38;2.45;2.32;261553916;624953868;5.2;0.85;0.020
20250807;2.33;2.36;2.42;2.28;384940487;904380354;7.65;3.51;0.080
20250806;2.22;2.28;2.33;2.18;516423703;1158492181;10.26;2.24;0.050
20250805;2.02;2.23;2.23;2.0;522988530;1121804652;10.39;9.85;0.200
20250804;1.97;2.03;2.08;1.95;214709400;435024607;4.27;2.01;0.040
20250801;1.93;1.99;2.0;1.93;134813347;265467442;2.68;2.58;0.050
20250731;1.95;1.94;1.96;1.93;65175124;126668515;1.3;-1.02;-0.020
20250730;1.96;1.96;1.97;1.95;68446367;133967419;1.36;-0.51;-0.010
20250729;1.99;1.97;1.99;1.95;95026321;186590075;1.89;-0.51;-0.010
20250728;2.0;1.98;2.0;1.97;98919565;196039701;1.97;-1.0;-0.020
20250725;2.02;2.0;2.03;1.99;115550834;231875906;2.3;-1.48;-0.030
20250724;1.98;2.03;2.03;1.97;207086539;416687890;4.12;3.05;0.060
20250723;1.99;1.97;2.01;1.97;101845900;202564362;2.02;-1.01;-0.020
20250722;2.0;1.99;2.02;1.96;136234175;270682418;2.71;-1.0;-0.020
20250721;1.99;2.01;2.03;1.98;129164928;259347519;2.57;1.01;0.020
20250718;1.99;1.99;2.02;1.98;106299086;212244838;2.11;0.0;0.000
20250717;1.97;1.99;2.03;1.95;126433807;252032724;2.51;1.02;0.020
20250716;1.95;1.97;1.98;1.95;86651941;170290811;1.72;1.03;0.020
20250715;1.97;1.95;1.98;1.94;99890200;195027618;1.99;-1.52;-0.030
20250714;2.01;1.98;2.01;1.97;99305146;197279212;1.97;-1.49;-0.030
20250711;1.99;2.01;2.01;1.93;209560407;412110309;4.17;1.01;0.020
20250710;2.03;1.99;2.03;1.97;240310405;479279790;4.78;-2.45;-0.050
20250709;2.06;2.04;2.08;2.03;116954775;239318491;2.32;-1.45;-0.030
20250708;2.05;2.07;2.07;2.04;110836345;227452008;2.2;0.49;0.010
20250707;2.04;2.06;2.07;2.03;63535199;130370410;1.26;0.49;0.010
20250704;2.08;2.05;2.08;2.05;85250083;175893060;1.69;-1.91;-0.040
20250703;2.08;2.09;2.12;2.07;78322442;163920150;1.56;0.97;0.020
20250702;2.08;2.07;2.09;2.06;69488000;143954063;1.38;-0.96;-0.020
20250701;2.1;2.09;2.1;2.07;59487106;123928640;1.18;-0.48;-0.010
20250630;2.11;2.1;2.11;2.08;63572028;133138694;1.26;0.0;0.000
20250627;2.09;2.1;2.12;2.08;94282260;197935159;1.87;0.96;0.020
20250626;2.11;2.08;2.12;2.07;78828400;164880670;1.58;-1.42;-0.030
20250625;2.1;2.11;2.12;2.08;90256710;189718423;1.81;0.0;0.000
20250624;2.09;2.11;2.14;2.08;127605910;268888422;2.56;2.43;0.050
20250623;2.03;2.06;2.07;2.01;60410765;123569690;1.21;0.49;0.010
20250620;2.03;2.05;2.06;2.03;71811494;146827247;1.44;0.49;0.010
20250619;2.08;2.04;2.08;2.03;92058900;188700293;1.84;-1.45;-0.030
20250618;2.1;2.07;2.11;2.06;111155900;231017794;2.23;-2.82;-0.060
20250617;2.1;2.13;2.18;2.09;119836030;254758999;2.4;0.95;0.020
20250616;2.08;2.11;2.12;2.07;68169883;142907858;1.37;0.48;0.010
20250613;2.2;2.1;2.2;2.09;156340283;332407744;3.13;-4.55;-0.100
20250612;2.2;2.2;2.22;2.17;131672573;289008967;2.64;-0.45;-0.010
20250611;2.18;2.21;2.25;2.18;188856713;418457841;3.78;2.31;0.050
20250610;2.19;2.16;2.27;2.15;271648172;597895361;5.44;-1.82;-0.040
20250609;2.06;2.2;2.26;2.05;413993465;910347754;8.29;7.32;0.150
20250606;2.04;2.05;2.06;2.02;63309540;129448352;1.27;0.49;0.010
20250605;2.06;2.04;2.06;2.02;64993131;132164255;1.3;-0.49;-0.010
20250604;2.03;2.05;2.07;2.01;85303908;174249134;1.71;0.99;0.020
20250603;2.04;2.03;2.05;2.01;108297103;218447886;2.17;-1.46;-0.030
20250530;2.14;2.06;2.15;2.05;147414753;305798485;2.95;-3.74;-0.080
20250529;2.07;2.14;2.18;2.05;178407356;382525279;3.57;2.88;0.060
20250528;2.11;2.08;2.15;2.06;115668557;242996679;2.32;-0.95;-0.020
20250527;2.09;2.1;2.1;2.06;100647990;209564519;2.02;0.0;0.000
20250526;2.14;2.1;2.15;2.07;145795870;306063835;2.92;-3.23;-0.070
20250523;2.18;2.17;2.24;2.16;123068300;270958640;2.47;-0.46;-0.010
20250522;2.23;2.18;2.25;2.17;99538300;219728390;1.99;-2.68;-0.060
20250521;2.26;2.24;2.29;2.23;111720303;251572635;2.24;-1.75;-0.040
20250520;2.25;2.28;2.3;2.22;167445652;378600520;3.35;1.79;0.040
20250519;2.21;2.24;2.26;2.19;115505867;257894016;2.31;0.9;0.020
20250516;2.15;2.22;2.25;2.15;149801000;330761400;3.0;3.26;0.070
20250515;2.22;2.15;2.22;2.14;94627000;204897947;1.9;-2.71;-0.060
20250514;2.18;2.21;2.24;2.16;114995589;254377010;2.3;0.91;0.020
20250513;2.21;2.19;2.23;2.17;112926910;248799085;2.26;0.46;0.010
20250512;2.19;2.18;2.2;2.16;83994804;182731134;1.68;0.46;0.010
20250509;2.23;2.17;2.23;2.15;125572320;272695175;2.52;-2.69;-0.060
20250508;2.15;2.23;2.28;2.14;163414230;363753297;3.27;2.76;0.060
20250507;2.19;2.17;2.24;2.14;170667559;372928071;3.42;0.93;0.020
20250506;2.13;2.15;2.17;2.12;118141900;253002683;2.37;2.38;0.050
20250430;2.05;2.1;2.14;2.04;139235561;292218513;2.79;3.45;0.070
20250429;2.1;2.03;2.11;2.03;191821500;395626951;3.84;-5.58;-0.120
20250428;2.0;2.15;2.19;1.95;342978704;724463947;6.87;8.04;0.160
20250425;2.01;1.99;2.03;1.96;108690911;216269068;2.18;-1.0;-0.020
20250424;2.09;2.01;2.1;2.01;110451916;224847553;2.21;-3.37;-0.070
20250423;2.03;2.08;2.12;2.02;160470200;330393587;3.21;2.97;0.060
20250422;2.01;2.02;2.07;2.0;92635600;188051173;1.86;0.0;0.000
20250421;2.01;2.02;2.04;1.99;68845235;138773011;1.38;0.5;0.010
20250418;2.03;2.01;2.03;1.98;76705400;153295608;1.54;-0.99;-0.020
20250417;2.02;2.03;2.04;2.01;74891463;151741706;1.5;-0.49;-0.010
20250416;2.09;2.04;2.09;2.01;90301500;184358519;1.81;-1.92;-0.040
20250415;2.11;2.08;2.13;2.06;109573200;228775664;2.2;-2.35;-0.050
20250414;2.05;2.13;2.19;2.04;193439290;413104180;3.88;6.5;0.130
20250411;1.95;2.0;2.05;1.95;112710248;226107587;2.26;0.5;0.010
20250410;1.95;1.99;2.05;1.95;155359138;310985089;3.11;3.65;0.070
20250409;1.84;1.92;1.95;1.7;188735637;345197043;3.78;2.13;0.040
20250408;1.8;1.88;1.95;1.8;191645531;359736957;3.84;-6.0;-0.120
20250407;2.05;2.0;2.09;2.0;78365400;158119238;1.57;-9.91;-0.220
20250403;2.21;2.22;2.25;2.2;65253268;145313329;1.31;-0.45;-0.010
20250402;2.25;2.23;2.26;2.22;80600799;180250950;1.61;-1.76;-0.040
20250401;2.26;2.27;2.32;2.23;99719860;226684046;2.0;-0.44;-0.010
20250331;2.33;2.28;2.37;2.26;109178366;251970872;2.19;-0.87;-0.020
20250328;2.29;2.3;2.37;2.26;101599000;235591376;2.04;0.0;0.000
20250327;2.35;2.3;2.35;2.29;103828600;240408329;2.08;-3.36;-0.080
20250326;2.32;2.38;2.43;2.29;154545406;362131678;3.1;2.59;0.060
20250325;2.31;2.32;2.34;2.28;97985300;226600642;1.96;0.43;0.010
20250324;2.36;2.31;2.36;2.27;159568724;367314014;3.2;-2.94;-0.070
20250321;2.48;2.38;2.49;2.37;187871959;449825410;3.76;-4.03;-0.100
20250320;2.5;2.48;2.52;2.45;176543505;439102655;3.54;-3.5;-0.090
20250319;2.58;2.57;2.67;2.56;180402026;470054315;3.61;-0.39;-0.010
20250318;2.62;2.58;2.63;2.55;146296700;377134727;2.93;-1.9;-0.050
20250317;2.57;2.63;2.67;2.56;263615524;694468232;5.28;3.14;0.080
20250314;2.54;2.55;2.58;2.49;176647649;448358550;3.54;1.59;0.040
20250313;2.6;2.51;2.61;2.47;210670201;529797520;4.22;-4.2;-0.110
20250312;2.63;2.62;2.67;2.61;194834197;512229897;3.9;0.38;0.010
20250311;2.58;2.61;2.69;2.54;218261867;569014669;4.37;-1.88;-0.050
20250310;2.58;2.66;2.8;2.57;384869304;1033879085;7.71;3.91;0.100
20250307;2.64;2.56;2.67;2.54;278094990;720355174;5.57;-3.4;-0.090
20250306;2.69;2.65;2.73;2.63;288686791;769171380;5.78;-0.75;-0.020
20250305;2.68;2.67;2.76;2.63;371191350;994781331;7.44;-3.26;-0.090
20250304;2.61;2.76;2.85;2.59;656178112;1767715377;13.15;5.75;0.150
20250303;2.44;2.61;2.61;2.4;183408784;467981010;3.67;10.13;0.240
20250228;2.56;2.37;2.62;2.36;367332691;905889686;7.36;-7.42;-0.190
20250227;2.63;2.56;2.74;2.54;637199958;1677062296;12.77;-2.66;-0.070
20250226;2.3;2.63;2.63;2.27;698869796;1744850669;14.0;10.04;0.240
20250225;2.17;2.39;2.42;2.14;547316691;1285738795;10.96;8.64;0.190
20250224;2.16;2.2;2.27;2.16;206054546;457846672;4.13;1.38;0.030
20250221;2.18;2.17;2.19;2.11;146412592;314752232;2.99;-0.91;-0.020
20250220;2.19;2.19;2.21;2.13;134083240;290827349;2.74;0.0;0.000
20250219;2.16;2.19;2.2;2.14;109811996;239728647;2.24;1.39;0.030
20250218;2.31;2.16;2.32;2.16;224506700;498472908;4.59;-6.09;-0.140
20250217;2.23;2.3;2.35;2.21;244209615;561706690;4.99;3.14;0.070
20250214;2.26;2.23;2.35;2.22;209281980;476844486;4.28;-1.76;-0.040
20250213;2.28;2.27;2.33;2.26;175888533;403716572;3.6;-0.44;-0.010
20250212;2.25;2.28;2.29;2.24;129379398;292597981;2.64;1.33;0.030
20250211;2.33;2.25;2.37;2.24;155682814;352295712;3.18;-3.43;-0.080
20250210;2.29;2.33;2.33;2.26;185282600;425796976;3.79;3.56;0.080
20250207;2.19;2.25;2.29;2.18;215133231;484249081;4.4;2.74;0.060
20250206;2.11;2.19;2.21;2.05;184183643;392083194;3.77;3.3;0.070
20250205;2.07;2.12;2.15;2.05;132900155;279990043;2.72;3.92;0.080
20250127;2.11;2.04;2.13;2.04;88117500;182415720;1.8;-2.39;-0.050
20250124;2.07;2.09;2.12;2.03;124294532;258295565;2.54;-0.48;-0.010
20250123;2.15;2.1;2.22;2.1;150883490;325984305;3.08;-2.33;-0.050
20250122;2.18;2.15;2.19;2.13;93706102;201738233;1.92;-2.27;-0.050
20250121;2.27;2.2;2.28;2.17;119458970;263322521;2.44;-2.65;-0.060
20250120;2.3;2.26;2.3;2.23;102247800;231957734;2.09;0.44;0.010
20250117;2.27;2.25;2.28;2.22;101715101;228305531;2.08;-1.32;-0.030
20250116;2.26;2.28;2.36;2.24;167968368;386619280;3.43;1.33;0.030
20250115;2.29;2.25;2.31;2.22;154051500;347803908;3.15;-1.75;-0.040
20250114;2.13;2.29;2.32;2.13;220518205;493881121;4.51;8.53;0.180
20250113;2.12;2.11;2.15;2.08;118738531;250966747;2.43;-2.31;-0.050
20250110;2.27;2.16;2.28;2.16;153029300;339206809;3.13;-5.68;-0.130
20250109;2.25;2.29;2.34;2.23;153875150;352808123;3.15;0.88;0.020
20250108;2.25;2.27;2.28;2.18;174643686;390293400;3.57;-0.44;-0.010
20250107;2.16;2.28;2.32;2.15;210772804;475195008;4.31;6.54;0.140
20250106;2.19;2.14;2.23;2.1;150226765;324748051;3.07;-2.28;-0.050
20250103;2.35;2.19;2.38;2.18;210387335;469906490;4.3;-6.81;-0.160
20250102;2.39;2.35;2.45;2.33;161786283;385139259;3.31;-1.67;-0.040