20251022;22.9;22.93;23.07;22.78;1081600;24840175;1.64;0.04;0.010
20251021;22.72;22.92;22.96;22.72;1309600;29975207;1.99;0.48;0.110
20251020;22.55;22.81;22.81;22.41;918085;20796200;1.4;1.78;0.400
20251017;22.67;22.41;22.69;22.37;983403;22154580;1.5;-1.15;-0.260
20251016;22.56;22.67;22.76;22.48;1079500;24451048;1.64;0.35;0.080
20251015;22.44;22.59;22.61;22.43;856400;19311339;1.3;0.71;0.160
20251014;22.61;22.43;22.61;22.36;1170466;26305081;1.78;0.18;0.040
20251013;21.99;22.39;22.48;21.95;1202600;26810709;1.83;-0.22;-0.050
20251010;22.42;22.44;22.5;22.3;837897;18806283;1.27;0.18;0.040
20251009;22.35;22.4;22.42;22.19;749245;16739608;1.14;0.49;0.110
20250930;22.4;22.29;22.41;22.29;717100;16013333;1.09;-0.31;-0.070
20250929;22.51;22.36;22.51;22.1;923511;20649093;1.4;0.22;0.050
20250926;22.19;22.31;22.42;22.12;560100;12479537;0.85;0.09;0.020
20250925;22.53;22.29;22.57;22.21;783500;17537241;1.19;-0.93;-0.210
20250924;22.28;22.5;22.52;22.2;1061800;23828223;1.61;0.72;0.160
20250923;22.33;22.34;22.44;22.02;1705534;37755661;2.59;0.27;0.060
20250922;22.46;22.28;22.58;22.11;1070700;23820906;1.63;-0.71;-0.160
20250919;22.36;22.44;22.47;22.25;1001733;22399689;1.52;0.4;0.090
20250918;22.76;22.35;22.82;22.3;1496319;33776460;2.28;-1.8;-0.410
20250917;22.9;22.76;22.94;22.73;875210;19988587;1.33;-0.65;-0.150
20250916;22.69;22.91;22.93;22.61;1138969;25974602;1.73;0.53;0.120
20250915;22.89;22.79;23.02;22.68;931953;21224094;1.42;-0.57;-0.130
20250912;23.1;22.92;23.1;22.81;1052300;24123621;1.6;-0.3;-0.070
20250911;22.93;22.99;23.04;22.68;963520;22060127;1.47;0.26;0.060
20250910;22.97;22.93;22.99;22.77;961618;21995133;1.46;-0.17;-0.040
20250909;23.43;22.97;23.43;22.85;1489200;34293815;2.26;-0.26;-0.060
20250908;22.72;23.03;23.05;22.66;1688748;38728986;2.57;1.72;0.390
20250905;22.38;22.64;22.68;22.35;1316000;29737124;2.0;1.07;0.240
20250904;22.23;22.4;22.55;22.23;1304560;29246037;1.98;0.76;0.170
20250903;22.51;22.23;22.66;22.19;1284146;28669209;1.95;-1.24;-0.280
20250902;22.61;22.51;22.94;22.31;1477144;33217533;2.25;-0.71;-0.160
20250901;22.54;22.67;22.76;22.42;1287802;29123131;1.96;0.53;0.120
20250829;22.7;22.55;22.91;22.55;1494611;33878594;2.27;-1.14;-0.260
20250828;22.82;22.81;22.99;22.17;2475110;56093605;3.76;-0.18;-0.040
20250827;23.36;22.85;23.36;22.7;2656605;61209625;4.04;-1.93;-0.450
20250826;23.14;23.3;23.32;23.04;2056252;47766003;3.13;0.73;0.170
20250825;23.13;23.13;23.2;23.05;2149100;49689933;3.27;0.04;0.010
20250822;23.27;23.12;23.36;23.05;1620118;37485532;2.46;-0.64;-0.150
20250821;23.31;23.27;23.39;23.2;1604399;37367601;2.44;0.13;0.030
20250820;23.11;23.24;23.24;23.02;1604383;37139743;2.44;0.48;0.110
20250819;23.01;23.13;23.22;22.83;2346742;54040283;3.57;0.39;0.090
20250818;23.31;23.04;23.42;23.01;3238808;74772195;4.93;-1.24;-0.290
20250815;23.18;23.33;23.55;23.17;1675752;39250950;2.47;0.34;0.080
20250814;23.8;23.25;23.81;23.21;1524876;35744877;2.25;-1.77;-0.420
20250813;23.78;23.67;23.96;23.65;1336085;31757306;1.97;-0.17;-0.040
20250812;23.72;23.71;23.85;23.61;1073500;25468281;1.58;-0.04;-0.010
20250811;23.47;23.72;23.8;23.33;1225800;28989788;1.81;0.89;0.210
20250808;23.44;23.51;23.52;23.2;956700;22356045;1.41;0.51;0.120
20250807;23.56;23.39;23.6;23.36;1018056;23880905;1.5;-0.72;-0.170
20250806;23.46;23.56;23.56;23.38;1225645;28778619;1.81;0.73;0.170
20250805;23.41;23.39;23.52;23.34;906984;21232129;1.34;-0.04;-0.010
20250804;23.04;23.4;23.4;22.94;1107007;25707173;1.63;0.82;0.190
20250801;22.84;23.21;23.21;22.84;1582800;36552263;2.33;1.62;0.370
20250731;23.35;22.84;23.35;22.78;1691813;39009836;2.49;-1.42;-0.330
20250730;23.3;23.17;23.45;23.06;1378271;32010094;2.03;-0.22;-0.050
20250729;23.43;23.22;23.48;23.07;1239800;28819519;1.83;-0.68;-0.160
20250728;23.22;23.38;23.43;23.1;1152600;26846679;1.7;0.69;0.160
20250725;23.3;23.22;23.3;23.13;757213;17558632;1.12;-0.04;-0.010
20250724;23.07;23.23;23.31;23.04;1133008;26278839;1.67;1.13;0.260
20250723;23.1;22.97;23.19;22.95;1070600;24704629;1.58;-0.78;-0.180
20250722;23.28;23.15;23.31;23.05;1018600;23583185;1.5;-0.6;-0.140
20250721;23.09;23.29;23.43;23.0;1574720;36546683;2.32;1.44;0.330
20250718;22.88;22.96;23.0;22.83;797400;18286277;1.17;0.44;0.100
20250717;22.91;22.86;22.96;22.76;959200;21923630;1.41;-0.26;-0.060
20250716;22.58;22.92;23.08;22.54;1763960;40298553;2.6;1.55;0.350
20250715;22.85;22.57;22.91;22.45;1248033;28252111;1.84;-1.23;-0.280
20250714;22.61;22.85;22.94;22.61;1599200;36392477;2.36;1.33;0.300
20250711;22.61;22.55;22.77;22.43;1026600;23169490;1.51;-0.53;-0.120
20250710;22.56;22.67;22.79;22.5;1103138;24991956;1.62;0.49;0.110
20250709;22.48;22.56;22.68;22.48;1075705;24302959;1.58;0.04;0.010
20250708;22.36;22.55;22.62;22.28;1690501;38025176;2.49;1.08;0.240
20250707;22.04;22.31;22.32;22.04;1319916;29333725;1.94;1.23;0.270
20250704;22.2;22.04;22.34;21.99;945520;20895794;1.39;-0.94;-0.210
20250703;22.19;22.25;22.33;22.15;1078600;24004932;1.59;0.27;0.060
20250702;22.38;22.19;22.38;22.05;1045000;23155518;1.54;0.09;0.020
20250701;22.25;22.17;22.33;22.02;826305;18314812;1.22;0.0;0.000
20250630;22.08;22.17;22.17;21.96;1065300;23557826;1.57;0.41;0.090
20250627;21.97;22.08;22.09;21.95;736800;16227970;1.09;0.91;0.200
20250626;22.0;21.88;22.12;21.87;914970;20128739;1.35;-0.5;-0.110
20250625;21.92;21.99;22.1;21.81;1179570;25893316;1.74;0.32;0.070
20250624;21.53;21.92;21.93;21.48;1022161;22294870;1.51;2.05;0.440
20250623;21.12;21.48;21.51;21.02;851000;18193353;1.25;1.13;0.240
20250620;21.35;21.24;21.66;21.22;829179;17742201;1.22;-0.52;-0.110
20250619;21.52;21.35;21.79;21.28;1036809;22299353;1.53;-1.29;-0.280
20250618;22.05;21.63;22.05;21.55;1429726;31072593;2.11;-1.1;-0.240
20250617;21.95;21.87;22.0;21.75;987205;21550013;1.45;-0.32;-0.070
20250616;21.8;21.94;22.0;21.73;1144300;25097287;1.69;0.92;0.200
20250613;22.11;21.74;22.18;21.67;1362511;29876094;2.01;-1.36;-0.300
20250612;22.34;22.49;22.51;22.31;1084206;24333950;1.6;0.49;0.110
20250611;22.21;22.38;22.44;22.15;1080800;24172899;1.59;0.99;0.220
20250610;22.39;22.16;22.44;22.03;1149500;25605377;1.69;-0.76;-0.170
20250609;22.28;22.33;22.37;22.16;978000;21777973;1.44;0.63;0.140
20250606;21.96;22.19;22.44;21.96;1224500;27140923;1.8;0.82;0.180
20250605;22.0;22.01;22.07;21.92;703305;15470140;1.04;0.18;0.040
20250604;21.85;21.97;21.97;21.7;538648;11779453;0.79;1.06;0.230
20250603;21.56;21.74;21.84;21.49;702000;15248500;1.03;0.69;0.150
20250530;21.78;21.59;21.94;21.55;783200;16960074;1.15;-1.37;-0.300
20250529;21.65;21.89;21.94;21.58;995400;21739024;1.47;1.25;0.270
20250528;21.93;21.62;22.0;21.57;844586;18349856;1.24;-1.46;-0.320
20250527;21.75;21.94;21.96;21.48;1097718;23845942;1.62;0.83;0.180
20250526;21.83;21.76;22.14;21.69;961743;21064090;1.42;-0.41;-0.090
20250523;21.97;21.85;22.22;21.83;875870;19300885;1.29;-0.05;-0.010
20250522;22.23;21.86;22.39;21.85;966055;21328852;1.42;-1.66;-0.370
20250521;22.42;22.23;22.47;22.16;879200;19579462;1.3;-0.36;-0.080
20250520;22.1;22.31;22.68;21.95;2494200;55862935;3.67;1.59;0.350
20250519;21.9;21.96;21.98;21.76;677300;14822963;1.0;0.27;0.060
20250516;21.7;21.9;21.95;21.65;778500;17018047;1.15;1.01;0.220
20250515;21.64;21.68;21.79;21.58;825400;17889325;1.22;-0.18;-0.040
20250514;21.79;21.72;21.86;21.65;1018500;22127544;1.5;-0.41;-0.090
20250513;22.05;21.81;22.18;21.79;658241;14418615;0.97;-0.55;-0.120
20250512;21.87;21.93;21.99;21.76;672100;14724684;0.99;0.5;0.110
20250509;21.85;21.82;21.98;21.77;867000;18937530;1.28;-0.37;-0.080
20250508;21.48;21.9;21.91;21.46;1036000;22530519;1.53;1.58;0.340
20250507;21.82;21.56;21.82;21.49;970900;20975216;1.43;0.19;0.040
20250506;21.36;21.52;21.52;21.18;1011200;21606579;1.49;2.09;0.440
20250430;21.23;21.08;21.27;21.05;894000;18899499;1.32;-0.14;-0.030
20250429;20.69;21.11;21.18;20.69;871670;18371473;1.34;1.73;0.360
20250428;21.1;20.75;21.26;20.72;796600;16623034;1.22;-2.12;-0.450
20250425;21.02;21.2;21.32;21.02;771800;16361087;1.19;0.62;0.130
20250424;21.33;21.07;21.33;20.94;813985;17215277;1.25;-0.61;-0.130
20250423;21.0;21.2;21.21;21.0;1026759;21713119;1.58;0.86;0.180
20250422;21.12;21.02;21.2;20.87;986900;20744984;1.52;-0.14;-0.030
20250421;21.11;21.05;21.15;20.94;980100;20656503;1.51;-0.24;-0.050
20250418;20.7;21.1;21.29;20.55;1377115;28765107;2.12;1.39;0.290
20250417;20.46;20.81;21.16;20.3;1305000;27182473;2.01;1.66;0.340
20250416;20.67;20.47;20.7;20.2;834400;17068712;1.28;-1.06;-0.220
20250415;20.6;20.69;20.72;20.55;945390;19516886;1.45;0.53;0.110
20250414;20.69;20.58;20.75;20.56;919796;18997427;1.41;0.68;0.140
20250411;20.32;20.44;20.62;20.25;1206100;24659883;1.85;0.44;0.090
20250410;20.35;20.35;20.88;20.15;1640314;33577608;2.52;1.75;0.350
20250409;19.6;20.0;20.18;18.9;1561405;30545804;2.4;0.91;0.180
20250408;20.06;19.82;20.24;19.5;1897210;37610631;2.92;-1.2;-0.240
20250407;21.2;20.06;21.6;20.06;2245100;45896742;3.45;-10.0;-2.230
20250403;22.5;22.29;22.63;22.15;1516805;33946113;2.33;-1.5;-0.340
20250402;22.38;22.63;22.98;22.24;1530400;34632302;2.35;1.16;0.260
20250401;22.01;22.37;22.47;21.91;1413101;31531882;2.17;2.19;0.480
20250331;22.38;21.89;22.4;21.67;1412205;30993904;2.17;-1.84;-0.410
20250328;22.7;22.3;22.86;22.26;1513028;34010073;2.33;-1.93;-0.440
20250327;22.75;22.74;22.83;22.42;1183538;26822710;1.82;-0.09;-0.020
20250326;22.35;22.76;22.77;22.33;1399716;31687220;2.15;1.74;0.390
20250325;22.27;22.37;22.5;22.09;1072000;23923982;1.65;0.9;0.200
20250324;22.52;22.17;22.66;21.93;1674510;37267415;2.57;-1.99;-0.450
20250321;22.81;22.62;22.91;22.5;1453439;32957035;2.23;-1.05;-0.240
20250320;22.9;22.86;23.02;22.8;1168700;26774831;1.8;-0.09;-0.020
20250319;22.97;22.88;23.04;22.76;1281200;29331893;1.97;-0.48;-0.110
20250318;22.85;22.99;23.02;22.85;1349497;30955998;2.07;0.39;0.090
20250317;22.84;22.9;22.93;22.7;1586544;36231329;2.44;0.75;0.170
20250314;22.45;22.73;22.77;22.36;1699208;38453448;2.61;0.93;0.210
20250313;22.65;22.52;22.74;22.27;1309949;29441654;2.01;-0.62;-0.140
20250312;22.57;22.66;22.75;22.54;1398500;31641562;2.15;0.4;0.090
20250311;22.4;22.57;22.57;22.28;1311376;29382063;2.02;0.13;0.030
20250310;22.41;22.54;22.58;22.37;1295854;29158778;1.99;0.76;0.170
20250307;22.45;22.37;22.58;22.3;1549249;34758427;2.38;-0.53;-0.120
20250306;22.4;22.49;22.57;22.34;1664339;37405853;2.56;0.72;0.160
20250305;22.36;22.33;22.42;22.13;1177308;26176693;1.81;-0.49;-0.110
20250304;22.18;22.44;22.44;22.09;1269303;28300275;1.95;0.58;0.130
20250303;22.28;22.31;22.47;22.25;2009449;44952191;3.09;0.0;0.000
20250228;22.73;22.31;22.82;22.24;3330949;74957715;5.12;-2.49;-0.570
20250227;23.5;22.88;23.69;22.66;8722357;201367983;13.41;-4.67;-1.120
20250226;23.41;24.0;25.01;23.41;11974260;295600491;18.41;5.54;1.260
20250225;22.96;22.74;22.96;22.72;1061925;24242193;1.63;-1.09;-0.250
20250224;22.7;22.99;23.18;22.55;1730586;39555255;2.66;1.28;0.290
20250221;22.69;22.7;22.83;22.49;1333400;30217207;2.05;0.04;0.010
20250220;22.75;22.69;22.88;22.56;1126500;25591240;1.73;-0.04;-0.010
20250219;22.28;22.7;22.73;22.21;1533930;34491614;2.36;1.98;0.440
20250218;22.27;22.26;22.67;22.17;1455379;32523707;2.24;-0.04;-0.010
20250217;22.19;22.27;22.39;22.15;982841;21868907;1.51;0.36;0.080
20250214;22.12;22.19;22.23;22.08;817200;18117807;1.26;0.45;0.100
20250213;22.38;22.09;22.43;22.09;989100;21990306;1.52;-1.3;-0.290
20250212;22.36;22.38;22.51;22.14;977700;21805931;1.5;-0.31;-0.070
20250211;22.42;22.45;22.79;22.15;1888600;42374743;2.9;0.18;0.040
20250210;22.16;22.41;22.45;22.1;1015000;22564824;1.56;1.04;0.230
20250207;22.07;22.18;22.3;21.93;1570067;34777125;2.41;0.82;0.180
20250206;21.88;22.0;22.02;21.7;1173930;25715343;1.8;0.92;0.200
20250205;21.84;21.8;21.84;21.63;607600;13219763;0.93;0.93;0.200
20250127;21.55;21.6;21.92;21.55;882605;19180386;1.36;0.14;0.030
20250124;21.5;21.57;21.63;21.29;769667;16536147;1.18;0.51;0.110
20250123;21.87;21.46;21.94;21.46;1100900;23942796;1.69;-1.01;-0.220
20250122;21.75;21.68;21.99;21.55;969567;21129877;1.49;0.05;0.010
20250121;21.85;21.67;21.94;21.59;916430;19857699;1.41;-0.78;-0.170
20250120;21.5;21.84;21.88;21.43;1139800;24701292;1.75;1.58;0.340
20250117;21.35;21.5;21.58;21.26;861600;18494388;1.32;0.42;0.090
20250116;21.33;21.41;21.6;21.25;1035400;22176739;1.59;0.52;0.110
20250115;21.55;21.3;21.58;21.27;900194;19246323;1.38;-0.98;-0.210
20250114;21.15;21.51;21.54;20.93;1474894;31451978;2.27;2.82;0.590
20250113;20.95;20.92;20.99;20.51;719582;14947224;1.11;-0.14;-0.030
20250110;21.47;20.95;21.78;20.95;1419944;30344752;2.18;-2.38;-0.510
20250109;21.5;21.46;21.79;21.42;1082240;23383635;1.66;-0.42;-0.090
20250108;21.4;21.55;21.78;21.01;1380102;29564949;2.12;0.47;0.100
20250107;21.45;21.45;21.6;21.01;1445038;30785086;2.22;0.0;0.000
20250106;21.29;21.45;21.96;20.7;2086760;44633629;3.21;-1.97;-0.430
20250103;23.82;21.88;23.89;21.88;5958674;135198549;9.16;-10.0;-2.430
20250102;22.93;24.31;25.21;22.79;8838559;217919295;13.59;6.06;1.390