20251022;6.48;6.46;6.57;6.43;20640500;133980879;1.48;-0.62;-0.040
20251021;6.38;6.5;6.52;6.35;20418952;131789691;1.46;1.72;0.110
20251020;6.42;6.39;6.45;6.34;20934147;133820052;1.5;1.11;0.070
20251017;6.5;6.32;6.55;6.32;22704101;145912823;1.63;-2.92;-0.190
20251016;6.56;6.51;6.62;6.48;22007310;144040317;1.58;-1.66;-0.110
20251015;6.58;6.62;6.63;6.47;27370702;179910638;1.96;0.76;0.050
20251014;6.61;6.57;6.69;6.53;33230502;219216781;2.38;0.31;0.020
20251013;6.38;6.55;6.65;6.34;36279465;236775617;2.6;-2.09;-0.140
20251010;6.69;6.69;6.87;6.69;36910833;249140968;2.65;0.0;0.000
20251009;6.75;6.69;6.86;6.53;89336765;597796533;6.41;-7.72;-0.560
20250930;7.26;7.25;7.36;7.2;32545351;236319889;2.33;0.42;0.030
20250929;7.36;7.22;7.55;7.19;48684951;355467786;3.49;1.83;0.130
20250926;7.35;7.09;7.39;7.06;56591113;406927730;4.06;-4.19;-0.310
20250925;7.58;7.4;7.64;7.4;56671600;425612782;4.06;-3.27;-0.250
20250924;7.36;7.65;7.88;7.3;88318086;675785784;6.33;3.38;0.250
20250923;7.6;7.4;7.68;7.31;57016275;424879257;4.09;-3.01;-0.230
20250922;7.65;7.63;7.79;7.51;59286269;450837302;4.25;-1.29;-0.100
20250919;7.42;7.73;7.91;7.26;113348197;860480309;8.13;4.18;0.310
20250918;7.18;7.42;7.7;7.09;120855164;889433935;8.67;3.2;0.230
20250917;7.32;7.19;7.35;7.12;54823267;393676606;3.93;-1.78;-0.130
20250916;7.16;7.32;7.33;7.12;66095651;477592371;4.74;2.38;0.170
20250915;7.05;7.15;7.24;7.03;58756598;418738658;4.21;1.13;0.080
20250912;6.99;7.07;7.37;6.97;93459857;669984127;6.7;1.43;0.100
20250911;6.74;6.97;6.98;6.65;77732485;532229921;5.58;3.41;0.230
20250910;6.69;6.74;6.78;6.64;46448433;312040991;3.33;0.9;0.060
20250909;6.8;6.68;6.83;6.63;57801323;388075327;4.15;-1.33;-0.090
20250908;6.84;6.77;6.94;6.69;78318595;531937145;5.62;-2.59;-0.180
20250905;7.07;6.95;7.07;6.51;98088037;663495552;7.04;-1.42;-0.100
20250904;6.92;7.05;7.24;6.81;117610912;825826916;8.44;3.37;0.230
20250903;7.21;6.82;7.28;6.8;126649390;886831485;9.08;-6.58;-0.480
20250902;7.79;7.3;7.9;7.3;158696313;1177743397;11.38;-9.99;-0.810
20250901;8.26;8.11;8.63;8.01;179567265;1480926654;12.88;-2.76;-0.230
20250829;7.62;8.34;8.34;7.53;161740623;1323771395;11.6;10.03;0.760
20250828;7.46;7.58;7.64;7.3;108388420;811399574;7.77;0.66;0.050
20250827;7.55;7.53;7.88;7.48;155948249;1189507165;11.19;-1.05;-0.080
20250826;7.02;7.61;7.9;7.02;216926576;1602239407;15.56;5.84;0.420
20250825;6.56;7.19;7.19;6.56;178725879;1265428312;12.82;9.94;0.650
20250822;6.43;6.54;6.6;6.41;64645702;420641296;4.64;2.19;0.140
20250821;6.4;6.4;6.46;6.36;38199535;244617996;2.74;-0.47;-0.030
20250820;6.39;6.43;6.45;6.31;48701553;311629470;3.49;0.16;0.010
20250819;6.27;6.42;6.46;6.25;76492475;486098517;5.49;2.72;0.170
20250818;6.2;6.25;6.28;6.14;48846191;304871967;3.5;0.64;0.040
20250815;6.09;6.21;6.22;6.07;42455186;260969024;3.05;1.64;0.100
20250814;6.27;6.11;6.33;6.1;50843500;314610876;3.65;-2.24;-0.140
20250813;6.29;6.25;6.33;6.15;60460004;376430743;4.34;1.3;0.080
20250812;6.24;6.17;6.39;6.14;71409524;446043571;5.12;0.82;0.050
20250811;5.97;6.12;6.15;5.97;48652852;296110171;3.49;2.34;0.140
20250808;6.03;5.98;6.04;5.96;30440100;182344637;2.18;-1.16;-0.070
20250807;6.03;6.05;6.11;6.03;28580722;173330736;2.05;0.0;0.000
20250806;6.03;6.05;6.07;6.01;27238618;164424060;1.95;-0.33;-0.020
20250805;6.05;6.07;6.11;6.03;26152800;158672892;1.88;0.17;0.010
20250804;6.11;6.06;6.13;5.97;32280000;194911993;2.32;-1.78;-0.110
20250801;6.18;6.17;6.19;6.11;35304502;216889569;2.53;-0.32;-0.020
20250731;6.05;6.19;6.23;5.99;81767456;502327470;5.86;2.15;0.130
20250730;6.1;6.06;6.15;6.02;37494800;228526429;2.69;-1.46;-0.090
20250729;6.03;6.15;6.16;5.93;51651004;311637657;3.7;1.99;0.120
20250728;5.92;6.03;6.14;5.91;52476220;317976320;3.76;1.69;0.100
20250725;5.96;5.93;5.97;5.91;20684402;122535352;1.48;-0.67;-0.040
20250724;5.89;5.97;5.99;5.87;33539825;199793289;2.41;1.36;0.080
20250723;5.93;5.89;5.97;5.88;32461800;192342336;2.33;-0.84;-0.050
20250722;5.96;5.94;6.01;5.92;34298921;204670348;2.46;-0.83;-0.050
20250721;5.91;5.99;5.99;5.9;25341207;150898111;1.82;0.84;0.050
20250718;5.96;5.94;5.97;5.91;20688107;122680064;1.48;-0.34;-0.020
20250717;5.95;5.96;6.03;5.93;23256000;139046013;1.67;0.34;0.020
20250716;5.9;5.94;5.97;5.86;20945053;124300999;1.5;1.02;0.060
20250715;5.95;5.88;5.97;5.83;35058270;205966144;2.51;-1.51;-0.090
20250714;6.04;5.97;6.04;5.95;27267270;162894920;1.96;-1.0;-0.060
20250711;5.96;6.03;6.05;5.94;34265600;205730558;2.46;0.84;0.050
20250710;5.96;5.98;6.02;5.93;22518642;134700590;1.62;0.0;0.000
20250709;6.07;5.98;6.08;5.96;31323473;188181680;2.25;-1.16;-0.070
20250708;6.04;6.05;6.07;6.01;24618202;148632070;1.77;0.17;0.010
20250707;6.0;6.04;6.05;5.95;26835273;160988322;1.92;0.33;0.020
20250704;6.16;6.02;6.18;6.02;45290380;274984988;3.25;-2.75;-0.170
20250703;6.12;6.19;6.21;6.12;46363100;285582488;3.33;-0.64;-0.040
20250702;6.09;6.23;6.55;6.05;88175645;552161528;6.32;2.3;0.140
20250701;6.08;6.09;6.2;6.02;50080520;305314220;3.59;1.33;0.080
20250630;6.0;6.01;6.02;5.97;32251026;193514967;2.31;0.33;0.020
20250627;6.03;5.99;6.07;5.97;45980698;276281750;3.3;-1.32;-0.080
20250626;6.1;6.07;6.15;6.04;49521009;301793188;3.55;-1.3;-0.080
20250625;6.21;6.15;6.27;6.09;58792167;361948284;4.22;0.16;0.010
20250624;6.07;6.14;6.21;6.05;68937963;422014184;4.94;0.16;0.010
20250623;6.09;6.13;6.21;5.94;61833027;377969620;4.44;0.66;0.040
20250620;5.81;6.09;6.31;5.81;79858527;486716865;5.73;4.1;0.240
20250619;6.1;5.85;6.1;5.85;54454800;323204627;3.91;-4.41;-0.270
20250618;5.96;6.12;6.15;5.91;68186232;414764670;4.89;2.0;0.120
20250617;5.87;6.0;6.03;5.86;57160169;340915501;4.1;2.74;0.160
20250616;5.8;5.84;5.92;5.8;27042700;158401830;1.94;-0.34;-0.020
20250613;5.9;5.86;5.97;5.83;44817400;263093827;3.21;-1.51;-0.090
20250612;6.06;5.95;6.07;5.94;48427100;289696582;3.47;-2.14;-0.130
20250611;6.07;6.08;6.11;5.99;45497100;275769555;3.26;0.33;0.020
20250610;6.17;6.06;6.24;5.93;79384774;481233181;5.69;-2.26;-0.140
20250609;6.09;6.2;6.24;6.05;96040527;592199536;6.89;2.99;0.180
20250606;6.14;6.02;6.14;6.0;51085200;308832155;3.66;-1.47;-0.090
20250605;6.21;6.11;6.22;6.08;74779020;456774721;5.36;-1.61;-0.100
20250604;6.23;6.21;6.27;6.14;75085277;465601614;5.39;0.0;0.000
20250603;6.14;6.21;6.28;6.14;106020601;657696621;7.6;-1.9;-0.120
20250530;6.51;6.33;6.65;6.32;182043954;1178997092;13.06;-2.16;-0.140
20250529;7.09;6.47;7.09;6.43;288575205;1944374642;20.7;-1.82;-0.120
20250528;6.58;6.59;6.59;6.33;70738500;463699163;5.07;10.02;0.600
20250527;5.75;5.99;6.0;5.72;92960597;545353058;6.67;3.81;0.220
20250526;5.72;5.77;5.86;5.64;78094500;449792537;5.6;0.87;0.050
20250523;6.01;5.72;6.03;5.71;119561476;695481946;8.58;-5.3;-0.320
20250522;6.27;6.04;6.37;5.97;174810866;1072919340;12.54;-3.51;-0.220
20250521;6.76;6.26;6.76;6.24;290024741;1889175675;20.8;0.32;0.020
20250520;6.14;6.24;6.24;5.98;74763999;461669730;5.36;10.05;0.570
20250519;5.57;5.67;5.8;5.53;90070227;510005912;6.46;4.23;0.230
20250516;5.45;5.44;5.5;5.36;64972502;352623265;4.66;-2.51;-0.140
20250515;5.4;5.58;5.85;5.38;123672228;696311508;8.87;4.3;0.230
20250514;5.32;5.35;5.36;5.25;26649001;141886301;1.91;0.94;0.050
20250513;5.42;5.3;5.44;5.3;27788400;148784936;1.99;-1.12;-0.060
20250512;5.33;5.36;5.36;5.26;29154700;155190570;2.09;0.75;0.040
20250509;5.52;5.32;5.55;5.3;52675700;283074614;3.78;-4.14;-0.230
20250508;5.57;5.55;5.62;5.5;50719900;282665445;3.64;0.18;0.010
20250507;5.64;5.54;5.67;5.5;59352902;330500823;4.26;-1.07;-0.060
20250506;5.4;5.6;5.67;5.36;72564804;400661501;5.2;4.87;0.260
20250430;5.28;5.34;5.41;5.27;49321800;262984490;3.54;0.75;0.040
20250429;5.21;5.3;5.37;5.13;56318235;294756705;4.04;-1.3;-0.070
20250428;5.66;5.37;5.68;5.36;61846000;338351782;4.44;-3.76;-0.210
20250425;5.61;5.58;5.62;5.51;59662300;332384782;4.28;0.18;0.010
20250424;5.6;5.57;5.66;5.46;77166200;428076840;5.53;-0.89;-0.050
20250423;5.8;5.62;5.83;5.61;92805100;525294652;6.66;-3.1;-0.180
20250422;5.95;5.8;5.95;5.73;117592491;684776882;8.43;-2.68;-0.160
20250421;5.76;5.96;6.06;5.72;221168784;1310618335;15.86;4.01;0.230
20250418;5.18;5.73;5.73;5.13;149786201;831536054;10.74;9.98;0.520
20250417;5.2;5.21;5.3;5.15;41594300;218059917;2.98;-0.19;-0.010
20250416;5.3;5.22;5.4;5.11;53760450;282107730;3.86;-2.25;-0.120
20250415;5.42;5.34;5.53;5.31;61807726;333202498;4.43;-2.55;-0.140
20250414;5.37;5.48;5.57;5.37;92615455;507974434;6.64;2.05;0.110
20250411;5.43;5.37;5.56;5.33;123184896;669656085;8.84;-2.54;-0.140
20250410;5.0;5.51;5.51;5.0;137729504;733492997;9.88;9.98;0.500
20250409;4.88;5.01;5.15;4.41;94812733;454353236;6.8;2.24;0.110
20250408;4.55;4.9;4.95;4.55;87296607;421759654;6.26;4.26;0.200
20250407;4.99;4.7;4.99;4.7;44598700;212654409;3.2;-9.96;-0.520
20250403;5.1;5.22;5.3;5.09;39276402;205338016;2.82;0.97;0.050
20250402;5.14;5.17;5.2;5.11;18359700;95013999;1.32;0.39;0.020
20250401;5.21;5.15;5.22;5.14;26560002;137527715;1.91;-1.15;-0.060
20250331;5.15;5.21;5.21;5.06;37841898;194094871;2.71;0.39;0.020
20250328;5.33;5.19;5.34;5.18;39596216;207008475;2.84;-2.44;-0.130
20250327;5.43;5.32;5.5;5.32;41553251;224147136;2.98;-2.21;-0.120
20250326;5.27;5.44;5.52;5.26;60392700;324582584;4.33;2.84;0.150
20250325;5.45;5.29;5.47;5.27;54820675;292145052;3.93;-3.82;-0.210
20250324;5.68;5.5;5.82;5.3;81111805;450277747;5.82;-3.34;-0.190
20250321;6.03;5.69;6.03;5.68;83336727;484125618;5.98;-5.64;-0.340
20250320;6.0;6.03;6.06;5.86;76810128;458977600;5.51;0.5;0.030
20250319;6.06;6.0;6.12;5.96;85981798;516643915;6.17;-0.83;-0.050
20250318;6.12;6.05;6.15;6.03;60553363;367837728;4.34;-0.82;-0.050
20250317;6.28;6.1;6.3;6.08;99070615;609275699;7.11;-1.93;-0.120
20250314;6.15;6.22;6.3;6.1;116898127;725727113;8.38;1.8;0.110
20250313;6.35;6.11;6.41;6.06;133105708;823946595;9.55;-4.53;-0.290
20250312;6.41;6.4;6.59;6.27;186496686;1197040395;13.38;-1.08;-0.070
20250311;6.0;6.47;6.61;5.98;286552427;1834476246;20.55;2.21;0.140
20250310;5.99;6.33;6.33;5.89;292119529;1813069782;20.95;10.09;0.580
20250307;5.49;5.75;5.86;5.39;146515373;830049761;10.51;4.17;0.230
20250306;5.4;5.52;5.53;5.37;84628508;461887751;6.07;1.85;0.100
20250305;5.5;5.42;5.5;5.32;76124055;411129048;5.46;-1.99;-0.110
20250304;5.35;5.53;5.55;5.31;73172890;397439932;5.25;2.03;0.110
20250303;5.61;5.42;5.68;5.42;99072298;547965856;7.11;-3.39;-0.190
20250228;6.05;5.61;6.05;5.51;146051022;842863594;10.48;-8.18;-0.500
20250227;5.7;6.11;6.25;5.7;223385555;1342408153;16.02;7.38;0.420
20250226;5.57;5.69;5.75;5.5;125538810;709648697;9.0;1.97;0.110
20250225;5.45;5.58;5.87;5.43;146682136;828896975;10.52;0.36;0.020
20250224;5.9;5.56;5.96;5.53;164960362;937808480;11.83;-3.14;-0.180
20250221;5.7;5.74;6.02;5.51;298399294;1699688051;21.4;4.74;0.260
20250220;5.03;5.48;5.48;5.02;135801575;720777129;9.74;10.04;0.500
20250219;4.85;4.98;5.0;4.84;57388700;283178686;4.12;2.89;0.140
20250218;5.09;4.84;5.1;4.84;70929794;350979731;5.09;-5.65;-0.290
20250217;5.06;5.13;5.15;5.06;61122228;311903967;4.38;1.99;0.100
20250214;5.21;5.03;5.21;4.98;77443100;391140850;5.55;-3.45;-0.180
20250213;5.26;5.21;5.31;5.11;89146124;464753180;6.39;-0.76;-0.040
20250212;5.16;5.25;5.27;5.1;93918667;489147577;6.74;1.74;0.090
20250211;5.17;5.16;5.22;5.09;96158586;495703757;6.9;0.78;0.040
20250210;5.01;5.12;5.17;5.01;111483634;567693814;8.0;1.79;0.090
20250207;4.88;5.03;5.16;4.85;119302593;601557399;8.56;3.07;0.150
20250206;4.76;4.88;4.88;4.7;70997050;341325992;5.09;2.31;0.110
20250205;4.66;4.77;4.81;4.61;59500507;279982730;4.27;2.36;0.110
20250127;4.87;4.66;4.93;4.64;69901359;332798973;5.01;-4.31;-0.210
20250124;4.9;4.87;4.92;4.81;63807774;310662663;4.58;0.62;0.030
20250123;4.92;4.84;5.05;4.84;80557940;400091647;5.78;0.21;0.010
20250122;5.01;4.83;5.03;4.82;79092390;388857931;5.67;-4.73;-0.240
20250121;5.12;5.07;5.17;5.02;71520139;363411593;5.13;-0.59;-0.030
20250120;5.08;5.1;5.21;5.01;90376471;462261623;6.48;1.8;0.090
20250117;5.08;5.01;5.1;4.92;90998739;454771466;6.53;-2.53;-0.130
20250116;5.01;5.14;5.22;5.01;119775905;614242773;8.59;2.39;0.120
20250115;5.06;5.02;5.17;4.98;103104970;521563997;7.4;-0.59;-0.030
20250114;4.84;5.05;5.1;4.81;112033813;558491619;8.04;5.43;0.260
20250113;4.71;4.79;4.95;4.65;94791871;454261396;6.8;-1.64;-0.080
20250110;5.29;4.87;5.29;4.87;138286135;700797254;9.92;-9.98;-0.540
20250109;5.16;5.41;5.58;5.07;173939911;915702278;12.48;4.24;0.220
20250108;5.08;5.19;5.23;5.02;132113809;678111963;9.48;1.96;0.100
20250107;5.0;5.09;5.14;4.93;118498200;596201365;8.5;3.25;0.160
20250106;5.43;4.93;5.46;4.93;167102640;848309092;11.99;-10.04;-0.550
20250103;5.93;5.48;5.97;5.48;165308483;928115916;11.86;-10.02;-0.610
20250102;5.82;6.09;6.36;5.73;208683074;1251345012;14.97;4.1;0.240