20251022;3.37;3.34;3.4;3.32;90908402;304551481;2.67;-0.89;-0.030
20251021;3.24;3.37;3.39;3.23;165894899;552419774;4.88;4.98;0.160
20251020;3.18;3.21;3.24;3.15;102420339;327885905;3.01;2.56;0.080
20251017;3.23;3.13;3.25;3.13;101784277;323188697;2.99;-2.8;-0.090
20251016;3.3;3.22;3.31;3.21;92667640;300673585;2.72;-2.42;-0.080
20251015;3.26;3.3;3.31;3.22;103620965;338461020;3.05;1.23;0.040
20251014;3.4;3.26;3.45;3.25;155877323;520128368;4.58;-3.26;-0.110
20251013;3.29;3.37;3.37;3.2;172167176;569193095;5.06;-2.88;-0.100
20251010;3.6;3.47;3.62;3.46;176188750;618617118;5.18;-4.14;-0.150
20251009;3.63;3.62;3.74;3.61;190733685;698873535;5.61;0.0;0.000
20250930;3.64;3.62;3.7;3.6;147890911;537939762;4.35;-0.55;-0.020
20250929;3.51;3.64;3.69;3.43;242509004;874337775;7.13;4.0;0.140
20250926;3.63;3.5;3.72;3.5;182183645;653907495;5.35;-4.37;-0.160
20250925;3.6;3.66;3.78;3.59;214281506;788297580;6.3;1.1;0.040
20250924;3.46;3.62;3.64;3.41;258540270;914959475;7.6;2.26;0.080
20250923;3.84;3.54;3.93;3.41;470825204;1677075486;13.84;-6.6;-0.250
20250922;3.76;3.79;3.87;3.73;226203494;856005186;6.65;1.88;0.070
20250919;3.82;3.72;3.85;3.69;214976275;804924466;6.32;-3.13;-0.120
20250918;3.95;3.84;3.97;3.79;357227168;1388118135;10.5;-1.54;-0.060
20250917;3.8;3.9;3.94;3.78;379202611;1470289658;11.14;1.83;0.070
20250916;3.63;3.83;3.88;3.61;412648416;1555637690;12.13;5.51;0.200
20250915;3.66;3.63;3.71;3.62;181029132;660718108;5.32;-1.63;-0.060
20250912;3.71;3.69;3.76;3.62;275197873;1014001798;8.09;-0.27;-0.010
20250911;3.65;3.7;3.7;3.54;261812092;952075205;7.69;0.54;0.020
20250910;3.66;3.68;3.79;3.63;271581037;1002094676;7.98;0.0;0.000
20250909;3.8;3.68;3.84;3.66;315050367;1177863715;9.26;-4.17;-0.160
20250908;3.81;3.84;3.94;3.76;447256311;1709304883;13.14;-0.78;-0.030
20250905;3.88;3.87;3.89;3.69;792224130;3014067964;23.28;1.31;0.050
20250904;3.51;3.82;3.82;3.5;468143431;1783808738;13.76;10.09;0.350
20250903;3.67;3.47;3.71;3.45;336606350;1203196955;9.89;-5.19;-0.190
20250902;3.7;3.66;3.71;3.56;317178603;1154534293;9.32;-1.35;-0.050
20250901;3.53;3.71;3.8;3.52;487555326;1788928633;14.33;5.4;0.190
20250829;3.57;3.52;3.6;3.46;244436185;860262557;7.18;-1.12;-0.040
20250828;3.47;3.56;3.6;3.43;334487482;1178200338;9.83;1.14;0.040
20250827;3.6;3.52;3.74;3.49;631429023;2287848702;18.56;-1.95;-0.070
20250826;3.38;3.59;3.72;3.34;499436907;1801406775;14.68;6.21;0.210
20250825;3.38;3.38;3.43;3.35;200603167;679323704;5.9;0.0;0.000
20250822;3.36;3.38;3.47;3.36;162478618;550617730;4.78;0.0;0.000
20250821;3.37;3.38;3.46;3.36;215109771;730256191;6.32;-1.17;-0.040
20250820;3.31;3.42;3.55;3.26;367940351;1252588726;10.81;3.01;0.100
20250819;3.25;3.32;3.34;3.21;279331885;916843342;8.21;2.15;0.070
20250818;3.19;3.25;3.29;3.18;250226494;813859896;7.35;2.2;0.070
20250815;3.11;3.18;3.23;3.1;191132435;608772597;5.62;2.58;0.080
20250814;3.17;3.1;3.19;3.08;111930600;349623904;3.29;-2.52;-0.080
20250813;3.17;3.18;3.19;3.14;91346474;289485234;2.68;0.32;0.010
20250812;3.19;3.17;3.2;3.14;88362300;279487091;2.6;-0.63;-0.020
20250811;3.09;3.19;3.2;3.09;156015982;494059469;4.59;2.9;0.090
20250808;3.16;3.1;3.17;3.09;104455252;325479887;3.07;-2.21;-0.070
20250807;3.15;3.17;3.24;3.15;142589347;454752727;4.19;0.32;0.010
20250806;3.11;3.16;3.17;3.08;112117776;350503548;3.3;0.96;0.030
20250805;3.09;3.13;3.15;3.09;87987800;275141672;2.59;1.29;0.040
20250804;3.06;3.09;3.09;3.04;78994034;241852220;2.32;0.65;0.020
20250801;3.07;3.07;3.13;3.05;73568915;227060368;2.16;-0.32;-0.010
20250731;3.15;3.08;3.19;3.08;117084600;366746043;3.44;-2.84;-0.090
20250730;3.16;3.17;3.21;3.14;121225489;385272406;3.56;-0.31;-0.010
20250729;3.17;3.18;3.2;3.13;128070400;405256098;3.76;-0.63;-0.020
20250728;3.11;3.2;3.23;3.09;239498813;760575367;7.04;3.56;0.110
20250725;3.09;3.09;3.13;3.06;130351741;404487279;3.83;0.32;0.010
20250724;3.04;3.08;3.09;3.03;85933100;264150358;2.53;1.32;0.040
20250723;3.09;3.04;3.09;3.04;90453100;276739984;2.66;-1.62;-0.050
20250722;3.11;3.09;3.12;3.07;98294250;304313083;2.89;0.0;0.000
20250721;3.05;3.09;3.1;3.04;85851845;264217270;2.52;0.98;0.030
20250718;3.1;3.06;3.11;3.04;92665007;283934919;2.72;-1.29;-0.040
20250717;3.04;3.1;3.12;3.03;110301000;340886441;3.24;1.64;0.050
20250716;3.03;3.05;3.09;3.02;81349900;248941507;2.39;0.33;0.010
20250715;3.07;3.04;3.08;3.01;138954900;421782044;4.08;-1.94;-0.060
20250714;3.1;3.1;3.12;3.08;82142855;254400691;2.41;0.0;0.000
20250711;3.13;3.1;3.14;3.07;136572650;422700184;4.01;-0.96;-0.030
20250710;3.16;3.13;3.18;3.11;128210943;401439340;3.77;-1.57;-0.050
20250709;3.18;3.18;3.24;3.14;180593350;574607076;5.31;0.32;0.010
20250708;3.13;3.17;3.2;3.11;129638605;410830900;3.81;0.96;0.030
20250707;3.12;3.14;3.16;3.1;111971032;350375219;3.29;0.0;0.000
20250704;3.21;3.14;3.22;3.13;182274950;575236548;5.36;-2.79;-0.090
20250703;3.21;3.23;3.26;3.16;213903184;688398937;6.29;0.94;0.030
20250702;3.28;3.2;3.29;3.18;226427305;727812202;6.65;-3.32;-0.110
20250701;3.35;3.31;3.36;3.26;256346754;844782169;7.53;-2.36;-0.080
20250630;3.34;3.39;3.5;3.26;394410924;1326326064;11.59;1.19;0.040
20250627;3.3;3.35;3.36;3.25;376369408;1248165457;11.06;3.08;0.100
20250626;3.3;3.25;3.36;3.24;365745342;1203668818;10.75;-1.52;-0.050
20250625;3.33;3.3;3.35;3.26;520738092;1716923275;15.3;-4.07;-0.140
20250624;3.21;3.44;3.44;3.18;588408845;1960692572;17.29;9.9;0.310
20250623;2.94;3.13;3.15;2.94;374912359;1155323644;11.02;5.39;0.160
20250620;2.93;2.97;3.01;2.87;181344400;533703915;5.33;1.02;0.030
20250619;3.03;2.94;3.05;2.93;236522900;703092249;6.95;-4.23;-0.130
20250618;2.93;3.07;3.15;2.89;430389302;1302366995;12.65;5.86;0.170
20250617;2.85;2.9;2.94;2.84;213740200;619452508;6.28;1.75;0.050
20250616;2.81;2.85;2.87;2.81;131394300;373985804;3.86;0.71;0.020
20250613;2.91;2.83;2.94;2.81;236015949;676358088;6.94;-3.74;-0.110
20250612;3.0;2.94;3.04;2.91;477780819;1420756270;14.04;-1.34;-0.040
20250611;2.72;2.98;2.98;2.72;231026464;679778450;6.79;9.96;0.270
20250610;2.78;2.71;2.79;2.68;114170150;311366808;3.36;-2.52;-0.070
20250609;2.7;2.78;2.78;2.7;144321083;396854592;4.24;2.96;0.080
20250606;2.73;2.7;2.74;2.69;61104855;165069365;1.8;-1.1;-0.030
20250605;2.71;2.73;2.74;2.67;87052788;236379053;2.56;0.37;0.010
20250604;2.69;2.72;2.73;2.68;58823132;159493529;1.73;1.12;0.030
20250603;2.68;2.69;2.72;2.66;63978700;172777513;1.88;-0.37;-0.010
20250530;2.75;2.7;2.78;2.68;111403410;301875515;3.27;-3.23;-0.090
20250529;2.74;2.79;2.83;2.73;129273312;361970659;3.8;1.45;0.040
20250528;2.7;2.75;2.76;2.68;123731917;337102879;3.64;1.1;0.030
20250527;2.73;2.72;2.74;2.68;66930700;181358595;1.97;-0.73;-0.020
20250526;2.7;2.74;2.75;2.69;80995900;220845448;2.38;0.74;0.020
20250523;2.77;2.72;2.82;2.72;108804927;300818559;3.2;-1.45;-0.040
20250522;2.79;2.76;2.83;2.75;83461300;232276520;2.45;-1.78;-0.050
20250521;2.86;2.81;2.86;2.79;100922283;283892098;2.97;-2.43;-0.070
20250520;2.83;2.88;2.88;2.79;115696183;330287724;3.4;1.77;0.050
20250519;2.81;2.83;2.84;2.75;93200910;261522047;2.74;0.35;0.010
20250516;2.81;2.82;2.85;2.77;91842000;260054964;2.7;0.0;0.000
20250515;2.9;2.82;2.91;2.81;121759872;346002138;3.58;-3.09;-0.090
20250514;2.88;2.91;2.95;2.86;122492810;356460616;3.6;0.34;0.010
20250513;3.0;2.9;3.0;2.88;162001200;474299650;4.76;-1.02;-0.030
20250512;2.88;2.93;2.99;2.88;193290050;563761458;5.68;4.27;0.120
20250509;2.91;2.81;2.93;2.8;149004600;421820386;4.38;-3.1;-0.090
20250508;2.83;2.9;2.96;2.8;249493200;724941887;7.33;1.05;0.030
20250507;2.82;2.87;2.92;2.77;299667250;853118812;8.81;3.24;0.090
20250506;2.65;2.78;2.85;2.64;221377471;608854030;6.51;6.11;0.160
20250430;2.6;2.62;2.64;2.59;90951100;238544987;2.67;1.95;0.050
20250429;2.53;2.57;2.59;2.49;85094408;217561631;2.5;1.18;0.030
20250428;2.6;2.54;2.61;2.52;85817160;218625059;2.52;-2.31;-0.060
20250425;2.61;2.6;2.64;2.58;100757633;262778313;2.96;-0.76;-0.020
20250424;2.66;2.62;2.7;2.61;107301000;283325435;3.15;-2.6;-0.070
20250423;2.68;2.69;2.72;2.68;116418900;314795503;3.42;1.13;0.030
20250422;2.73;2.66;2.73;2.65;107468800;287315605;3.16;-2.56;-0.070
20250421;2.65;2.73;2.73;2.63;115529288;311940222;3.4;2.25;0.060
20250418;2.62;2.67;2.67;2.59;109194188;287620640;3.21;1.91;0.050
20250417;2.64;2.62;2.68;2.61;96316967;255213671;2.83;-1.13;-0.030
20250416;2.7;2.65;2.72;2.61;121093600;322293337;3.56;-2.93;-0.080
20250415;2.76;2.73;2.81;2.71;121260950;333177932;3.56;-2.15;-0.060
20250414;2.82;2.79;2.92;2.76;229866344;649792201;6.76;3.72;0.100
20250411;2.61;2.69;2.72;2.6;154737050;415530982;4.55;1.51;0.040
20250410;2.7;2.65;2.76;2.65;209451062;564311834;6.16;2.71;0.070
20250409;2.42;2.58;2.6;2.26;260388844;632403616;7.65;2.79;0.070
20250408;2.51;2.51;2.66;2.46;244293744;614755138;7.18;-8.06;-0.220
20250407;2.77;2.73;2.84;2.73;72618500;199921627;2.13;-9.9;-0.300
20250403;3.02;3.03;3.07;3.0;93769552;284232690;2.76;-0.98;-0.030
20250402;3.05;3.06;3.11;3.04;96023199;294760554;2.82;0.0;0.000
20250401;3.1;3.06;3.14;3.05;112456761;347527107;3.31;-0.97;-0.030
20250331;3.12;3.09;3.12;3.0;176535476;540221950;5.19;-1.9;-0.060
20250328;3.25;3.15;3.28;3.14;168420989;538221626;4.95;-3.37;-0.110
20250327;3.38;3.26;3.39;3.26;164508318;543422215;4.83;-4.12;-0.140
20250326;3.3;3.4;3.44;3.3;136344950;461576642;4.01;0.59;0.020
20250325;3.54;3.38;3.54;3.35;242531700;829579057;7.13;-5.32;-0.190
20250324;3.72;3.57;3.72;3.41;296195325;1058897342;8.7;-3.51;-0.130
20250321;3.71;3.7;3.85;3.55;383285729;1415625210;11.26;-1.07;-0.040
20250320;3.64;3.74;3.91;3.63;407479350;1539003541;11.98;2.75;0.100
20250319;3.71;3.64;3.75;3.62;216678600;793786851;6.37;-2.15;-0.080
20250318;3.72;3.72;3.79;3.67;219352600;818532567;6.45;0.0;0.000
20250317;3.75;3.72;3.87;3.71;272996350;1026991586;8.02;-0.8;-0.030
20250314;3.65;3.75;3.78;3.61;338954695;1263939815;9.96;2.46;0.090
20250313;3.75;3.66;3.79;3.58;389302103;1430834516;11.44;-2.4;-0.090
20250312;3.75;3.75;3.83;3.71;655379558;2482756537;19.26;-3.1;-0.120
20250311;3.57;3.87;3.97;3.53;929825613;3593975392;27.33;7.2;0.260
20250310;3.6;3.61;3.69;3.53;219350105;790020334;6.45;-1.1;-0.040
20250307;3.61;3.65;3.8;3.6;358450250;1323929887;10.53;0.0;0.000
20250306;3.69;3.65;3.75;3.61;388983408;1424776374;11.43;-0.54;-0.020
20250305;3.53;3.67;3.7;3.46;422027010;1524403393;12.4;3.97;0.140
20250304;3.46;3.53;3.55;3.42;202933700;706772792;5.96;-0.28;-0.010
20250303;3.37;3.54;3.65;3.36;308239205;1078903740;9.06;4.42;0.150
20250228;3.56;3.39;3.56;3.34;275380013;948419602;8.09;-6.35;-0.230
20250227;3.66;3.62;3.68;3.51;412422359;1479973189;12.12;-3.21;-0.120
20250226;3.55;3.74;3.84;3.52;583474339;2169597108;17.15;5.06;0.180
20250225;3.49;3.56;3.66;3.46;458339996;1643749887;13.47;0.0;0.000
20250224;3.63;3.56;3.7;3.51;578775765;2075385639;17.01;-4.56;-0.170
20250221;3.87;3.73;3.92;3.7;1082047601;4088025255;31.8;3.32;0.120
20250220;3.37;3.61;3.61;3.36;460689206;1621712470;13.54;10.06;0.330
20250219;3.2;3.28;3.3;3.18;233781950;761419786;6.87;1.86;0.060
20250218;3.3;3.22;3.41;3.2;308433955;1019149977;9.06;-2.72;-0.090
20250217;3.26;3.31;3.37;3.24;340307442;1127262098;10.0;2.16;0.070
20250214;3.33;3.24;3.43;3.23;371500400;1224934420;10.92;-2.7;-0.090
20250213;3.46;3.33;3.54;3.28;524657697;1785222464;15.42;-3.76;-0.130
20250212;3.49;3.46;3.58;3.38;772009698;2680525853;22.69;2.06;0.070
20250211;3.11;3.39;3.39;3.08;369008188;1209039602;10.84;10.06;0.310
20250210;3.02;3.08;3.1;3.02;256427817;783504332;7.54;1.99;0.060
20250207;2.97;3.02;3.08;2.95;256730085;778737101;7.55;1.34;0.040
20250206;2.88;2.98;3.01;2.85;186718649;552247575;5.49;2.76;0.080
20250205;2.81;2.9;2.92;2.81;151668305;436640941;4.46;3.2;0.090
20250127;2.93;2.81;2.94;2.8;202140364;579374083;5.94;-6.64;-0.200
20250124;2.99;3.01;3.08;2.9;230177914;681976468;6.76;-0.33;-0.010
20250123;3.11;3.02;3.18;3.02;216043755;670627539;6.35;-2.27;-0.070
20250122;3.03;3.09;3.13;2.99;179829155;553992773;5.29;1.31;0.040
20250121;3.13;3.05;3.16;3.03;192232905;590270810;5.65;-2.56;-0.080
20250120;3.18;3.13;3.21;3.11;182513596;573365732;5.36;0.32;0.010
20250117;3.18;3.12;3.19;3.09;266686696;837332909;7.84;-3.11;-0.100
20250116;3.2;3.22;3.36;3.13;471425300;1518329798;13.85;2.22;0.070
20250115;3.12;3.15;3.29;3.05;469243509;1472605983;13.79;1.29;0.040
20250114;2.89;3.11;3.11;2.84;315636139;946651575;9.28;9.89;0.280
20250113;2.81;2.83;2.96;2.76;228737289;651560541;6.72;-2.08;-0.060
20250110;3.11;2.89;3.15;2.86;353732109;1065451451;10.4;-8.25;-0.260
20250109;3.13;3.15;3.29;3.1;368544753;1172841278;10.83;-0.94;-0.030
20250108;3.04;3.18;3.42;2.9;529577960;1646842133;15.56;2.25;0.070
20250107;2.95;3.11;3.13;2.89;509408730;1539891795;14.97;-1.27;-0.040
20250106;2.97;3.15;3.21;2.92;765052326;2358402532;22.48;7.88;0.230
20250103;2.72;2.92;2.92;2.55;354385931;997532491;10.42;10.19;0.270
20250102;2.66;2.65;2.74;2.6;195596710;523274057;5.75;-1.12;-0.030