20251022;6.06;6.11;6.2;6.02;23787400;144985123;3.89;0.16;0.010
20251021;5.99;6.1;6.12;5.94;24786716;149969977;4.05;2.35;0.140
20251020;5.94;5.96;6.02;5.86;19244767;114272811;3.14;1.88;0.110
20251017;6.0;5.85;6.0;5.83;19624328;115578242;3.21;-1.85;-0.110
20251016;6.19;5.96;6.19;5.94;22859275;137248962;3.74;-2.3;-0.140
20251015;6.2;6.1;6.3;6.07;34018056;208722784;5.56;-1.61;-0.100
20251014;6.27;6.2;6.44;6.13;53426003;333332961;8.73;1.64;0.100
20251013;5.69;6.1;6.34;5.52;53181120;319825501;8.69;1.67;0.100
20251010;5.93;6.0;6.03;5.84;37612329;224310855;6.15;1.35;0.080
20251009;5.86;5.92;5.93;5.68;37633437;219582290;6.15;2.6;0.150
20250930;5.83;5.77;5.84;5.67;30210958;173580340;4.94;-1.2;-0.070
20250929;5.73;5.84;5.95;5.66;35607100;207662294;5.82;2.1;0.120
20250926;5.67;5.72;5.85;5.6;26867579;154575323;4.39;0.7;0.040
20250925;5.8;5.68;5.88;5.66;27214700;156164869;4.45;-1.9;-0.110
20250924;5.78;5.79;6.02;5.71;44656323;260127361;7.3;0.17;0.010
20250923;5.84;5.78;5.85;5.56;31142600;177126954;5.09;-1.2;-0.070
20250922;6.01;5.85;6.01;5.77;39210161;229150407;6.41;-1.18;-0.070
20250919;5.85;5.92;6.18;5.76;92810903;547384401;15.17;-1.99;-0.120
20250918;5.49;6.04;6.04;5.44;101647121;598245361;16.61;10.02;0.550
20250917;5.49;5.49;5.56;5.46;13738101;75596940;2.25;-0.18;-0.010
20250916;5.44;5.5;5.5;5.37;14524303;78922757;2.37;1.1;0.060
20250915;5.56;5.44;5.56;5.38;23471333;127838332;3.84;-1.98;-0.110
20250912;5.61;5.55;5.64;5.53;19643650;109623332;3.21;-0.72;-0.040
20250911;5.58;5.59;5.59;5.46;21238656;117224566;3.47;0.0;0.000
20250910;5.54;5.59;5.6;5.51;18606000;103428905;3.04;1.08;0.060
20250909;5.59;5.53;5.62;5.51;17492060;96939964;2.86;-1.07;-0.060
20250908;5.64;5.59;5.64;5.51;24964601;139111978;4.08;-0.89;-0.050
20250905;5.6;5.64;5.76;5.54;34282979;192797318;5.6;1.99;0.110
20250904;5.58;5.53;5.67;5.48;43345712;242279138;7.08;0.55;0.030
20250903;5.65;5.5;5.66;5.46;24799600;137908201;4.05;-2.48;-0.140
20250902;5.76;5.64;5.76;5.55;62875871;353194474;10.28;-2.42;-0.140
20250901;5.26;5.78;5.78;5.2;36510286;202513717;5.97;10.1;0.530
20250829;5.37;5.25;5.37;5.23;17964700;94739774;2.94;-0.57;-0.030
20250828;5.37;5.28;5.42;5.12;27994432;147359493;4.57;-1.49;-0.080
20250827;5.57;5.36;5.63;5.32;34646051;188990913;5.66;-4.63;-0.260
20250826;5.58;5.62;5.65;5.52;22575481;126375311;3.69;0.72;0.040
20250825;5.67;5.58;5.7;5.53;40232732;224908945;6.57;-0.89;-0.050
20250822;5.73;5.63;5.8;5.59;69456948;394284041;11.35;-1.75;-0.100
20250821;5.68;5.73;6.13;5.68;129645020;760486160;21.19;1.06;0.060
20250820;5.16;5.67;5.67;5.16;115790199;649393061;18.92;10.1;0.520
20250819;4.92;5.15;5.23;4.89;59221800;302460484;9.68;4.46;0.220
20250818;4.89;4.93;4.93;4.85;17474811;85623946;2.86;1.23;0.060
20250815;4.84;4.87;4.89;4.81;16444689;79763714;2.69;1.25;0.060
20250814;4.95;4.81;4.98;4.8;19146100;93312320;3.13;-2.83;-0.140
20250813;4.93;4.95;4.95;4.91;14537540;71662748;2.38;0.41;0.020
20250812;4.96;4.93;4.98;4.92;12424690;61367140;2.03;-0.4;-0.020
20250811;4.9;4.95;4.99;4.85;20701932;102054150;3.38;1.02;0.050
20250808;4.86;4.9;4.9;4.82;20944412;102001906;3.42;1.03;0.050
20250807;4.84;4.85;4.86;4.81;12678430;61398042;2.07;0.21;0.010
20250806;4.85;4.84;4.85;4.79;14721602;71031398;2.41;-0.21;-0.010
20250805;4.79;4.85;4.85;4.78;12668486;61159356;2.07;1.46;0.070
20250804;4.75;4.78;4.79;4.7;9817850;46772103;1.6;0.84;0.040
20250801;4.71;4.74;4.75;4.71;8581900;40671808;1.4;0.42;0.020
20250731;4.8;4.72;4.82;4.7;15205946;72316308;2.48;-1.67;-0.080
20250730;4.86;4.8;4.86;4.77;13966102;67154552;2.28;-0.83;-0.040
20250729;4.9;4.84;4.9;4.77;15606702;75234250;2.55;-0.82;-0.040
20250728;4.89;4.88;4.91;4.85;13520176;66019080;2.21;0.0;0.000
20250725;4.92;4.88;4.93;4.87;13337900;65212963;2.18;-1.01;-0.050
20250724;4.91;4.93;4.93;4.86;14334928;70199176;2.34;1.02;0.050
20250723;4.98;4.88;5.01;4.87;22044805;108521622;3.6;-2.01;-0.100
20250722;4.98;4.98;5.0;4.93;21939600;108801052;3.59;0.4;0.020
20250721;4.89;4.96;5.0;4.87;34670011;171829508;5.67;2.06;0.100
20250718;4.85;4.86;4.89;4.81;18613568;90171453;3.04;0.21;0.010
20250717;4.81;4.85;4.86;4.8;19565620;94544015;3.2;0.83;0.040
20250716;4.77;4.81;4.85;4.74;20300273;97745138;3.32;0.84;0.040
20250715;4.81;4.77;4.84;4.71;21452402;102249702;3.51;-0.63;-0.030
20250714;4.77;4.8;4.83;4.75;17116500;82214282;2.8;0.63;0.030
20250711;4.79;4.77;4.81;4.74;18303573;87241241;2.99;-0.42;-0.020
20250710;4.76;4.79;4.81;4.76;13508607;64726169;2.21;0.21;0.010
20250709;4.82;4.78;4.84;4.76;22536470;108113523;3.68;-0.83;-0.040
20250708;4.8;4.82;4.84;4.78;20184802;97014475;3.3;0.42;0.020
20250707;4.76;4.8;4.8;4.66;19138500;91163637;3.13;1.05;0.050
20250704;4.82;4.75;4.87;4.75;25570134;122986355;4.18;-1.45;-0.070
20250703;4.86;4.82;4.87;4.79;22602973;108943356;3.69;-0.41;-0.020
20250702;4.88;4.84;4.93;4.82;24270000;117837637;3.97;-1.02;-0.050
20250701;4.86;4.89;4.9;4.8;33763005;163507007;5.52;0.41;0.020
20250630;4.81;4.87;4.88;4.76;33922550;163842660;5.54;1.04;0.050
20250627;4.82;4.82;4.88;4.78;40696996;196606947;6.65;-2.43;-0.120
20250626;4.82;4.94;4.98;4.73;72732540;352198500;11.89;2.49;0.120
20250625;4.92;4.82;4.98;4.77;83965941;405986620;13.72;-5.49;-0.280
20250624;5.1;5.1;5.24;5.1;103573667;531049981;16.93;-10.05;-0.570
20250623;5.38;5.67;5.9;5.2;135769016;748566441;22.19;5.0;0.270
20250620;5.19;5.4;5.73;5.05;158350637;842398937;25.88;3.25;0.170
20250619;4.68;5.23;5.23;4.64;87060182;446178262;14.23;10.11;0.480
20250618;4.67;4.75;4.88;4.64;56615385;268681341;9.25;2.37;0.110
20250617;4.56;4.65;4.74;4.53;36310905;168405966;5.93;1.75;0.080
20250616;4.65;4.57;4.68;4.57;28731046;132909547;4.7;-0.44;-0.020
20250613;4.63;4.59;4.69;4.52;26342804;120632583;4.3;1.32;0.060
20250612;4.51;4.53;4.56;4.47;8893600;40192032;1.45;0.0;0.000
20250611;4.51;4.53;4.6;4.49;10429763;47379478;1.7;0.44;0.020
20250610;4.57;4.51;4.59;4.44;10847000;48948980;1.77;-1.31;-0.060
20250609;4.56;4.57;4.57;4.51;11279900;51341384;1.84;1.33;0.060
20250606;4.47;4.51;4.52;4.44;11129200;49946351;1.82;1.12;0.050
20250605;4.5;4.46;4.52;4.42;9425400;42003017;1.54;-0.67;-0.030
20250604;4.4;4.49;4.49;4.4;13305700;59373447;2.17;1.58;0.070
20250603;4.3;4.42;4.45;4.28;14022000;61712927;2.29;2.31;0.100
20250530;4.5;4.32;4.51;4.3;19884100;86793731;3.25;-4.0;-0.180
20250529;4.42;4.5;4.52;4.4;13204201;59187136;2.16;1.12;0.050
20250528;4.52;4.45;4.54;4.41;12266149;54845857;2.0;-1.33;-0.060
20250527;4.49;4.51;4.51;4.42;13018640;58004900;2.13;0.45;0.020
20250526;4.38;4.49;4.5;4.37;16301900;72531480;2.66;2.28;0.100
20250523;4.39;4.39;4.48;4.36;14013607;61986322;2.29;0.23;0.010
20250522;4.48;4.38;4.51;4.38;11173900;49475756;1.83;-2.23;-0.100
20250521;4.49;4.48;4.54;4.46;8426025;37845974;1.38;-0.44;-0.020
20250520;4.51;4.5;4.52;4.45;9796729;43874502;1.6;0.22;0.010
20250519;4.44;4.49;4.52;4.43;12727400;57073583;2.08;0.9;0.040
20250516;4.37;4.45;4.52;4.37;14482029;64524145;2.37;1.14;0.050
20250515;4.41;4.4;4.46;4.36;10910300;48124431;1.78;-0.23;-0.010
20250514;4.41;4.41;4.45;4.39;10816268;47825154;1.77;-0.23;-0.010
20250513;4.46;4.42;4.49;4.39;9295669;41240372;1.52;-0.45;-0.020
20250512;4.46;4.44;4.48;4.39;9639901;42567486;1.58;-0.22;-0.010
20250509;4.5;4.45;4.52;4.43;9269800;41318391;1.51;-1.11;-0.050
20250508;4.44;4.5;4.52;4.41;10189300;45657630;1.67;0.9;0.040
20250507;4.46;4.46;4.49;4.41;11557800;51346551;1.89;1.13;0.050
20250506;4.32;4.41;4.42;4.32;12561503;55196842;2.05;2.56;0.110
20250430;4.38;4.3;4.42;4.29;9641200;41962232;1.58;-1.15;-0.050
20250429;4.3;4.35;4.41;4.26;11140710;48574646;1.82;0.93;0.040
20250428;4.38;4.31;4.4;4.28;10890200;46960520;1.78;-1.6;-0.070
20250425;4.39;4.38;4.43;4.36;9468301;41627740;1.55;-0.45;-0.020
20250424;4.41;4.4;4.44;4.33;16351601;71681203;2.67;-0.45;-0.020
20250423;4.47;4.42;4.51;4.41;17795011;79237259;2.91;-1.12;-0.050
20250422;4.42;4.47;4.56;4.42;18082700;80927254;2.95;0.9;0.040
20250421;4.27;4.43;4.43;4.27;14993802;65393603;2.45;3.26;0.140
20250418;4.25;4.29;4.31;4.22;10043463;42812522;1.64;0.23;0.010
20250417;4.15;4.28;4.3;4.13;12271600;52201289;2.01;2.64;0.110
20250416;4.24;4.17;4.25;4.08;8942302;37208075;1.46;-1.65;-0.070
20250415;4.26;4.24;4.29;4.21;8209825;34776778;1.34;-0.24;-0.010
20250414;4.12;4.25;4.3;4.12;13138001;55568939;2.15;3.91;0.160
20250411;4.07;4.09;4.13;4.03;10673700;43734007;1.74;0.49;0.020
20250410;4.06;4.07;4.15;4.05;14597402;59848433;2.39;1.24;0.050
20250409;3.85;4.02;4.04;3.6;20609600;79539648;3.37;4.15;0.160
20250408;4.02;3.86;4.06;3.8;25814200;100993241;4.22;-4.93;-0.200
20250407;4.2;4.06;4.31;4.06;14699919;60342608;2.4;-9.98;-0.450
20250403;4.44;4.51;4.52;4.41;10660160;47758861;1.74;1.12;0.050
20250402;4.48;4.46;4.52;4.43;9378449;42027092;1.53;-0.67;-0.030
20250401;4.34;4.49;4.58;4.34;19300867;86915553;3.15;3.7;0.160
20250331;4.49;4.33;4.49;4.29;14990500;65271711;2.45;-3.78;-0.170
20250328;4.66;4.5;4.66;4.48;13531400;61334327;2.21;-3.02;-0.140
20250327;4.65;4.64;4.68;4.56;11226600;51985208;1.83;-0.43;-0.020
20250326;4.67;4.66;4.73;4.65;16800790;78664461;2.75;-0.43;-0.020
20250325;4.55;4.68;4.7;4.5;22402712;103717534;3.66;2.63;0.120
20250324;4.64;4.56;4.67;4.46;20505731;93436275;3.35;-1.72;-0.080
20250321;4.69;4.64;4.75;4.6;22194102;103910769;3.63;-1.07;-0.050
20250320;4.6;4.69;4.75;4.56;25407820;118154681;4.15;2.18;0.100
20250319;4.55;4.59;4.68;4.51;21176400;97264501;3.46;1.1;0.050
20250318;4.55;4.54;4.58;4.49;10711591;48435548;1.75;0.22;0.010
20250317;4.54;4.53;4.56;4.49;18422800;83383092;3.01;-0.22;-0.010
20250314;4.37;4.54;4.54;4.37;28628938;128127194;4.68;3.89;0.170
20250313;4.36;4.37;4.39;4.29;11084500;48060465;1.81;-0.23;-0.010
20250312;4.37;4.38;4.4;4.33;10553418;46035460;1.72;0.23;0.010
20250311;4.32;4.37;4.43;4.29;10437600;45450634;1.71;0.69;0.030
20250310;4.3;4.34;4.43;4.29;12729549;55535486;2.08;1.4;0.060
20250307;4.33;4.28;4.38;4.26;12200121;52606240;1.99;-1.15;-0.050
20250306;4.35;4.33;4.36;4.28;9792800;42358227;1.6;0.0;0.000
20250305;4.4;4.33;4.45;4.27;12335700;53303660;2.02;-2.04;-0.090
20250304;4.39;4.42;4.42;4.35;7824600;34379652;1.28;0.68;0.030
20250303;4.36;4.39;4.48;4.36;9310900;41193819;1.52;0.69;0.030
20250228;4.5;4.36;4.5;4.34;11507501;50740455;1.88;-2.68;-0.120
20250227;4.5;4.48;4.55;4.38;13081700;58469352;2.14;-0.22;-0.010
20250226;4.43;4.49;4.5;4.42;12279009;54933250;2.01;1.58;0.070
20250225;4.4;4.42;4.47;4.34;12100107;53498088;1.98;0.45;0.020
20250224;4.33;4.4;4.45;4.31;18406600;80632739;3.01;1.62;0.070
20250221;4.35;4.33;4.4;4.27;11524824;49693210;1.88;-0.92;-0.040
20250220;4.32;4.37;4.38;4.31;10172511;44247291;1.66;0.92;0.040
20250219;4.31;4.33;4.38;4.31;9362310;40628085;1.53;0.46;0.020
20250218;4.47;4.31;4.48;4.3;11762700;51486661;1.92;-3.58;-0.160
20250217;4.37;4.47;4.53;4.36;16446770;73352295;2.69;2.52;0.110
20250214;4.36;4.36;4.41;4.34;9570903;41828046;1.56;-0.46;-0.020
20250213;4.49;4.38;4.5;4.38;13874400;61251556;2.27;-2.23;-0.100
20250212;4.49;4.48;4.54;4.43;12504568;56009831;2.04;-0.88;-0.040
20250211;4.52;4.52;4.53;4.43;10833722;48584495;1.77;0.44;0.020
20250210;4.44;4.5;4.51;4.44;12084518;54010160;1.97;1.35;0.060
20250207;4.41;4.44;4.47;4.37;15424673;68324860;2.52;0.68;0.030
20250206;4.39;4.41;4.41;4.33;12427900;54311180;2.03;0.92;0.040
20250205;4.38;4.37;4.42;4.36;12184123;53474180;1.99;0.69;0.030
20250127;4.32;4.34;4.43;4.32;19902259;87246645;3.25;0.93;0.040
20250124;4.36;4.3;4.36;4.25;12692540;54440946;2.07;-1.38;-0.060
20250123;4.41;4.36;4.49;4.35;14623368;64842601;2.39;0.0;0.000
20250122;4.3;4.36;4.47;4.28;15906500;69698669;2.6;0.93;0.040
20250121;4.4;4.32;4.41;4.27;10875402;47017057;1.78;-1.37;-0.060
20250120;4.33;4.38;4.41;4.22;11299600;49002750;1.85;1.86;0.080
20250117;4.27;4.3;4.32;4.2;9841900;42181327;1.61;0.7;0.030
20250116;4.25;4.27;4.33;4.21;13359668;57134309;2.18;1.67;0.070
20250115;4.19;4.2;4.23;4.14;9488800;39785337;1.55;0.0;0.000
20250114;4.12;4.2;4.2;4.1;13225400;55169482;2.16;2.94;0.120
20250113;3.94;4.08;4.1;3.92;10572800;42534363;1.73;1.75;0.070
20250110;4.12;4.01;4.16;4.0;9525700;38703715;1.56;-2.2;-0.090
20250109;4.05;4.1;4.13;4.03;7958700;32622085;1.3;0.74;0.030
20250108;4.12;4.07;4.12;3.96;11287202;45677478;1.84;-0.73;-0.030
20250107;4.0;4.1;4.1;3.97;10399910;41991580;1.7;3.54;0.140
20250106;3.98;3.96;4.04;3.78;13532141;53133449;2.21;-0.25;-0.010
20250103;4.17;3.97;4.21;3.95;17577241;71067652;2.87;-5.02;-0.210
20250102;4.23;4.18;4.34;4.13;13251827;56304781;2.17;-0.95;-0.040