20251022;10.81;10.62;11.08;10.55;9269668;99842756;4.02;-0.56;-0.060
20251021;10.41;10.68;10.74;10.28;8078726;85540035;3.51;3.89;0.400
20251020;10.48;10.28;10.59;10.22;4102144;42518546;1.78;-0.68;-0.070
20251017;10.51;10.35;10.57;10.25;5591336;58029952;2.43;-1.52;-0.160
20251016;10.5;10.51;10.77;10.35;7416630;78004574;3.22;-1.31;-0.140
20251015;10.58;10.65;10.79;10.39;10512043;111011422;4.56;0.47;0.050
20251014;9.91;10.6;10.95;9.91;17221872;180984377;7.47;6.0;0.600
20251013;9.71;10.0;10.06;9.47;6193980;61132318;2.69;-0.79;-0.080
20251010;9.97;10.08;10.24;9.86;10553862;106521526;4.58;0.1;0.010
20251009;9.76;10.07;10.18;9.47;12798383;125576167;5.55;2.65;0.260
20250930;9.6;9.81;10.55;9.5;18336986;183021622;7.96;2.08;0.200
20250929;9.23;9.61;9.67;9.09;6471300;61100210;2.81;3.67;0.340
20250926;9.08;9.27;9.42;9.01;5714840;52902435;2.48;1.42;0.130
20250925;9.37;9.14;9.49;9.12;5156692;47713315;2.24;-2.87;-0.270
20250924;9.0;9.41;9.45;9.0;5828365;54034206;2.53;3.98;0.360
20250923;9.21;9.05;9.25;8.72;7232191;65156880;3.14;-2.16;-0.200
20250922;9.23;9.25;10.0;9.03;8753945;82200064;3.8;0.11;0.010
20250919;9.35;9.24;9.36;9.09;3250596;29913934;1.41;-1.07;-0.100
20250918;9.58;9.34;9.58;9.23;3706752;34885863;1.61;-2.4;-0.230
20250917;9.58;9.57;9.69;9.55;2534384;24348660;1.1;-0.31;-0.030
20250916;9.48;9.6;9.65;9.4;2841320;27149700;1.23;1.37;0.130
20250915;9.5;9.47;9.58;9.39;2621100;24820921;1.14;-0.53;-0.050
20250912;9.67;9.52;9.69;9.42;2599892;24870023;1.13;-1.24;-0.120
20250911;9.61;9.64;9.67;9.38;2859085;27321619;1.24;0.31;0.030
20250910;9.59;9.61;9.64;9.4;2327307;22259915;1.01;0.52;0.050
20250909;9.58;9.56;9.66;9.47;2782724;26651163;1.21;-0.52;-0.050
20250908;9.43;9.61;9.68;9.4;4056724;38707982;1.76;2.02;0.190
20250905;9.32;9.42;9.47;9.15;3676284;34345921;1.6;1.4;0.130
20250904;9.12;9.29;9.47;9.12;5175964;48203258;2.25;1.86;0.170
20250903;9.46;9.12;9.46;9.05;3350959;31117413;1.45;-3.59;-0.340
20250902;9.39;9.46;9.57;9.1;6025471;56028742;2.62;0.64;0.060
20250901;9.23;9.4;9.59;9.16;7149204;67197979;3.1;1.08;0.100
20250829;9.29;9.3;9.45;9.1;7378132;68248952;3.2;0.0;0.000
20250828;9.65;9.3;9.89;8.91;11048060;102718889;4.8;-4.12;-0.400
20250827;10.07;9.7;10.13;9.65;6887386;68271067;2.99;-3.67;-0.370
20250826;9.94;10.07;10.16;9.85;4552432;45703912;1.98;1.21;0.120
20250825;10.08;9.95;10.16;9.9;4646290;46536498;2.02;-1.19;-0.120
20250822;10.18;10.07;10.27;9.94;4067258;40850818;1.77;-1.08;-0.110
20250821;10.2;10.18;10.27;10.13;3100968;31662951;1.35;-0.39;-0.040
20250820;10.14;10.22;10.23;10.03;3336356;33865316;1.45;0.79;0.080
20250819;9.91;10.14;10.14;9.85;4040440;40469102;1.75;2.01;0.200
20250818;10.02;9.94;10.25;9.88;4946384;49535967;2.15;0.0;0.000
20250815;9.99;9.94;10.11;9.92;3582316;35840116;1.55;-0.3;-0.030
20250814;10.24;9.97;10.25;9.95;3768424;38031290;1.64;-2.06;-0.210
20250813;10.31;10.18;10.35;10.12;4039388;41244580;1.75;-1.17;-0.120
20250812;10.26;10.3;10.35;10.18;5011524;51458361;2.18;1.28;0.130
20250811;10.02;10.17;10.28;9.92;3864728;39173686;1.68;1.6;0.160
20250808;9.92;10.01;10.04;9.76;3878024;38505785;1.68;1.52;0.150
20250807;9.89;9.86;9.98;9.8;2741724;27034146;1.19;0.1;0.010
20250806;9.91;9.85;9.96;9.82;3306132;32659329;1.43;-0.51;-0.050
20250805;9.8;9.9;9.9;9.78;3218108;31706514;1.4;1.12;0.110
20250804;9.76;9.79;9.84;9.68;3688548;36035497;1.6;0.31;0.030
20250801;9.67;9.76;9.8;9.56;3704388;35986962;1.61;1.77;0.170
20250731;9.74;9.59;9.8;9.54;2862176;27627276;1.24;-1.54;-0.150
20250730;9.8;9.74;9.84;9.65;3014356;29317640;1.31;-0.71;-0.070
20250729;9.9;9.81;9.95;9.69;2845536;27872769;1.24;-0.61;-0.060
20250728;9.83;9.87;9.93;9.73;2525637;24838887;1.1;0.51;0.050
20250725;9.71;9.82;9.82;9.65;2721936;26565409;1.18;1.24;0.120
20250724;9.76;9.7;9.78;9.62;2304360;22340204;1.0;-0.31;-0.030
20250723;9.79;9.73;9.8;9.68;3008269;29286239;1.31;-0.71;-0.070
20250722;9.9;9.8;9.95;9.74;3575556;35169558;1.55;-1.01;-0.100
20250721;9.78;9.9;9.9;9.71;2746206;27071463;1.19;1.02;0.100
20250718;9.78;9.8;9.88;9.71;2256372;22049171;0.98;0.31;0.030
20250717;9.78;9.77;9.88;9.7;2120972;20789495;0.92;0.1;0.010
20250716;9.61;9.76;9.8;9.57;2812112;27358752;1.22;1.56;0.150
20250715;9.79;9.61;9.84;9.43;4061144;38954745;1.76;-1.74;-0.170
20250714;9.61;9.78;9.83;9.51;3061464;29725873;1.33;2.19;0.210
20250711;9.69;9.57;9.69;9.48;3062704;29394809;1.33;-0.52;-0.050
20250710;9.68;9.62;9.71;9.51;2309088;22184197;1.0;-0.52;-0.050
20250709;9.63;9.67;9.73;9.6;3343916;32265019;1.45;0.0;0.000
20250708;9.63;9.67;9.78;9.58;3151700;30437844;1.37;0.42;0.040
20250707;9.35;9.63;9.64;9.22;3704317;35146377;1.61;2.99;0.280
20250704;9.58;9.35;9.64;9.34;4228927;39874212;1.84;-2.4;-0.230
20250703;9.45;9.58;9.9;9.35;6445696;61676988;2.8;1.91;0.180
20250702;9.42;9.4;9.5;9.31;2301984;21578816;1.0;-0.21;-0.020
20250701;9.43;9.42;9.5;9.27;3430400;32219758;1.49;0.0;0.000
20250630;9.28;9.42;9.43;9.22;3145188;29388568;1.37;1.29;0.120
20250627;9.27;9.3;9.31;9.16;3100400;28688040;1.35;0.43;0.040
20250626;9.3;9.26;9.36;9.18;3101468;28726708;1.35;-0.11;-0.010
20250625;9.39;9.27;9.44;9.17;4621660;42860234;2.01;0.43;0.040
20250624;8.92;9.23;9.25;8.92;4517892;41322926;1.96;3.48;0.310
20250623;8.69;8.92;8.95;8.58;3439996;30288849;1.49;2.65;0.230
20250620;8.69;8.69;8.75;8.58;3038864;26420095;1.32;0.35;0.030
20250619;8.92;8.66;8.92;8.63;3614380;31587321;1.57;-2.7;-0.240
20250618;9.01;8.9;9.02;8.85;2357676;21004943;1.02;-1.22;-0.110
20250617;9.08;9.01;9.15;8.94;3030000;27357055;1.32;-0.66;-0.060
20250616;9.04;9.07;9.22;9.01;3088880;28129493;1.34;-0.66;-0.060
20250613;9.2;9.13;9.25;9.03;3549860;32385084;1.54;-1.3;-0.120
20250612;9.34;9.25;9.35;9.12;3265372;30072684;1.42;0.33;0.030
20250611;9.18;9.22;9.28;9.14;3231844;29824225;1.4;0.88;0.080
20250610;9.31;9.14;9.33;9.05;4451644;40866040;1.93;-1.61;-0.150
20250609;9.26;9.29;9.37;9.16;4219846;39047885;1.83;0.32;0.030
20250606;9.15;9.26;9.37;9.07;4282632;39399252;1.86;0.87;0.080
20250605;9.27;9.18;9.27;9.06;4241444;38858071;1.84;-0.97;-0.090
20250604;9.05;9.27;9.29;9.03;5786746;53096926;2.51;3.0;0.270
20250603;8.9;9.0;9.1;8.86;4977224;44964193;2.16;0.56;0.050
20250530;9.01;8.95;9.05;8.88;3650620;32654604;1.58;-0.44;-0.040
20250529;8.87;8.99;9.05;8.8;4491187;40282945;1.95;1.47;0.130
20250528;8.93;8.86;8.95;8.82;4635337;41183969;2.01;-0.78;-0.070
20250527;8.8;8.93;8.95;8.72;4017472;35634995;1.74;1.13;0.100
20250526;8.92;9.07;9.1;8.81;4183648;37571217;1.82;1.57;0.140
20250523;8.99;8.93;9.13;8.92;4738788;42786016;2.06;-0.78;-0.070
20250522;9.13;9.0;9.24;8.93;4206280;38127244;1.83;-1.42;-0.130
20250521;9.14;9.13;9.22;9.0;4434919;40387743;1.92;-0.44;-0.040
20250520;8.99;9.17;9.19;8.93;5298020;48205213;2.3;2.34;0.210
20250519;8.95;8.96;9.01;8.79;4225760;37703863;1.83;0.11;0.010
20250516;8.87;8.95;8.97;8.85;3134112;27983884;1.36;0.45;0.040
20250515;8.8;8.91;8.98;8.72;5243084;46520229;2.28;1.37;0.120
20250514;8.79;8.79;8.87;8.76;4023752;35443231;1.75;-0.34;-0.030
20250513;8.93;8.82;8.98;8.75;4214284;37250485;1.83;0.0;0.000
20250512;8.9;8.82;8.98;8.8;7004116;61993624;3.04;-1.89;-0.170
20250509;8.98;8.99;9.1;8.92;6610704;59530483;2.87;0.11;0.010
20250508;8.84;8.98;9.0;8.75;5202764;46379850;2.26;1.47;0.130
20250507;8.83;8.85;8.89;8.72;7143740;62989851;3.1;1.14;0.100
20250506;8.63;8.75;8.75;8.59;7485863;64973270;3.25;2.34;0.200
20250430;8.57;8.55;8.67;8.54;7662876;65819960;3.33;-0.23;-0.020
20250429;8.43;8.57;8.64;8.37;10545309;90257597;4.58;1.66;0.140
20250428;8.32;8.43;8.48;8.21;9808060;82042105;4.26;1.32;0.110
20250425;8.36;8.32;8.65;8.3;10140998;85381932;4.4;-1.54;-0.130
20250424;8.3;8.45;8.49;8.3;12838207;107509803;5.57;1.81;0.150
20250423;8.4;8.3;8.51;8.25;17987669;150147784;7.81;-2.01;-0.170
20250422;8.8;8.47;9.0;8.46;29335259;251186001;12.73;-9.89;-0.930
20250421;10.66;9.4;10.66;9.22;38474668;380892074;16.7;-2.99;-0.290
20250418;9.69;9.69;9.69;9.69;2566848;24872757;1.11;9.99;0.880
20250417;8.81;8.81;8.81;8.81;6988582;61569407;3.03;9.99;0.800
20250416;8.1;8.01;8.16;7.78;5032411;40158422;2.18;-0.99;-0.080
20250415;8.28;8.09;8.47;7.95;6488000;52548581;2.82;2.93;0.230
20250414;7.74;7.86;7.96;7.74;2959688;23298104;1.28;2.61;0.200
20250411;7.59;7.66;7.75;7.52;2554292;19556377;1.11;0.79;0.060
20250410;7.46;7.6;7.75;7.46;4411010;33623386;1.91;3.4;0.250
20250409;7.09;7.35;7.44;6.66;5345480;38014516;2.32;1.66;0.120
20250408;7.34;7.23;7.4;6.98;6566424;46989638;2.85;-1.5;-0.110
20250407;7.82;7.34;7.9;7.34;4188700;31047510;1.82;-9.94;-0.810
20250403;8.04;8.15;8.17;7.91;3201400;25821224;1.39;-0.12;-0.010
20250402;8.12;8.16;8.26;8.0;3396484;27774861;1.47;1.12;0.090
20250401;7.91;8.07;8.24;7.91;3074996;24921557;1.33;2.15;0.170
20250331;7.9;7.9;7.95;7.76;3265532;25653553;1.42;-1.37;-0.110
20250328;8.13;8.01;8.15;7.95;2568760;20653366;1.11;-1.48;-0.120
20250327;8.14;8.13;8.23;7.94;2849756;23063387;1.24;-0.61;-0.050
20250326;7.98;8.18;8.26;7.9;4147740;33905990;1.8;2.51;0.200
20250325;7.97;7.98;8.04;7.75;4080156;32345093;1.77;0.38;0.030
20250324;8.39;7.95;8.43;7.85;4665084;37547547;2.02;-5.24;-0.440
20250321;8.5;8.39;8.54;8.31;3272168;27511294;1.42;-1.76;-0.150
20250320;8.59;8.54;8.6;8.43;3255404;27728195;1.41;-0.47;-0.040
20250319;8.6;8.58;8.64;8.5;2935028;25134363;1.27;-0.23;-0.020
20250318;8.57;8.6;8.61;8.52;2804632;24023812;1.22;0.35;0.030
20250317;8.51;8.57;8.67;8.44;4171876;35699636;1.81;0.82;0.070
20250314;8.25;8.5;8.51;8.24;4333440;36334984;1.88;2.53;0.210
20250313;8.4;8.29;8.4;8.15;3249736;26817589;1.41;-1.19;-0.100
20250312;8.33;8.39;8.4;8.29;2666087;22251947;1.16;0.6;0.050
20250311;8.23;8.34;8.34;8.03;2524124;20820979;1.1;1.09;0.090
20250310;8.19;8.25;8.28;8.16;3148839;25887384;1.37;0.86;0.070
20250307;8.2;8.18;8.27;8.1;3100317;25382855;1.35;-0.73;-0.060
20250306;8.13;8.24;8.26;8.11;4169780;34175075;1.81;1.73;0.140
20250305;8.13;8.1;8.15;7.96;3235456;26011589;1.4;-0.37;-0.030
20250304;7.99;8.13;8.15;7.9;3873007;31301971;1.68;2.14;0.170
20250303;7.88;7.96;8.08;7.88;3642210;29152009;1.58;1.27;0.100
20250228;8.09;7.86;8.09;7.83;3569022;28344700;1.55;-2.84;-0.230
20250227;8.08;8.09;8.13;7.9;3964112;31774632;1.72;0.0;0.000
20250226;7.97;8.09;8.13;7.97;3550148;28706608;1.54;1.38;0.110
20250225;7.98;7.98;8.09;7.92;2665912;21324698;1.16;-0.62;-0.050
20250224;7.94;8.03;8.07;7.9;3365684;26892285;1.46;1.13;0.090
20250221;8.05;7.94;8.07;7.9;3289044;26150104;1.43;-1.49;-0.120
20250220;7.93;8.06;8.09;7.91;2955124;23694443;1.28;1.38;0.110
20250219;7.84;7.95;7.95;7.78;2727951;21548847;1.18;2.19;0.170
20250218;8.06;7.78;8.1;7.77;4520464;35775508;1.96;-3.95;-0.320
20250217;7.94;8.1;8.12;7.9;3707408;29808962;1.61;2.4;0.190
20250214;7.94;7.91;8.0;7.88;3005931;23864056;1.3;-0.13;-0.010
20250213;8.08;7.92;8.11;7.92;3289736;26326156;1.43;-2.22;-0.180
20250212;8.05;8.1;8.13;8.04;3777808;30541666;1.64;-0.12;-0.010
20250211;8.07;8.11;8.27;8.0;5167964;41818393;2.24;0.5;0.040
20250210;7.97;8.07;8.08;7.97;4052548;32500938;1.76;1.0;0.080
20250207;7.96;7.99;8.06;7.87;4896372;39101257;2.13;0.0;0.000
20250206;7.85;7.99;7.99;7.76;4649747;36634168;2.02;1.78;0.140
20250205;7.86;7.85;7.95;7.78;3931160;30864576;1.71;0.51;0.040
20250127;7.79;7.81;7.98;7.78;4422556;34861250;1.92;0.77;0.060
20250124;7.72;7.75;7.75;7.58;3936896;30185130;1.71;0.52;0.040
20250123;7.79;7.71;7.87;7.71;4945259;38556680;2.15;-0.13;-0.010
20250122;7.75;7.72;7.87;7.66;6904652;53402068;3.0;-1.53;-0.120
20250121;8.08;7.84;8.24;7.73;13651939;108450216;5.93;0.77;0.060
20250120;8.3;7.78;9.08;7.66;19497012;159242522;8.46;-6.04;-0.500
20250117;8.2;8.28;8.33;8.04;5082564;41616470;2.21;0.49;0.040
20250116;8.2;8.24;8.27;8.1;4664047;38194044;2.02;0.49;0.040
20250115;8.03;8.2;8.31;7.99;8501592;69554328;3.69;2.12;0.170
20250114;7.6;8.03;8.05;7.58;8925381;69966138;3.87;6.36;0.480
20250113;7.03;7.55;7.6;7.0;8414816;62070165;3.65;4.14;0.300
20250110;7.29;7.25;7.57;7.17;6317444;46452455;2.74;-0.82;-0.060
20250109;7.3;7.31;7.39;7.23;3000500;21948158;1.3;0.14;0.010
20250108;7.23;7.3;7.36;7.04;4661176;33670783;2.02;0.0;0.000
20250107;6.97;7.3;7.3;6.97;5507644;39318834;2.39;5.19;0.360
20250106;6.89;6.94;7.02;6.52;5483623;37435530;2.38;0.43;0.030
20250103;7.38;6.91;7.43;6.88;6286640;44427031;2.73;-5.99;-0.440
20250102;7.36;7.35;7.6;7.26;5517928;41074626;2.39;-0.14;-0.010