20251022;2.49;2.49;2.53;2.48;9560000;23887268;0.93;0.0;0.000
20251021;2.5;2.49;2.55;2.47;14779190;36873446;1.44;-0.4;-0.010
20251020;2.42;2.5;2.52;2.4;19770232;48711937;1.92;3.73;0.090
20251017;2.42;2.41;2.46;2.4;11084900;26863668;1.08;-0.82;-0.020
20251016;2.4;2.43;2.45;2.37;15072571;36354636;1.46;0.83;0.020
20251015;2.38;2.41;2.43;2.36;9896806;23698497;0.96;1.69;0.040
20251014;2.41;2.37;2.45;2.37;14171142;34127625;1.38;-2.07;-0.050
20251013;2.33;2.42;2.45;2.31;18067001;42960224;1.75;2.11;0.050
20251010;2.36;2.37;2.41;2.35;22147773;52567254;2.15;-0.84;-0.020
20251009;2.28;2.39;2.39;2.28;28276093;67122862;2.75;4.82;0.110
20250930;2.27;2.28;2.29;2.27;5369441;12231257;0.52;0.0;0.000
20250929;2.27;2.28;2.29;2.24;6101659;13827365;0.59;0.0;0.000
20250926;2.26;2.28;2.29;2.24;6585500;14918690;0.64;0.88;0.020
20250925;2.27;2.26;2.28;2.24;5097800;11533642;0.5;-0.88;-0.020
20250924;2.24;2.28;2.28;2.24;5606927;12723768;0.54;1.33;0.030
20250923;2.3;2.25;2.3;2.22;12381727;27868862;1.2;-2.17;-0.050
20250922;2.3;2.3;2.31;2.28;6409820;14686584;0.62;0.0;0.000
20250919;2.31;2.3;2.32;2.28;9577000;21990781;0.93;-0.86;-0.020
20250918;2.34;2.32;2.37;2.3;14232664;33258947;1.38;-0.85;-0.020
20250917;2.36;2.34;2.37;2.33;9829464;23084725;0.95;-1.27;-0.030
20250916;2.35;2.37;2.39;2.32;14074421;33120183;1.37;1.28;0.030
20250915;2.36;2.34;2.37;2.34;7882711;18525021;0.77;-0.43;-0.010
20250912;2.34;2.35;2.37;2.32;11149271;26183277;1.08;0.0;0.000
20250911;2.36;2.35;2.36;2.32;11791501;27529704;1.15;-0.42;-0.010
20250910;2.37;2.36;2.39;2.35;11340450;26793000;1.1;-0.84;-0.020
20250909;2.39;2.38;2.43;2.36;14038043;33565399;1.36;0.0;0.000
20250908;2.39;2.38;2.4;2.36;11111200;26449980;1.08;-0.42;-0.010
20250905;2.36;2.39;2.39;2.34;13465601;31882264;1.31;0.84;0.020
20250904;2.35;2.37;2.37;2.33;17677792;41564196;1.72;0.0;0.000
20250903;2.3;2.37;2.43;2.29;30630255;73196977;2.98;2.6;0.060
20250902;2.31;2.31;2.32;2.28;10834306;24885135;1.05;0.0;0.000
20250901;2.31;2.31;2.33;2.26;12516650;28867616;1.22;0.0;0.000
20250829;2.36;2.31;2.36;2.29;12849730;29717098;1.25;-2.12;-0.050
20250828;2.36;2.36;2.38;2.29;22441499;52534313;2.18;0.0;0.000
20250827;2.49;2.36;2.53;2.35;33516487;81082556;3.26;-4.45;-0.110
20250826;2.56;2.47;2.58;2.42;37502407;93049080;3.64;-1.59;-0.040
20250825;2.43;2.51;2.51;2.43;22287346;55240639;2.16;5.02;0.120
20250822;2.28;2.39;2.39;2.28;26864158;63295453;2.61;4.82;0.110
20250821;2.29;2.28;2.3;2.28;10822300;24783767;1.05;-0.87;-0.020
20250820;2.25;2.3;2.31;2.23;18920787;43206975;1.84;2.68;0.060
20250819;2.25;2.24;2.26;2.23;11608567;26030904;1.13;-0.88;-0.020
20250818;2.28;2.26;2.28;2.24;14928000;33746578;1.45;-0.88;-0.020
20250815;2.27;2.28;2.3;2.25;8447449;19231704;0.82;0.44;0.010
20250814;2.31;2.27;2.31;2.26;11673749;26598678;1.13;-1.3;-0.030
20250813;2.31;2.3;2.33;2.29;11424005;26358059;1.11;-1.29;-0.030
20250812;2.34;2.33;2.35;2.31;8146423;18936670;0.79;-0.43;-0.010
20250811;2.33;2.34;2.36;2.32;8231279;19260614;0.8;0.0;0.000
20250808;2.34;2.34;2.37;2.31;10492300;24545701;1.02;0.0;0.000
20250807;2.3;2.34;2.34;2.28;11563481;26820644;1.12;1.74;0.040
20250806;2.32;2.3;2.35;2.27;12943600;29740864;1.26;-0.86;-0.020
20250805;2.27;2.32;2.32;2.26;12033195;27732312;1.17;2.2;0.050
20250804;2.22;2.27;2.27;2.21;9731200;21952213;0.95;1.79;0.040
20250801;2.26;2.23;2.27;2.21;10659101;23809384;1.04;-1.33;-0.030
20250731;2.27;2.26;2.3;2.25;7674000;17399759;0.75;-0.88;-0.020
20250730;2.31;2.28;2.32;2.27;8560602;19585395;0.83;-1.72;-0.040
20250729;2.28;2.32;2.32;2.25;11163303;25515156;1.08;1.31;0.030
20250728;2.3;2.29;2.33;2.28;9898576;22779164;0.96;-0.43;-0.010
20250725;2.29;2.3;2.34;2.28;9377300;21707959;0.91;0.44;0.010
20250724;2.26;2.29;2.3;2.24;10938611;24953870;1.06;1.33;0.030
20250723;2.38;2.26;2.38;2.25;28545401;65468878;2.77;-4.64;-0.110
20250722;2.39;2.37;2.39;2.36;8834315;20958586;0.86;-0.42;-0.010
20250721;2.38;2.38;2.41;2.36;7349300;17537482;0.71;-0.42;-0.010
20250718;2.4;2.39;2.4;2.36;8925500;21208977;0.87;-0.83;-0.020
20250717;2.4;2.41;2.46;2.39;15143200;36610151;1.47;0.42;0.010
20250716;2.36;2.4;2.42;2.35;11230500;26904407;1.09;2.13;0.050
20250715;2.38;2.35;2.39;2.33;13967500;32784780;1.36;-1.26;-0.030
20250714;2.42;2.38;2.42;2.35;15790523;37594197;1.53;-1.65;-0.040
20250711;2.5;2.42;2.51;2.38;18056640;43907928;1.75;-1.22;-0.030
20250710;2.47;2.45;2.49;2.45;8854794;21835417;0.86;-1.21;-0.030
20250709;2.52;2.48;2.52;2.46;14081101;34957228;1.37;-1.59;-0.040
20250708;2.54;2.52;2.56;2.51;11860502;29945980;1.15;-0.79;-0.020
20250707;2.59;2.54;2.61;2.53;12640800;32312889;1.23;-1.93;-0.050
20250704;2.54;2.59;2.62;2.5;15026723;38657169;1.46;1.57;0.040
20250703;2.48;2.55;2.58;2.47;16595214;42180104;1.61;3.24;0.080
20250702;2.54;2.47;2.54;2.45;17231800;42737305;1.67;-2.76;-0.070
20250701;2.56;2.54;2.6;2.53;10274101;26206869;1.0;-0.78;-0.020
20250630;2.6;2.56;2.64;2.54;14810897;38303469;1.44;-1.16;-0.030
20250627;2.51;2.59;2.6;2.5;14504502;37353775;1.41;2.78;0.070
20250626;2.62;2.52;2.63;2.5;24662925;62744222;2.4;-4.18;-0.110
20250625;2.64;2.63;2.67;2.61;10033465;26428892;0.97;-0.75;-0.020
20250624;2.7;2.65;2.71;2.64;12201040;32485466;1.19;0.76;0.020
20250623;2.67;2.63;2.67;2.6;12629200;33108720;1.23;-1.5;-0.040
20250620;2.59;2.67;2.74;2.59;20212440;53961954;1.96;1.91;0.050
20250619;2.68;2.62;2.72;2.59;18927541;49772200;1.84;-2.96;-0.080
20250618;2.7;2.7;2.78;2.65;19731682;53552810;1.92;-0.37;-0.010
20250617;2.77;2.71;2.81;2.67;37786061;103423097;3.67;0.74;0.020
20250616;2.59;2.69;2.69;2.58;19609976;52398792;1.9;5.08;0.130
20250613;2.67;2.56;2.67;2.54;35565819;91754925;3.45;-3.76;-0.100
20250612;2.8;2.66;2.8;2.58;71711324;193856341;6.97;-0.37;-0.010
20250611;2.59;2.67;2.67;2.54;21590968;56751995;2.1;5.12;0.130
20250610;2.45;2.54;2.54;2.43;46674994;117171508;4.53;4.96;0.120
20250609;2.3;2.42;2.42;2.27;35802214;85387121;3.48;5.22;0.120
20250606;2.22;2.3;2.3;2.21;27942536;62792025;2.71;1.32;0.030
20250605;2.22;2.27;2.3;2.22;43926828;100302339;4.27;3.65;0.080
20250604;2.19;2.19;2.21;2.17;16065416;35162289;1.56;0.0;0.000
20250603;2.11;2.19;2.2;2.1;22861925;49445370;2.22;3.79;0.080
20250530;2.11;2.11;2.12;2.09;10763229;22638047;1.05;-0.47;-0.010
20250529;2.11;2.12;2.14;2.09;11848002;25078206;1.15;0.47;0.010
20250528;2.15;2.11;2.16;2.1;11620160;24702447;1.13;-1.86;-0.040
20250527;2.07;2.15;2.16;2.07;15371113;32630815;1.49;2.87;0.060
20250526;2.08;2.09;2.12;2.07;11774200;24556833;1.14;0.48;0.010
20250523;2.13;2.08;2.17;2.08;17853048;37715970;1.73;-2.8;-0.060
20250522;2.16;2.14;2.22;2.13;17954891;38919415;1.74;-1.38;-0.030
20250521;2.16;2.17;2.2;2.12;20383108;43944164;1.98;0.0;0.000
20250520;2.14;2.17;2.2;2.12;20448900;44261893;1.99;2.36;0.050
20250519;2.08;2.12;2.12;2.06;19894155;41743214;1.93;4.43;0.090
20250516;2.12;2.03;2.13;2.03;30544069;62814295;2.97;-5.14;-0.110
20250515;2.1;2.14;2.16;2.08;30837084;65535866;3.0;3.38;0.070
20250514;2.02;2.07;2.09;2.02;37179673;76296942;3.61;0.98;0.020
20250513;1.98;2.05;2.05;1.97;48973733;99549776;4.76;5.13;0.100
20250512;1.92;1.95;2.01;1.85;44464281;85430409;4.32;1.56;0.030
20250509;1.87;1.92;1.94;1.85;48824314;93701924;4.74;3.78;0.070
20250508;1.81;1.85;1.91;1.8;47688004;88161021;4.63;-2.12;-0.040
20250507;1.72;1.89;1.9;1.72;96656166;169591608;9.39;4.42;0.080
20250506;1.81;1.81;1.81;1.81;2509200;4541652;0.24;-5.24;-0.100
20250430;1.91;1.91;1.91;1.91;1370800;2618228;0.13;-4.98;-0.100
20250428;2.04;2.01;2.04;1.98;16511980;33056889;1.6;-1.95;-0.040
20250425;2.07;2.05;2.08;2.05;20543308;42317597;2.0;-1.44;-0.030
20250424;2.1;2.08;2.12;2.08;16920522;35373659;1.64;-1.42;-0.030
20250423;2.12;2.11;2.14;2.1;15682510;33164557;1.52;-0.47;-0.010
20250422;2.16;2.12;2.16;2.11;20601911;43851158;2.0;-1.85;-0.040
20250421;2.11;2.16;2.17;2.09;19092848;40941542;1.85;0.93;0.020
20250418;2.14;2.14;2.18;2.1;16640700;35519585;1.62;-0.93;-0.020
20250417;2.15;2.16;2.18;2.14;17867611;38565528;1.74;0.93;0.020
20250416;2.21;2.14;2.22;2.12;25408000;54755979;2.47;-2.73;-0.060
20250415;2.26;2.2;2.27;2.19;20019351;44283329;1.94;-2.22;-0.050
20250414;2.24;2.25;2.29;2.21;32573701;73257234;3.16;0.45;0.010
20250411;2.17;2.24;2.35;2.14;48937267;109476194;4.75;4.19;0.090
20250410;2.13;2.15;2.17;2.12;41522434;89408766;4.03;2.38;0.050
20250409;2.1;2.1;2.12;1.92;59764661;119562356;5.81;-1.41;-0.030
20250408;2.11;2.13;2.26;2.11;75980672;162200048;7.38;-8.97;-0.210
20250407;2.34;2.34;2.34;2.34;11299600;26441064;1.1;-10.0;-0.260
20250403;2.54;2.6;2.7;2.47;70414702;180422651;6.84;1.56;0.040
20250402;2.63;2.56;2.74;2.53;81107839;211659233;7.88;-6.91;-0.190
20250401;2.53;2.75;2.88;2.5;110730750;299670083;10.76;3.38;0.090
20250331;2.45;2.66;2.74;2.37;127292279;328999827;12.36;6.83;0.170
20250328;2.26;2.49;2.49;2.23;95966223;236081504;9.32;10.18;0.230
20250327;2.26;2.26;2.27;2.21;12546052;28071176;1.22;-0.44;-0.010
20250326;2.24;2.27;2.3;2.21;13204080;29913001;1.28;1.34;0.030
20250325;2.29;2.24;2.29;2.23;10423482;23396064;1.01;-0.88;-0.020
20250324;2.32;2.26;2.34;2.23;22387386;51094304;2.17;-3.0;-0.070
20250321;2.31;2.33;2.35;2.29;22590252;52304114;2.19;0.87;0.020
20250320;2.33;2.31;2.35;2.3;11992101;27809197;1.16;-0.43;-0.010
20250319;2.32;2.32;2.35;2.3;17864765;41479314;1.74;0.43;0.010
20250318;2.35;2.31;2.36;2.29;19635464;45358647;1.91;-1.28;-0.030
20250317;2.32;2.34;2.38;2.3;25812511;60279116;2.51;0.86;0.020
20250314;2.27;2.32;2.32;2.24;29619923;67790766;2.88;2.2;0.050
20250313;2.26;2.27;2.28;2.21;23771960;53401529;2.31;0.0;0.000
20250312;2.24;2.27;2.29;2.22;24091980;54458455;2.34;1.34;0.030
20250311;2.27;2.24;2.27;2.2;26341100;58762761;2.56;-1.75;-0.040
20250310;2.18;2.28;2.35;2.17;56975116;129265129;5.53;5.56;0.120
20250307;2.19;2.16;2.22;2.14;23056202;50001917;2.24;-0.92;-0.020
20250306;2.16;2.18;2.19;2.11;33300807;71943967;3.23;0.93;0.020
20250305;2.19;2.16;2.2;2.1;32779463;69935359;3.18;-1.37;-0.030
20250304;2.31;2.19;2.32;2.11;64387396;140933481;6.25;-6.01;-0.140
20250303;2.28;2.33;2.36;2.24;36178830;83423389;3.51;-2.1;-0.050
20250228;2.45;2.38;2.47;2.38;18377270;44381849;1.79;-3.64;-0.090
20250227;2.49;2.47;2.51;2.43;18317174;45103647;1.78;-0.8;-0.020
20250226;2.48;2.49;2.52;2.46;20424302;50507933;1.98;0.4;0.010
20250225;2.53;2.48;2.53;2.46;21040602;52367946;2.04;-1.98;-0.050
20250224;2.51;2.53;2.57;2.5;19055400;48377911;1.85;0.0;0.000
20250221;2.57;2.53;2.58;2.5;17568400;44407631;1.71;-1.17;-0.030
20250220;2.55;2.56;2.6;2.52;16628478;42625648;1.62;0.39;0.010
20250219;2.53;2.55;2.55;2.5;16757232;42305471;1.63;0.79;0.020
20250218;2.65;2.53;2.66;2.52;27896202;71495634;2.71;-4.17;-0.110
20250217;2.58;2.64;2.7;2.57;33680310;88659122;3.27;2.72;0.070
20250214;2.56;2.57;2.62;2.55;26804801;69384983;2.6;0.0;0.000
20250213;2.55;2.57;2.59;2.52;22183486;56776135;2.15;0.78;0.020
20250212;2.58;2.55;2.59;2.53;19093902;48675613;1.85;-1.16;-0.030
20250211;2.63;2.58;2.64;2.55;22455007;57661438;2.18;-1.9;-0.050
20250210;2.54;2.63;2.63;2.53;34261554;88968572;3.33;3.95;0.100
20250207;2.46;2.53;2.55;2.45;29412708;74033508;2.86;2.85;0.070
20250206;2.43;2.46;2.48;2.35;24067404;58127037;2.34;1.23;0.030
20250205;2.38;2.43;2.45;2.38;18698478;45263616;1.82;3.4;0.080
20250127;2.38;2.35;2.43;2.33;14618178;34771666;1.42;-0.42;-0.010
20250124;2.33;2.36;2.41;2.27;25509600;59738906;2.48;1.29;0.030
20250123;2.39;2.33;2.43;2.33;23754100;56515433;2.31;-1.69;-0.040
20250122;2.26;2.37;2.41;2.26;36292992;85266363;3.53;-5.2;-0.130
20250121;2.56;2.5;2.57;2.48;15491500;38782820;1.5;-1.57;-0.040
20250120;2.59;2.54;2.61;2.52;20367301;52124463;1.98;-1.93;-0.050
20250117;2.64;2.59;2.64;2.56;17756001;45839509;1.72;-1.89;-0.050
20250116;2.58;2.64;2.7;2.57;33709506;88764852;3.27;2.72;0.070
20250115;2.62;2.57;2.63;2.54;19290100;49470747;1.87;-0.77;-0.020
20250114;2.5;2.59;2.6;2.48;29222180;74433905;2.84;3.6;0.090
20250113;2.45;2.5;2.5;2.36;19557956;47546925;1.9;1.63;0.040
20250110;2.6;2.46;2.62;2.46;29936902;75290558;2.91;-5.75;-0.150
20250109;2.61;2.61;2.72;2.55;36546430;95429649;3.55;-1.88;-0.050
20250108;2.63;2.66;2.73;2.6;51561123;137980368;5.01;1.14;0.030
20250107;2.72;2.63;2.77;2.55;71493996;189931221;6.94;-0.38;-0.010
20250106;2.44;2.64;2.64;2.44;50821966;131199099;4.94;10.0;0.240
20250103;2.52;2.4;2.54;2.38;31049500;76103323;3.02;-4.0;-0.100
20250102;2.52;2.5;2.58;2.49;28008340;71090698;2.72;-1.19;-0.030