20251022;14.38;14.34;14.45;14.23;9270202;132928659;0.33;-0.35;-0.050
20251021;14.44;14.39;14.47;14.33;8871718;127728497;0.32;0.14;0.020
20251020;14.32;14.37;14.49;14.21;15571965;224338622;0.56;0.98;0.140
20251017;14.1;14.23;14.38;14.06;16064954;229108188;0.58;0.57;0.080
20251016;14.46;14.15;14.5;14.08;21390451;304127006;0.77;-2.14;-0.310
20251015;14.25;14.46;14.56;14.2;20756236;300062497;0.75;1.54;0.220
20251014;14.29;14.24;14.5;14.03;23743830;339699000;0.85;-0.21;-0.030
20251013;14.08;14.27;14.4;13.91;23710316;336122401;0.85;-0.42;-0.060
20251010;14.16;14.33;14.47;14.11;18930668;270922146;0.68;0.77;0.110
20251009;14.26;14.22;14.36;14.03;19204744;271303877;0.69;-0.49;-0.070
20250930;14.27;14.29;14.33;14.06;15731777;223614891;0.57;0.07;0.010
20250929;14.47;14.28;14.54;14.15;20588001;293768815;0.74;-1.79;-0.260
20250926;14.15;14.54;14.62;14.07;20154808;290585582;0.73;2.68;0.380
20250925;14.34;14.16;14.4;14.0;24022661;339235322;0.86;-1.73;-0.250
20250924;14.39;14.41;14.42;14.14;13014603;185804089;0.47;0.14;0.020
20250923;14.4;14.39;14.49;14.1;14065099;200779071;0.51;-0.07;-0.010
20250922;14.61;14.4;14.67;14.28;22041087;318050022;0.79;-1.91;-0.280
20250919;14.59;14.68;14.79;14.45;13510604;198306312;0.49;0.62;0.090
20250918;15.13;14.59;15.13;14.47;28209252;415407478;1.02;-3.57;-0.540
20250917;14.99;15.13;15.3;14.94;12842023;194627979;0.46;1.0;0.150
20250916;15.05;14.98;15.14;14.77;13874186;206878828;0.5;-0.47;-0.070
20250915;15.06;15.05;15.17;14.96;15852312;238501647;0.57;-0.4;-0.060
20250912;15.47;15.11;15.52;15.02;19442321;294699741;0.7;-2.52;-0.390
20250911;15.31;15.5;15.55;15.1;28324958;434039589;1.02;1.37;0.210
20250910;15.4;15.29;15.47;15.16;13872292;211795675;0.5;-1.35;-0.210
20250909;15.36;15.5;15.58;15.24;17737899;273487079;0.64;0.85;0.130
20250908;14.94;15.37;15.43;14.92;21795756;333345601;0.78;2.88;0.430
20250905;14.85;14.94;14.94;14.69;20526446;304645507;0.74;0.81;0.120
20250904;14.96;14.82;15.08;14.58;19313505;284968586;0.7;0.0;0.000
20250903;15.01;14.82;15.1;14.76;16230571;242123133;0.58;-1.2;-0.180
20250902;15.18;15.0;15.18;14.89;18693913;280719908;0.67;-1.12;-0.170
20250901;15.34;15.17;15.48;15.08;24689228;376325811;0.89;-1.24;-0.190
20250829;15.0;15.36;15.55;14.89;38037047;581015054;1.37;3.09;0.460
20250828;14.75;14.9;15.17;14.69;48397080;725283640;1.75;2.05;0.300
20250827;15.11;14.6;15.11;14.58;22740801;337276073;0.82;-2.99;-0.450
20250826;14.8;15.05;15.14;14.66;32887100;491463768;1.19;1.96;0.290
20250825;14.68;14.76;14.83;14.6;18186592;267649020;0.66;0.75;0.110
20250822;14.56;14.65;14.66;14.49;14780306;215182060;0.53;0.62;0.090
20250821;14.64;14.56;14.67;14.47;18394965;267594874;0.67;-0.41;-0.060
20250820;14.58;14.62;14.67;14.5;15161118;220752104;0.55;0.27;0.040
20250819;14.61;14.58;14.76;14.43;16198017;236189771;0.59;-0.27;-0.040
20250818;14.68;14.62;14.74;14.47;20339852;297457189;0.74;-0.07;-0.010
20250815;14.55;14.63;14.67;14.51;10048940;146705531;0.36;0.07;0.010
20250814;14.68;14.62;14.8;14.5;22727733;333165960;0.82;-0.41;-0.060
20250813;14.84;14.68;15.03;14.58;21189370;311242444;0.77;-1.34;-0.200
20250812;14.54;14.88;14.98;14.48;25784100;382538342;0.93;2.41;0.350
20250811;14.75;14.53;14.76;14.45;14801099;215319766;0.54;-1.09;-0.160
20250808;14.49;14.69;14.72;14.41;16556700;242142449;0.6;1.52;0.220
20250807;14.4;14.47;14.61;14.28;15339964;221893409;0.55;0.49;0.070
20250806;14.28;14.4;14.58;14.17;19535257;280712688;0.71;1.12;0.160
20250805;14.05;14.24;14.28;14.02;14866952;210879380;0.54;1.64;0.230
20250804;14.06;14.01;14.15;13.87;18158125;253939209;0.66;-0.71;-0.100
20250801;13.9;14.11;14.18;13.89;17267702;242756084;0.62;1.29;0.180
20250731;14.32;13.93;14.32;13.8;22790177;317221793;0.82;-2.79;-0.400
20250730;14.26;14.33;14.45;14.2;12887610;184758807;0.47;0.77;0.110
20250729;14.29;14.22;14.33;14.01;15150541;214096435;0.55;0.14;0.020
20250728;14.41;14.2;14.45;14.14;19969659;284327390;0.72;-1.73;-0.250
20250725;14.41;14.45;14.76;14.4;17988607;262304582;0.65;0.42;0.060
20250724;14.23;14.39;14.45;14.12;18994864;271745675;0.69;1.12;0.160
20250723;14.71;14.23;14.85;14.17;34029017;489926865;1.23;-3.13;-0.460
20250722;13.99;14.69;14.7;13.98;40025786;579855408;1.45;4.85;0.680
20250721;13.58;14.01;14.1;13.58;34955032;487462924;1.26;3.17;0.430
20250718;13.64;13.58;13.69;13.51;14575204;198083169;0.53;-0.44;-0.060
20250717;13.53;13.64;13.76;13.45;14494851;197776002;0.52;0.74;0.100
20250716;13.58;13.54;13.62;13.41;16832064;227443019;0.61;-0.15;-0.020
20250715;13.67;13.56;13.69;13.5;15623319;211741226;0.57;-0.95;-0.130
20250714;13.71;13.69;13.75;13.6;16127912;220544766;0.58;0.59;0.080
20250711;13.53;13.61;13.79;13.48;19700000;268559082;0.71;0.29;0.040
20250710;13.34;13.57;13.65;13.24;23703790;320123154;0.86;2.26;0.300
20250709;13.52;13.57;13.6;13.45;12777306;173110027;0.46;0.15;0.020
20250708;13.4;13.55;13.6;13.32;14828414;199711864;0.54;0.82;0.110
20250707;13.5;13.44;13.52;13.38;10477622;140696991;0.38;-0.44;-0.060
20250704;13.62;13.5;13.66;13.49;12102822;164347309;0.44;-0.74;-0.100
20250703;13.57;13.6;13.63;13.51;8451431;114802127;0.31;0.15;0.020
20250702;13.43;13.58;13.6;13.41;14019297;189632842;0.51;1.04;0.140
20250701;13.47;13.44;13.49;13.36;9510718;127678802;0.34;-0.15;-0.020
20250630;13.51;13.46;13.6;13.45;12786698;172770512;0.46;-0.07;-0.010
20250627;13.45;13.47;13.56;13.41;11623242;156689000;0.42;0.22;0.030
20250626;13.54;13.44;13.54;13.43;9480828;127787385;0.34;-0.88;-0.120
20250625;13.55;13.56;13.58;13.45;10170778;137386035;0.37;0.44;0.060
20250624;13.2;13.5;13.53;13.18;18524176;249028523;0.67;2.58;0.340
20250623;13.31;13.16;13.36;13.1;13895107;183591928;0.5;-1.13;-0.150
20250620;13.48;13.31;13.52;13.3;15399652;205738816;0.56;-1.33;-0.180
20250619;13.51;13.49;13.56;13.44;10185954;137598544;0.37;-0.15;-0.020
20250618;13.51;13.51;13.65;13.45;10645979;143991612;0.39;-0.22;-0.030
20250617;13.69;13.54;13.73;13.5;11879000;161197865;0.43;-1.1;-0.150
20250616;13.79;13.69;13.79;13.66;11704678;160394148;0.42;-0.8;-0.110
20250613;14.0;13.8;14.16;13.76;17349800;241369033;0.63;-1.57;-0.220
20250612;14.12;14.02;14.14;13.99;15863351;222948876;0.57;-0.71;-0.100
20250611;14.11;14.12;14.16;14.06;9835417;138992868;0.36;0.0;0.000
20250610;14.1;14.12;14.17;14.05;12560850;177377177;0.45;0.36;0.050
20250609;14.25;14.07;14.29;14.03;17989900;254578600;0.65;-1.05;-0.150
20250606;14.11;14.22;14.36;14.1;16256796;231270159;0.59;0.57;0.080
20250605;14.11;14.14;14.15;14.05;7305292;103027170;0.26;0.35;0.050
20250604;14.14;14.09;14.2;14.05;11982460;169200817;0.43;-0.42;-0.060
20250603;14.08;14.15;14.21;13.99;10183163;143610481;0.37;0.35;0.050
20250530;14.17;14.1;14.27;14.08;9840272;139064409;0.36;-0.84;-0.120
20250529;14.11;14.22;14.28;13.97;13950305;197775764;0.5;0.71;0.100
20250528;14.17;14.12;14.21;14.08;5907955;83463429;0.21;-0.35;-0.050
20250527;14.21;14.17;14.28;14.12;8129562;115335648;0.29;-0.14;-0.020
20250526;14.29;14.19;14.32;14.14;9494028;134878924;0.34;-0.7;-0.100
20250523;14.12;14.29;14.44;14.07;15739015;224341925;0.57;1.2;0.170
20250522;14.2;14.12;14.2;14.01;9673400;136268939;0.35;-0.63;-0.090
20250521;14.1;14.21;14.23;14.09;10098710;143181261;0.37;0.71;0.100
20250520;14.15;14.11;14.2;14.07;7691364;108672871;0.28;0.14;0.020
20250519;14.06;14.09;14.17;14.0;7398184;104332861;0.27;0.36;0.050
20250516;14.17;14.04;14.2;13.98;11989570;168401034;0.43;-0.92;-0.130
20250515;14.09;14.17;14.27;14.06;12250694;173789729;0.44;0.57;0.080
20250514;14.27;14.09;14.27;14.06;11917600;168214537;0.43;-1.26;-0.180
20250513;14.14;14.27;14.27;14.07;17187702;243708311;0.62;1.21;0.170
20250512;14.04;14.1;14.17;13.9;15865554;222971258;0.57;0.14;0.020
20250509;13.96;14.08;14.14;13.9;13967935;196116669;0.51;0.93;0.130
20250508;14.05;13.95;14.14;13.9;13640589;190616237;0.49;-0.92;-0.130
20250507;14.13;14.08;14.24;14.03;8607136;121284130;0.31;0.36;0.050
20250506;14.1;14.03;14.25;14.02;13307062;187833805;0.48;0.14;0.020
20250430;14.18;14.01;14.33;13.96;22259360;313368726;0.81;-0.99;-0.140
20250429;14.04;14.15;14.28;13.99;9566079;135537472;0.35;0.28;0.040
20250428;14.07;14.11;14.13;13.9;9878871;138732490;0.36;-0.07;-0.010
20250425;14.28;14.12;14.35;13.98;15348541;215971321;0.56;-1.05;-0.150
20250424;14.0;14.27;14.39;13.98;13427313;191185835;0.49;1.78;0.250
20250423;14.29;14.02;14.34;13.97;15731672;220792590;0.57;-1.82;-0.260
20250422;14.34;14.28;14.59;14.26;13769788;198221827;0.5;-0.49;-0.070
20250421;14.09;14.35;14.54;14.03;13429209;192513994;0.49;1.7;0.240
20250418;14.08;14.11;14.19;13.98;4980553;70195763;0.18;0.21;0.030
20250417;14.04;14.08;14.22;13.96;8084355;114192025;0.29;-0.07;-0.010
20250416;13.9;14.09;14.09;13.85;8383900;117149918;0.3;1.08;0.150
20250415;14.02;13.94;14.13;13.87;10198719;142596469;0.37;-0.29;-0.040
20250414;14.03;13.98;14.14;13.96;10551384;147996527;0.38;0.36;0.050
20250411;13.9;13.93;14.15;13.86;11477027;160217755;0.42;-0.5;-0.070
20250410;13.7;14.0;14.12;13.55;23996293;333035712;0.86;2.79;0.380
20250409;13.81;13.62;13.89;13.52;24603569;336178943;0.89;-2.51;-0.350
20250408;13.61;13.97;14.08;13.58;20133710;279531634;0.73;2.27;0.310
20250407;13.94;13.66;14.49;13.28;26744681;370643967;0.96;-6.44;-0.940
20250403;14.68;14.6;14.8;14.57;9276853;136003162;0.33;-1.28;-0.190
20250402;14.72;14.79;14.92;14.68;6752641;99733144;0.24;0.2;0.030
20250401;14.72;14.76;14.9;14.71;7969053;117837536;0.29;0.34;0.050
20250331;14.84;14.71;15.03;14.71;14694607;219073978;0.53;-1.28;-0.190
20250328;14.86;14.9;15.0;14.8;10223193;152193821;0.37;0.0;0.000
20250327;14.54;14.9;14.97;14.48;14476374;214748240;0.52;2.05;0.300
20250326;14.57;14.6;14.64;14.46;13445625;195452322;0.48;-0.27;-0.040
20250325;14.34;14.64;14.66;14.33;14222276;206313527;0.51;2.16;0.310
20250324;14.48;14.33;14.53;14.23;13242328;190074962;0.48;-1.04;-0.150
20250321;14.5;14.48;14.84;14.4;12463857;181995190;0.45;-0.14;-0.020
20250320;14.64;14.5;14.76;14.48;9328533;136103735;0.34;-0.89;-0.130
20250319;14.41;14.63;14.65;14.39;12210475;177288992;0.44;1.04;0.150
20250318;14.39;14.48;14.53;14.34;11446257;165700351;0.41;0.63;0.090
20250317;14.51;14.39;14.59;14.38;14007237;202997522;0.5;-0.76;-0.110
20250314;14.37;14.5;14.52;14.31;14746122;213153343;0.53;0.83;0.120
20250313;14.24;14.38;14.38;14.2;11896576;170186882;0.43;0.98;0.140
20250312;14.56;14.24;14.56;14.22;12740232;182214152;0.46;-2.26;-0.330
20250311;14.35;14.57;14.59;14.3;10712676;155382858;0.39;0.62;0.090
20250310;14.54;14.48;14.55;14.24;13040550;188072725;0.47;-0.41;-0.060
20250307;14.36;14.54;14.68;14.19;28009224;406018635;1.01;1.54;0.220
20250306;14.18;14.32;14.39;13.96;20388310;289094834;0.73;1.06;0.150
20250305;14.02;14.17;14.25;13.94;15784899;223456239;0.57;0.93;0.130
20250304;14.15;14.04;14.19;13.95;13184437;185831489;0.48;-0.64;-0.090
20250303;14.14;14.13;14.29;14.07;21353978;302796663;0.77;-0.42;-0.060
20250228;14.06;14.19;14.3;13.99;25346412;358556961;0.91;1.07;0.150
20250227;13.67;14.04;14.12;13.67;32436230;453607715;1.17;3.08;0.420
20250226;13.6;13.62;13.79;13.53;17973444;244980791;0.65;0.29;0.040
20250225;13.87;13.58;14.0;13.58;18634866;255612472;0.67;-2.51;-0.350
20250224;13.7;13.93;14.03;13.6;21859985;302716870;0.79;1.53;0.210
20250221;14.01;13.72;14.07;13.67;21120424;292094743;0.76;-2.35;-0.330
20250220;13.93;14.05;14.19;13.77;19339546;270781674;0.7;0.79;0.110
20250219;13.98;13.94;14.04;13.88;7820828;109119729;0.28;-0.29;-0.040
20250218;14.17;13.98;14.23;13.93;15958815;224611779;0.58;-1.34;-0.190
20250217;14.26;14.17;14.33;13.86;12245730;172391841;0.44;-0.84;-0.120
20250214;14.26;14.29;14.38;14.17;7347672;104837409;0.26;-0.28;-0.040
20250213;14.4;14.33;14.52;14.3;10057220;144773517;0.36;-0.62;-0.090
20250212;14.34;14.42;14.49;14.26;11131502;159860792;0.4;0.35;0.050
20250211;13.88;14.37;14.43;13.81;26428324;375174797;0.95;4.13;0.570
20250210;13.67;13.8;13.9;13.61;14691482;202705959;0.53;0.88;0.120
20250207;13.58;13.68;13.74;13.39;15083791;205244449;0.54;0.74;0.100
20250206;13.69;13.58;13.74;13.51;14393021;195578525;0.52;-0.95;-0.130
20250205;14.0;13.71;14.02;13.6;15301090;210493269;0.55;-1.86;-0.260
20250127;13.61;13.97;14.07;13.61;23035916;321253729;0.83;2.65;0.360
20250124;13.52;13.61;13.7;13.47;16726955;227526004;0.6;0.74;0.100
20250123;13.8;13.51;13.81;13.5;14190801;193306950;0.51;-1.1;-0.150
20250122;13.75;13.66;13.8;13.45;13719477;186903242;0.49;-1.23;-0.170
20250121;13.83;13.83;13.88;13.6;18954625;260422175;0.68;0.22;0.030
20250120;14.07;13.8;14.18;13.69;27954486;386314940;1.01;-1.64;-0.230
20250117;13.87;14.03;14.09;13.83;11036838;154301186;0.4;0.94;0.130
20250116;13.75;13.9;14.05;13.66;19736014;275231436;0.71;1.46;0.200
20250115;13.93;13.7;13.97;13.68;24303731;336043958;0.88;-2.28;-0.320
20250114;13.94;14.02;14.04;13.65;30868162;428355948;1.11;0.43;0.060
20250113;14.02;13.96;14.18;13.88;15180455;212380074;0.55;-0.78;-0.110
20250110;14.35;14.07;14.38;14.06;8961324;127135691;0.32;-1.54;-0.220
20250109;14.27;14.29;14.5;14.18;16397786;235536511;0.59;-0.21;-0.030
20250108;14.11;14.32;14.41;13.96;14196737;202227384;0.51;0.99;0.140
20250107;14.47;14.18;14.52;13.99;21170381;300469583;0.76;-1.87;-0.270
20250106;14.36;14.45;14.65;14.28;16901508;244597931;0.61;0.7;0.100
20250103;14.61;14.35;14.72;14.34;17250917;250189517;0.62;-1.1;-0.160
20250102;14.8;14.51;14.99;14.42;21392930;314820375;0.77;-2.42;-0.360