20251022;13.98;13.78;14.05;13.66;12145879;167742926;4.36;-3.03;-0.430
20251021;14.83;14.21;14.85;14.06;21830132;312312764;7.84;0.35;0.050
20251020;14.1;14.16;14.42;14.05;12767035;181312400;4.58;2.16;0.300
20251017;14.44;13.86;14.8;13.86;12993135;185250024;4.66;-3.55;-0.510
20251016;14.34;14.37;14.9;14.23;15912037;230306339;5.71;0.98;0.140
20251015;14.1;14.23;14.66;14.09;8484881;121167123;3.05;0.99;0.140
20251014;14.74;14.09;14.75;14.03;10105540;144537003;3.63;-2.08;-0.300
20251013;13.55;14.39;14.5;13.3;13763841;193173526;4.94;1.12;0.160
20251010;14.65;14.23;14.67;14.19;11698126;167598482;4.2;-2.8;-0.410
20251009;14.77;14.64;14.85;14.53;14592631;214272578;5.24;0.62;0.090
20250930;14.19;14.55;14.75;14.1;17289195;251129655;6.21;2.61;0.370
20250929;14.09;14.18;14.68;14.08;13779414;196766776;4.95;2.09;0.290
20250926;13.63;13.89;14.14;13.63;9695532;135360211;3.48;0.73;0.100
20250925;13.93;13.79;14.03;13.73;9476780;131540063;3.4;-1.01;-0.140
20250924;13.34;13.93;13.96;13.2;14660117;200721858;5.26;4.42;0.590
20250923;13.75;13.34;13.75;13.06;10726547;142895985;3.85;-2.13;-0.290
20250922;13.77;13.63;14.0;13.46;8744620;119280824;3.14;-0.44;-0.060
20250919;13.71;13.69;13.89;13.61;9849890;135345947;3.54;-0.15;-0.020
20250918;14.04;13.71;14.07;13.57;14166663;196521316;5.09;-2.56;-0.360
20250917;14.16;14.07;14.3;14.01;10168398;143683941;3.65;-1.19;-0.170
20250916;14.26;14.24;14.4;14.05;14769882;209387989;5.3;-0.7;-0.100
20250915;14.32;14.34;14.78;14.32;19520670;282984872;7.01;0.14;0.020
20250912;14.5;14.32;14.62;14.08;20334474;291336953;7.3;-0.62;-0.090
20250911;14.43;14.41;14.54;14.19;18540112;265966767;6.66;-0.96;-0.140
20250910;14.85;14.55;14.85;14.3;25992913;377992284;9.33;-2.09;-0.310
20250909;14.67;14.86;15.17;14.64;38343010;570086192;13.77;-1.59;-0.240
20250908;16.07;15.1;16.07;14.98;67446712;1040681797;24.21;3.35;0.490
20250905;13.29;14.61;14.61;13.29;16227400;232923456;5.83;10.02;1.330
20250904;13.15;13.28;13.54;13.01;13370144;178519404;4.8;0.99;0.130
20250903;13.56;13.15;13.65;13.08;10355710;138253964;3.72;-1.35;-0.180
20250902;13.43;13.33;13.98;13.28;18101740;244915187;6.5;-0.15;-0.020
20250901;13.01;13.35;13.38;12.98;14001780;184924026;5.03;4.05;0.520
20250829;12.57;12.83;13.09;12.55;10220593;131767969;3.67;1.34;0.170
20250828;12.83;12.66;13.06;12.25;11727800;148301861;4.21;-1.94;-0.250
20250827;13.41;12.91;13.42;12.9;10343834;136700060;3.71;-3.73;-0.500
20250826;13.37;13.41;13.47;13.27;6583580;88250084;2.36;0.15;0.020
20250825;13.33;13.39;13.5;13.27;9955230;133207055;3.57;0.83;0.110
20250822;13.34;13.28;13.5;13.25;6690505;89105368;2.4;0.0;0.000
20250821;13.45;13.28;13.5;13.22;6978745;92998580;2.5;-1.26;-0.170
20250820;13.32;13.45;13.48;13.24;8613721;115317036;3.09;0.67;0.090
20250819;13.19;13.36;13.42;13.11;9379390;124768726;3.36;1.14;0.150
20250818;13.02;13.21;13.28;13.0;7467220;98432182;2.68;1.46;0.190
20250815;12.99;13.02;13.12;12.86;6230020;81242131;2.23;0.93;0.120
20250814;13.23;12.9;13.3;12.89;8364340;109046202;3.0;-2.42;-0.320
20250813;13.31;13.22;13.52;13.18;7915330;105009708;2.84;-0.6;-0.080
20250812;13.51;13.3;13.54;13.19;8818300;117302317;3.16;-1.34;-0.180
20250811;13.31;13.48;13.5;13.26;12075100;161804347;4.33;2.35;0.310
20250808;13.13;13.17;13.34;13.05;7513540;99046718;2.69;0.23;0.030
20250807;13.08;13.14;13.2;12.96;6497380;85075621;2.33;0.0;0.000
20250806;13.01;13.14;13.15;12.9;5698524;74403724;2.04;0.61;0.080
20250805;13.08;13.06;13.15;13.0;4606585;60200374;1.65;0.54;0.070
20250804;12.89;12.99;12.99;12.7;4006220;51702610;1.44;0.31;0.040
20250801;12.83;12.95;13.03;12.78;5292350;68388092;1.9;0.78;0.100
20250731;12.98;12.85;13.22;12.8;7207211;93441931;2.58;-1.46;-0.190
20250730;13.32;13.04;13.44;12.94;8392710;110150791;3.01;-2.76;-0.370
20250729;13.3;13.41;13.69;13.21;11509001;154712874;4.13;0.52;0.070
20250728;13.08;13.34;13.4;13.08;5906361;78538269;2.12;0.98;0.130
20250725;13.3;13.21;13.44;13.18;6159800;81748447;2.21;-0.68;-0.090
20250724;13.07;13.3;13.36;13.07;8904936;117894621;3.19;1.84;0.240
20250723;13.15;13.06;13.35;13.03;7658080;100750418;2.75;-1.28;-0.170
20250722;13.06;13.23;13.58;13.03;12109719;160912800;4.34;0.76;0.100
20250721;13.15;13.13;13.25;13.05;7858740;103121365;2.82;-0.15;-0.020
20250718;13.2;13.15;13.4;13.08;10313660;136319787;3.7;0.69;0.090
20250717;12.82;13.06;13.07;12.6;9338220;120632580;3.35;1.87;0.240
20250716;12.94;12.82;12.96;12.68;6678860;85547706;2.4;1.02;0.130
20250715;13.0;12.69;13.09;12.56;16820140;214817941;6.03;-4.59;-0.610
20250714;13.36;13.3;13.61;13.29;7537530;100832124;2.7;-0.82;-0.110
20250711;13.68;13.41;13.8;13.26;14795400;198223818;5.31;-2.33;-0.320
20250710;13.52;13.73;14.0;13.35;17546598;240025486;6.29;1.55;0.210
20250709;13.67;13.52;13.78;13.45;8705676;118315799;3.12;-1.1;-0.150
20250708;13.9;13.67;13.98;13.6;10440160;142951775;3.74;-0.51;-0.070
20250707;13.49;13.74;14.1;13.48;17374218;238581829;6.23;2.84;0.380
20250704;13.79;13.36;13.85;13.29;17968740;242120737;6.44;-3.61;-0.500
20250703;13.88;13.86;13.97;13.5;16779060;230855462;6.02;0.07;0.010
20250702;13.87;13.85;14.05;13.56;17382120;240074090;6.23;-1.07;-0.150
20250701;14.08;14.0;14.42;13.48;29522860;408884436;10.59;-0.71;-0.100
20250630;14.05;14.1;14.24;13.88;18374925;257817813;6.59;-0.14;-0.020
20250627;14.31;14.12;14.54;13.88;34264100;483295967;12.29;-1.33;-0.190
20250626;14.75;14.31;15.24;14.24;42553249;625297024;15.26;-5.04;-0.760
20250625;14.4;15.07;15.51;14.25;52205041;776871433;18.72;2.87;0.420
20250624;13.8;14.65;15.32;13.6;56254786;802942928;20.18;3.9;0.550
20250623;13.26;14.1;14.1;12.91;44282505;607113807;15.88;4.44;0.600
20250620;12.92;13.5;14.26;12.81;55763751;760438193;20.0;3.45;0.450
20250619;12.0;13.05;13.05;12.0;17994642;231515490;6.45;10.03;1.190
20250618;11.9;11.86;11.98;11.65;4847840;57097628;1.74;-1.0;-0.120
20250617;11.86;11.98;12.14;11.82;5332672;63736663;1.91;0.93;0.110
20250616;11.87;11.87;12.09;11.71;6403107;75791654;2.3;0.17;0.020
20250613;12.13;11.85;12.16;11.85;5109550;61312199;1.83;-2.79;-0.340
20250612;12.22;12.19;12.26;12.0;7909651;95920704;2.84;-0.25;-0.030
20250611;12.28;12.22;12.6;12.2;11624601;143999537;4.17;0.49;0.060
20250610;12.12;12.16;12.44;11.98;8887700;108571183;3.19;0.41;0.050
20250609;11.92;12.11;12.15;11.83;5582321;67447753;2.0;1.51;0.180
20250606;11.79;11.93;12.11;11.72;6316330;75461209;2.27;1.53;0.180
20250605;11.92;11.75;11.93;11.66;4043160;47469230;1.45;-0.84;-0.100
20250604;11.62;11.85;12.0;11.59;6161500;72939102;2.21;2.6;0.300
20250603;11.56;11.55;11.65;11.4;2484720;28803635;0.89;-0.17;-0.020
20250530;11.72;11.57;11.74;11.49;2936100;33994402;1.05;-1.2;-0.140
20250529;11.6;11.71;11.73;11.59;2872340;33549692;1.03;0.43;0.050
20250528;11.8;11.66;11.92;11.6;3172920;37126958;1.14;-1.44;-0.170
20250527;11.61;11.83;11.97;11.52;4261970;50009558;1.53;1.63;0.190
20250526;11.56;11.64;11.69;11.49;2912480;33805351;1.04;0.09;0.010
20250523;11.68;11.63;11.92;11.6;4476900;52787848;1.61;-0.77;-0.090
20250522;11.97;11.72;12.08;11.7;5103080;60601060;1.83;-2.09;-0.250
20250521;11.78;11.97;12.13;11.78;7871629;94438118;2.82;0.76;0.090
20250520;11.92;11.88;12.06;11.71;2736560;32524275;0.98;0.68;0.080
20250519;11.78;11.8;11.82;11.61;3109160;36451932;1.12;0.34;0.040
20250516;11.62;11.76;11.96;11.62;4140430;48799328;1.49;0.86;0.100
20250515;11.85;11.66;11.85;11.59;3010210;35164286;1.08;-1.02;-0.120
20250514;11.92;11.78;11.92;11.69;3319770;39058526;1.19;-0.08;-0.010
20250513;11.71;11.79;11.93;11.7;5139839;60692860;1.84;0.86;0.100
20250512;11.6;11.69;11.72;11.5;4681700;54477874;1.68;2.72;0.310
20250509;11.49;11.38;11.49;11.26;3132390;35540661;1.12;-0.96;-0.110
20250508;11.26;11.49;11.54;11.22;4390647;50197217;1.57;1.5;0.170
20250507;11.39;11.32;11.49;11.19;4157740;47105046;1.49;0.09;0.010
20250506;10.99;11.31;11.35;10.99;3397781;38101870;1.22;3.1;0.340
20250430;10.82;10.97;11.03;10.82;2619100;28716990;0.94;1.2;0.130
20250429;10.68;10.84;10.95;10.62;3150090;34086568;1.13;1.5;0.160
20250428;10.96;10.68;10.96;10.65;3459140;37115844;1.24;-2.55;-0.280
20250425;10.97;10.96;11.15;10.9;2320770;25522041;0.83;-0.54;-0.060
20250424;11.24;11.02;11.25;10.98;3118389;34580103;1.12;-1.52;-0.170
20250423;11.32;11.19;11.32;11.15;2465880;27652905;0.88;0.0;0.000
20250422;11.27;11.19;11.35;11.15;3049040;34238946;1.09;-1.06;-0.120
20250421;11.21;11.31;11.36;11.16;2493500;28184473;0.89;0.0;0.000
20250418;11.34;11.31;11.39;11.21;2748100;31050495;0.99;-0.26;-0.030
20250417;11.31;11.34;11.43;11.25;3190528;36157626;1.14;-0.53;-0.060
20250416;11.46;11.4;11.64;11.27;6872040;78520693;2.46;-3.06;-0.360
20250415;12.17;11.76;12.18;11.66;11631750;138695470;4.17;3.7;0.420
20250414;11.4;11.34;11.51;11.28;4359960;49503336;1.56;0.71;0.080
20250411;10.77;11.26;11.52;10.77;8115260;90709528;2.91;3.78;0.410
20250410;10.71;10.85;10.97;10.62;6215860;67471200;2.23;3.33;0.350
20250409;10.28;10.5;10.6;9.5;6928786;70443362;2.49;0.38;0.040
20250408;10.51;10.46;10.79;10.18;6645910;69282655;2.38;-2.33;-0.250
20250407;11.44;10.71;11.46;10.71;5976060;65449082;2.14;-10.0;-1.190
20250403;11.66;11.9;12.77;11.66;5229316;63065177;1.88;1.28;0.150
20250402;11.81;11.75;12.04;11.73;2382120;28252337;0.85;-1.01;-0.120
20250401;11.75;11.87;11.9;11.75;2757980;32680298;0.99;1.02;0.120
20250331;11.9;11.75;11.96;11.6;4261370;50122934;1.53;-2.08;-0.250
20250328;12.35;12.0;12.39;12.0;4282560;52128245;1.54;-2.6;-0.320
20250327;12.32;12.32;12.62;12.21;3937720;48792911;1.41;-0.73;-0.090
20250326;12.31;12.41;12.46;12.31;3345980;41494860;1.2;0.16;0.020
20250325;12.69;12.39;12.75;12.36;8607490;107690689;3.09;-3.88;-0.500
20250324;12.68;12.89;13.28;12.34;14000921;179838677;5.02;0.7;0.090
20250321;12.59;12.8;12.92;12.45;8747200;111182203;3.14;1.19;0.150
20250320;12.83;12.65;12.84;12.65;4621280;58718904;1.66;-1.25;-0.160
20250319;13.08;12.81;13.08;12.71;6814140;87523637;2.44;-2.36;-0.310
20250318;12.97;13.12;13.3;12.96;11568265;151999694;4.15;1.55;0.200
20250317;12.9;12.92;13.15;12.71;7855010;101604303;2.82;0.16;0.020
20250314;12.89;12.9;12.95;12.53;10638345;135828758;3.82;-0.77;-0.100
20250313;12.73;13.0;13.68;12.7;14003890;183785708;5.02;2.12;0.270
20250312;12.92;12.73;12.97;12.72;6674890;85308547;2.39;-1.47;-0.190
20250311;12.76;12.92;13.23;12.72;8027540;103493128;2.88;-0.23;-0.030
20250310;12.69;12.95;13.0;12.69;6041430;77974463;2.17;1.17;0.150
20250307;13.05;12.8;13.07;12.75;9154691;118018728;3.28;-2.07;-0.270
20250306;13.21;13.07;13.26;12.96;11501150;150323486;4.13;0.38;0.050
20250305;13.09;13.02;13.22;12.74;12373901;159661531;4.44;-0.69;-0.090
20250304;13.88;13.11;13.88;12.96;20982066;277078488;7.53;-6.69;-0.940
20250303;13.5;14.05;14.05;13.41;27795796;385406932;9.97;5.64;0.750
20250228;13.1;13.3;13.72;13.1;18338685;246050411;6.58;0.3;0.040
20250227;13.33;13.26;13.74;13.12;16558220;221454130;5.94;0.3;0.040
20250226;12.78;13.22;13.47;12.78;15647930;206148368;5.61;3.69;0.470
20250225;12.62;12.75;12.92;12.61;8896840;113882354;3.19;-1.47;-0.190
20250224;13.09;12.94;13.17;12.83;10557260;137086582;3.79;-0.99;-0.130
20250221;12.89;13.07;13.13;12.69;14220651;184399277;5.1;1.48;0.190
20250220;12.72;12.88;12.98;12.61;11135619;142844207;3.99;0.08;0.010
20250219;12.4;12.87;12.98;12.1;15111171;190533034;5.42;1.34;0.170
20250218;12.53;12.7;12.9;12.33;17786282;225839114;6.38;2.58;0.320
20250217;12.33;12.38;12.6;12.09;12280225;150658574;4.4;0.41;0.050
20250214;11.95;12.33;13.16;11.94;16538931;207736308;5.93;3.09;0.370
20250213;11.89;11.96;12.31;11.86;10624900;128773430;3.81;0.17;0.020
20250212;11.7;11.94;11.99;11.62;6630360;78302513;2.38;1.96;0.230
20250211;11.8;11.71;11.83;11.52;4486100;52243935;1.61;-1.01;-0.120
20250210;11.72;11.83;11.83;11.56;5666530;66418895;2.03;1.11;0.130
20250207;11.58;11.7;11.85;11.5;6738120;78785681;2.42;1.47;0.170
20250206;11.15;11.53;11.55;11.03;7012520;79582070;2.52;3.41;0.380
20250205;11.2;11.15;11.2;11.01;3364970;37455592;1.21;1.73;0.190
20250127;11.22;10.96;11.32;10.95;3539320;39243425;1.27;-1.53;-0.170
20250124;10.94;11.13;11.28;10.9;4086380;45241160;1.47;1.18;0.130
20250123;11.33;11.0;11.42;11.0;5610162;62933146;2.01;-2.22;-0.250
20250122;11.44;11.25;11.5;11.2;4779820;54082953;1.71;-3.43;-0.400
20250121;12.01;11.65;12.07;11.54;5339172;62446994;1.91;-2.1;-0.250
20250120;11.8;11.9;12.05;11.8;6673920;79667160;2.39;0.76;0.090
20250117;11.5;11.81;12.6;11.5;10805102;127673733;3.88;2.52;0.290
20250116;11.45;11.52;11.62;11.37;4288740;49268232;1.54;1.23;0.140
20250115;11.47;11.38;11.55;11.21;4298000;48812891;1.54;0.0;0.000
20250114;11.05;11.38;11.39;10.98;4730600;53092197;1.7;4.5;0.490
20250113;10.6;10.89;10.95;10.54;3329380;35971807;1.19;0.74;0.080
20250110;11.21;10.81;11.35;10.81;4331879;47958458;1.55;-3.65;-0.410
20250109;11.06;11.22;11.3;11.02;3956520;44425264;1.42;0.63;0.070
20250108;11.28;11.15;11.28;10.82;4250060;47065685;1.52;-1.15;-0.130
20250107;11.02;11.28;11.28;10.95;3840500;42683186;1.38;2.27;0.250
20250106;11.1;11.03;11.22;10.79;4800230;52850365;1.72;-0.81;-0.090
20250103;11.63;11.12;11.81;11.1;5595940;64038428;2.01;-4.39;-0.510
20250102;11.9;11.63;12.07;11.48;5724990;67733120;2.05;-2.27;-0.270