20251022;13.02;13.27;13.51;12.86;47060131;625030199;4.67;1.92;0.250
20251021;12.82;13.02;13.04;12.75;18063021;233966113;1.79;1.56;0.200
20251020;12.66;12.82;12.88;12.64;19250062;245845082;1.91;2.31;0.290
20251017;13.02;12.53;13.05;12.52;24820428;316469755;2.46;-3.54;-0.460
20251016;13.35;12.99;13.38;12.95;26578591;348691394;2.64;-3.49;-0.470
20251015;13.2;13.46;13.46;13.0;26054881;345730777;2.59;2.36;0.310
20251014;13.59;13.15;13.78;13.1;31398537;421655289;3.12;-2.52;-0.340
20251013;13.19;13.49;13.53;13.1;31056957;414498494;3.08;-2.03;-0.280
20251010;14.2;13.77;14.29;13.73;33293335;464689975;3.3;-3.03;-0.430
20251009;14.09;14.2;14.28;13.86;35541531;503397876;3.53;1.28;0.180
20250930;14.0;14.02;14.13;13.88;29138818;408222773;2.89;1.08;0.150
20250929;13.62;13.87;13.95;13.56;28635242;395050134;2.84;1.99;0.270
20250926;14.02;13.6;14.05;13.6;34817071;480631777;3.46;-3.61;-0.510
20250925;14.22;14.11;14.43;14.09;34327731;488261370;3.41;-1.47;-0.210
20250924;13.98;14.32;14.34;13.79;40132212;567249353;3.98;1.7;0.240
20250923;14.42;14.08;14.48;13.7;54421475;763230235;5.4;-2.9;-0.420
20250922;14.4;14.5;14.59;14.31;45357422;655507931;4.5;0.69;0.100
20250919;14.94;14.4;15.06;14.31;72844947;1060436593;7.23;-5.33;-0.810
20250918;15.51;15.21;15.98;14.91;132290884;2046628882;13.13;-3.31;-0.520
20250917;15.01;15.73;16.3;14.85;137485484;2135806235;13.65;5.78;0.860
20250916;14.24;14.87;14.96;14.08;107201998;1564689924;10.64;4.2;0.600
20250915;14.26;14.27;14.7;14.26;69264451;1001698531;6.88;0.14;0.020
20250912;14.6;14.25;14.86;14.25;84703394;1229737788;8.41;-1.86;-0.270
20250911;14.36;14.52;14.54;13.98;77773561;1112752767;7.72;0.48;0.070
20250910;14.41;14.45;14.76;14.25;73274404;1060274121;7.27;-0.14;-0.020
20250909;14.61;14.47;14.82;14.36;98955939;1438452975;9.82;-2.89;-0.430
20250908;14.1;14.9;15.34;14.07;206946905;3015422229;20.54;4.12;0.590
20250905;12.85;14.31;14.31;12.6;132191368;1834758320;13.12;9.99;1.300
20250904;14.19;13.01;14.47;12.73;167609336;2272901151;16.64;-7.99;-1.130
20250903;14.79;14.14;15.35;13.99;217340466;3204499992;21.57;1.36;0.190
20250902;13.08;13.95;13.95;12.7;185105794;2506443969;18.37;10.02;1.270
20250901;12.68;12.68;12.92;12.57;27727400;351373778;2.75;-0.94;-0.120
20250829;12.97;12.8;13.04;12.72;26832300;344640736;2.66;-1.23;-0.160
20250828;12.89;12.96;13.08;12.49;40899026;524242500;4.06;0.08;0.010
20250827;13.2;12.95;13.48;12.93;51335662;682901248;5.1;-1.6;-0.210
20250826;13.28;13.16;13.29;13.11;27262220;359483290;2.71;-1.13;-0.150
20250825;13.13;13.31;13.5;13.11;50048849;666853951;4.97;2.15;0.280
20250822;12.92;13.03;13.07;12.86;28627753;371626717;2.84;0.39;0.050
20250821;13.22;12.98;13.24;12.88;32399370;422327406;3.22;-1.74;-0.230
20250820;13.1;13.21;13.25;13.02;33710721;443193782;3.35;0.15;0.020
20250819;12.95;13.19;13.36;12.75;55862290;731929283;5.55;1.62;0.210
20250818;13.06;12.98;13.07;12.91;40289032;523454481;4.0;0.23;0.030
20250815;12.68;12.95;12.97;12.68;28875641;372546821;2.87;1.33;0.170
20250814;12.95;12.78;13.03;12.66;34018400;436576840;3.38;-1.69;-0.220
20250813;12.93;13.0;13.01;12.88;30496016;395281620;3.03;0.23;0.030
20250812;13.0;12.97;13.15;12.78;41514413;536619728;4.12;-0.54;-0.070
20250811;13.05;13.04;13.16;12.95;39313974;513369696;3.9;0.31;0.040
20250808;13.06;13.0;13.22;12.96;49908441;651515961;4.95;-0.91;-0.120
20250807;12.83;13.12;13.32;12.83;81815097;1070186790;8.12;1.39;0.180
20250806;12.67;12.94;13.25;12.54;100764148;1304126557;10.0;4.02;0.500
20250805;12.43;12.44;12.49;12.36;29442324;365794831;2.92;0.32;0.040
20250804;11.93;12.4;12.41;11.86;33292721;407555372;3.3;4.03;0.480
20250801;12.06;11.92;12.12;11.87;18946683;226751934;1.88;-1.16;-0.140
20250731;12.15;12.06;12.35;12.03;21224583;259109498;2.11;-0.9;-0.110
20250730;12.34;12.17;12.38;12.09;21725269;265418526;2.16;-1.85;-0.230
20250729;12.34;12.4;12.4;12.24;18218088;224307377;1.81;0.0;0.000
20250728;12.5;12.4;12.58;12.36;21187191;263626865;2.1;-0.48;-0.060
20250725;12.41;12.46;12.49;12.28;21780300;269863429;2.16;0.16;0.020
20250724;12.2;12.44;12.5;12.2;27368268;339917772;2.72;1.55;0.190
20250723;12.32;12.25;12.38;12.22;25476481;313419745;2.53;-1.21;-0.150
20250722;12.43;12.4;12.56;12.31;34779955;432041612;3.45;-0.8;-0.100
20250721;12.45;12.5;12.73;12.36;40499320;506799877;4.02;1.13;0.140
20250718;12.5;12.36;12.5;12.29;25253302;312202398;2.51;-0.8;-0.100
20250717;12.39;12.46;12.5;12.26;40090166;497463729;3.98;0.24;0.030
20250716;12.02;12.43;12.5;11.96;55496103;681603111;5.51;3.41;0.410
20250715;12.21;12.02;12.21;11.93;27523450;331142893;2.73;-1.39;-0.170
20250714;11.95;12.19;12.25;11.91;42647793;517248867;4.23;1.84;0.220
20250711;11.63;11.97;11.98;11.56;31836985;376883363;3.16;2.75;0.320
20250710;11.69;11.65;11.75;11.6;16240905;189274015;1.61;-0.85;-0.100
20250709;11.75;11.75;12.0;11.72;27838063;330234111;2.76;0.43;0.050
20250708;11.56;11.7;11.73;11.53;14097500;164325260;1.4;1.04;0.120
20250707;11.65;11.58;11.66;11.51;11395600;131926249;1.13;-0.34;-0.040
20250704;11.8;11.62;11.83;11.56;21267507;247912518;2.11;-1.94;-0.230
20250703;11.83;11.85;11.93;11.76;13940250;165120372;1.38;-0.17;-0.020
20250702;11.93;11.87;11.97;11.76;17963415;213096559;1.78;-1.0;-0.120
20250701;12.03;11.99;12.07;11.92;15213690;182454012;1.51;-0.25;-0.030
20250630;11.93;12.02;12.03;11.88;19063297;228383737;1.89;1.09;0.130
20250627;11.9;11.89;11.97;11.81;17711362;210701698;1.76;-0.17;-0.020
20250626;11.99;11.91;12.2;11.89;29551400;355472444;2.93;-0.75;-0.090
20250625;11.9;12.0;12.04;11.8;36256685;432516395;3.6;0.93;0.110
20250624;11.37;11.89;11.89;11.37;41337767;485745052;4.1;4.57;0.520
20250623;11.11;11.37;11.39;11.03;16935979;191371421;1.68;1.34;0.150
20250620;11.46;11.22;11.53;11.18;23006480;259766087;2.28;-2.52;-0.290
20250619;11.6;11.51;11.79;11.48;24785400;289007239;2.46;-1.03;-0.120
20250618;11.6;11.63;11.66;11.42;18199080;210045249;1.81;0.26;0.030
20250617;11.71;11.6;11.71;11.53;14063730;163153711;1.4;-0.68;-0.080
20250616;11.6;11.68;11.69;11.53;14594307;169657788;1.45;0.6;0.070
20250613;11.81;11.61;11.89;11.61;25010279;293298135;2.48;-2.6;-0.310
20250612;12.08;11.92;12.12;11.91;25998990;312055808;2.58;-2.13;-0.260
20250611;12.09;12.18;12.26;11.99;32683089;396501484;3.24;0.74;0.090
20250610;12.05;12.09;12.18;11.67;31945901;380946837;3.17;0.58;0.070
20250609;11.95;12.02;12.11;11.91;16693047;201126570;1.66;0.42;0.050
20250606;12.19;11.97;12.19;11.93;20079135;241600553;1.99;-1.56;-0.190
20250605;12.2;12.16;12.24;11.93;27982141;338899014;2.78;0.33;0.040
20250604;11.81;12.12;12.22;11.8;33617237;405492789;3.34;2.62;0.310
20250603;11.72;11.81;11.9;11.67;20217889;238975421;2.01;0.0;0.000
20250530;12.21;11.81;12.22;11.81;36002382;429360512;3.57;-3.91;-0.480
20250529;12.15;12.29;12.39;12.13;32430500;399266286;3.22;0.9;0.110
20250528;12.31;12.18;12.44;12.16;29708227;363868962;2.95;-0.98;-0.120
20250527;12.4;12.3;12.47;12.15;27312157;335457983;2.71;-1.44;-0.180
20250526;12.3;12.48;12.5;12.15;32549870;400557189;3.23;0.81;0.100
20250523;12.7;12.38;12.99;12.37;48521272;614727952;4.82;-3.36;-0.430
20250522;12.91;12.81;13.17;12.79;39576057;513069363;3.93;-1.23;-0.160
20250521;13.25;12.97;13.38;12.97;58289890;764004902;5.79;-3.85;-0.520
20250520;13.22;13.49;14.2;12.88;73428861;995180312;7.29;2.04;0.270
20250519;13.35;13.22;13.49;12.85;68494750;898090279;6.8;-2.07;-0.280
20250516;13.36;13.5;13.97;13.29;99858468;1365225049;9.91;-2.03;-0.280
20250515;13.22;13.78;14.24;12.91;126702167;1731625531;12.58;4.16;0.550
20250514;13.26;13.23;13.55;13.08;70174178;929285624;6.97;-1.12;-0.150
20250513;13.44;13.38;13.88;13.0;92127393;1229387871;9.15;0.83;0.110
20250512;13.08;13.27;13.34;13.01;72409394;954987118;7.19;3.19;0.410
20250509;12.98;12.86;13.08;12.65;58969220;758356541;5.85;-1.76;-0.230
20250508;13.06;13.09;13.42;13.01;67413055;887467748;6.69;0.31;0.040
20250507;13.2;13.05;13.41;12.82;88862692;1161964453;8.82;0.08;0.010
20250506;12.9;13.04;13.13;12.68;89607662;1154288194;8.89;2.68;0.340
20250430;12.2;12.7;12.82;12.13;96629233;1212398563;9.59;6.54;0.780
20250429;11.73;11.92;12.14;11.49;54232700;644837592;5.38;1.62;0.190
20250428;12.12;11.73;12.25;11.73;50608400;601230311;5.02;-4.24;-0.520
20250425;12.4;12.25;12.48;12.09;66718250;818443440;6.62;-0.97;-0.120
20250424;12.29;12.37;12.79;12.17;131725583;1644785817;13.08;1.64;0.200
20250423;11.27;12.17;12.17;11.26;67577621;803726522;6.71;10.04;1.110
20250422;11.35;11.06;11.48;11.05;47903700;534598244;4.76;-3.41;-0.390
20250421;10.98;11.45;11.51;10.85;56081600;629208842;5.57;2.42;0.270
20250418;11.16;11.18;11.49;10.9;52207616;582144864;5.18;0.18;0.020
20250417;11.34;11.16;11.6;11.16;43552793;493175986;4.32;-2.62;-0.300
20250416;12.0;11.46;12.07;11.38;59989974;697926206;5.95;-5.99;-0.730
20250415;12.12;12.19;12.58;11.9;65963300;801633493;6.55;-0.41;-0.050
20250414;12.35;12.24;12.65;12.15;70712681;873070391;7.02;0.58;0.070
20250411;11.32;12.17;12.52;11.18;98381500;1184258793;9.77;5.64;0.650
20250410;11.49;11.52;12.01;11.32;96882190;1129591956;9.62;2.58;0.290
20250409;10.57;11.23;11.56;10.1;115767455;1245584674;11.49;0.09;0.010
20250408;11.61;11.22;11.9;11.22;91098461;1033601405;9.04;-10.02;-1.250
20250407;12.98;12.47;13.28;12.47;48794100;619964402;4.84;-9.96;-1.380
20250403;14.48;13.85;14.57;13.66;127590406;1794233590;12.67;-4.48;-0.650
20250402;13.41;14.5;14.75;12.8;160645221;2308025984;15.95;8.13;1.090
20250401;14.29;13.41;14.3;13.01;105954709;1422285256;10.52;-4.21;-0.590
20250331;14.1;14.0;14.15;13.34;132785088;1817015967;13.18;-5.53;-0.820
20250328;14.13;14.82;15.28;14.05;180748210;2646234093;17.94;5.93;0.830
20250327;13.67;13.99;15.05;13.11;199835207;2834019071;19.84;2.27;0.310
20250326;12.1;13.68;13.68;12.03;72890680;974331426;7.24;9.97;1.240
20250325;12.35;12.44;13.34;12.31;65083340;826977781;6.46;1.14;0.140
20250324;12.55;12.3;12.72;11.88;60106136;738999059;5.97;-3.91;-0.500
20250321;12.94;12.8;13.16;12.45;79785411;1020021375;7.92;-3.03;-0.400
20250320;12.74;13.2;13.68;12.66;107769746;1427148285;10.7;3.21;0.410
20250319;12.49;12.79;13.06;12.41;60189398;769467336;5.97;1.19;0.150
20250318;12.6;12.64;12.87;12.47;46555144;588901862;4.62;0.72;0.090
20250317;12.27;12.55;12.67;12.08;47563792;590285754;4.72;1.29;0.160
20250314;12.01;12.39;12.43;11.85;54604305;664843244;5.42;2.57;0.310
20250313;12.8;12.08;12.8;11.93;73836403;904684078;7.33;-6.79;-0.880
20250312;13.3;12.96;13.4;12.78;96568209;1254314621;9.59;-3.79;-0.510
20250311;12.55;13.47;13.7;12.48;124769519;1654605563;12.39;3.22;0.420
20250310;12.3;13.05;13.22;12.15;112520967;1435291839;11.17;6.7;0.820
20250307;12.16;12.23;12.46;12.08;67282817;822850396;6.68;0.66;0.080
20250306;12.34;12.15;12.72;12.1;109294444;1346180039;10.85;-1.54;-0.190
20250305;11.18;12.34;12.34;11.17;35434304;428610446;3.52;9.98;1.120
20250304;10.81;11.22;11.43;10.8;35331136;397266858;3.51;2.84;0.310
20250303;11.17;10.91;11.26;10.82;39875510;440516725;3.96;-1.89;-0.210
20250228;11.64;11.12;11.9;11.08;52340598;596735427;5.2;-5.52;-0.650
20250227;11.82;11.77;11.98;11.5;70274100;825051121;6.98;-1.51;-0.180
20250226;12.0;11.95;12.59;11.8;115822494;1407725606;11.5;0.25;0.030
20250225;11.35;11.92;12.15;11.26;87708369;1040121086;8.71;3.65;0.420
20250224;11.5;11.5;11.74;11.26;52513117;604928279;5.21;-1.2;-0.140
20250221;11.6;11.64;11.72;11.38;71930859;828377951;7.14;-0.09;-0.010
20250220;11.21;11.65;11.71;11.03;93385506;1071129907;9.27;3.28;0.370
20250219;10.52;11.28;11.28;10.52;90649867;1004116217;9.0;5.62;0.600
20250218;10.55;10.68;10.93;10.47;49467399;530426557;4.91;0.75;0.080
20250217;10.43;10.6;10.63;10.43;31911931;336648521;3.17;1.34;0.140
20250214;10.57;10.46;10.67;10.39;36690660;385097414;3.64;-1.41;-0.150
20250213;10.86;10.61;11.22;10.61;47660623;515949083;4.73;-2.39;-0.260
20250212;10.66;10.87;11.09;10.42;57074859;615532315;5.67;0.74;0.080
20250211;10.59;10.79;10.8;10.51;56498330;604057802;5.61;1.22;0.130
20250210;10.69;10.66;10.8;10.48;46599194;493603199;4.63;-0.93;-0.100
20250207;10.77;10.76;10.93;10.56;72804902;784951794;7.23;-0.28;-0.030
20250206;10.2;10.79;11.11;10.2;91846547;983387537;9.12;4.55;0.470
20250205;10.03;10.32;10.5;9.96;56793800;584080503;5.64;3.93;0.390
20250127;10.3;9.93;10.41;9.91;38329599;385800527;3.8;-3.31;-0.340
20250124;10.28;10.27;10.35;9.9;65165205;661227139;6.47;0.2;0.020
20250123;10.63;10.25;10.88;10.22;117362900;1238502255;11.65;-2.1;-0.220
20250122;9.52;10.47;10.47;9.36;64645855;654290284;6.42;9.98;0.950
20250121;9.42;9.52;9.58;9.28;23498320;221659968;2.33;1.71;0.160
20250120;9.46;9.36;9.56;9.32;17913826;168405132;1.78;-0.43;-0.040
20250117;9.34;9.4;9.59;9.33;18907277;178803009;1.88;-0.32;-0.030
20250116;9.51;9.43;9.66;9.29;22441800;212540803;2.23;-0.21;-0.020
20250115;9.41;9.45;9.53;9.31;24837447;234183796;2.47;-0.53;-0.050
20250114;8.73;9.5;9.5;8.73;42344572;391150071;4.2;8.2;0.720
20250113;8.42;8.78;8.99;8.38;25085700;219246598;2.49;1.97;0.170
20250110;8.69;8.61;8.96;8.6;25380300;222795840;2.52;-0.81;-0.070
20250109;8.23;8.68;8.8;8.23;31736268;273624007;3.15;4.45;0.370
20250108;8.25;8.31;8.42;7.97;20781498;170421079;2.15;0.36;0.030
20250107;8.09;8.28;8.29;8.09;14353800;117468318;1.48;2.35;0.190
20250106;8.15;8.09;8.24;8.02;16450800;133530565;1.7;-1.82;-0.150
20250103;8.73;8.24;8.78;8.17;20043402;168827450;2.07;-5.4;-0.470
20250102;8.95;8.71;9.09;8.58;20347592;179622178;2.1;-2.9;-0.260