20251022;3.61;3.63;3.65;3.59;40441170;146649441;2.15;0.0;0.000
20251021;3.57;3.63;3.64;3.54;52565965;189813040;2.8;1.68;0.060
20251020;3.52;3.57;3.59;3.52;50764474;180620425;2.7;2.29;0.080
20251017;3.57;3.49;3.62;3.48;49074232;173571816;2.61;-2.24;-0.080
20251016;3.66;3.57;3.68;3.56;59876500;215656469;3.19;-2.99;-0.110
20251015;3.62;3.68;3.69;3.59;60355522;220218670;3.21;1.1;0.040
20251014;3.65;3.64;3.77;3.6;91945299;338109762;4.9;0.55;0.020
20251013;3.49;3.62;3.62;3.44;75046326;267057272;4.0;-0.82;-0.030
20251010;3.68;3.65;3.72;3.65;71975029;264592282;3.83;-1.62;-0.060
20251009;3.73;3.71;3.78;3.69;86866168;324614245;4.62;0.54;0.020
20250930;3.73;3.69;3.79;3.68;89401946;333359907;4.76;0.0;0.000
20250929;3.61;3.69;3.71;3.6;80308170;294756921;4.28;2.22;0.080
20250926;3.69;3.61;3.69;3.6;63949207;232959070;3.4;-2.17;-0.080
20250925;3.78;3.69;3.79;3.68;87463317;325274904;4.66;-2.38;-0.090
20250924;3.68;3.78;3.79;3.64;125813537;468659930;6.7;2.72;0.100
20250923;3.87;3.68;3.88;3.6;150893213;556337166;8.03;-5.15;-0.200
20250922;4.01;3.88;4.02;3.83;140086085;543850101;7.46;-3.24;-0.130
20250919;4.17;4.01;4.22;4.0;184180717;750687886;9.81;-5.2;-0.220
20250918;4.31;4.23;4.39;4.15;247053458;1056287446;13.15;-2.08;-0.090
20250917;4.31;4.32;4.48;4.28;292087808;1273710514;15.55;0.93;0.040
20250916;4.14;4.28;4.37;4.11;256695932;1083387966;13.67;2.64;0.110
20250915;4.18;4.17;4.35;4.15;215873067;913217142;11.49;-1.65;-0.070
20250912;4.13;4.24;4.42;4.1;306182849;1294850644;16.3;1.92;0.080
20250911;4.15;4.16;4.21;4.02;231509476;950344327;12.33;0.48;0.020
20250910;4.29;4.14;4.29;4.12;261392497;1093460479;13.92;-5.48;-0.240
20250909;4.19;4.38;4.48;4.09;393339077;1695296323;20.94;1.86;0.080
20250908;4.25;4.3;4.36;4.12;430154068;1822329450;22.9;-2.49;-0.110
20250905;3.99;4.41;4.41;3.93;498054062;2101872499;26.52;9.98;0.400
20250904;3.84;4.01;4.12;3.77;418651681;1655866787;22.29;4.97;0.190
20250903;4.03;3.82;4.08;3.8;414600539;1625909897;22.07;-5.21;-0.210
20250902;3.66;4.03;4.03;3.62;364443809;1424538512;19.4;10.11;0.370
20250901;3.47;3.66;3.75;3.42;208265452;750147119;11.09;5.48;0.190
20250829;3.45;3.47;3.52;3.42;73400344;254813429;3.91;0.0;0.000
20250828;3.49;3.47;3.53;3.33;126975991;436156377;6.76;-0.86;-0.030
20250827;3.61;3.5;3.64;3.5;122508781;437959698;6.52;-3.31;-0.120
20250826;3.61;3.62;3.65;3.58;82318032;297846706;4.38;0.0;0.000
20250825;3.66;3.62;3.68;3.6;131690492;478457687;7.01;-1.09;-0.040
20250822;3.68;3.66;3.72;3.62;152911500;558079627;8.14;-2.14;-0.080
20250821;3.8;3.74;3.88;3.67;322206402;1218964097;17.15;2.47;0.090
20250820;3.65;3.65;3.66;3.58;95661300;346855008;5.09;-0.27;-0.010
20250819;3.65;3.66;3.68;3.6;133407168;486741918;7.1;0.27;0.010
20250818;3.63;3.65;3.73;3.61;167053888;609822585;8.89;1.96;0.070
20250815;3.46;3.58;3.61;3.45;142681360;507743530;7.6;3.17;0.110
20250814;3.55;3.47;3.57;3.47;117269678;411986590;6.24;-2.8;-0.100
20250813;3.52;3.57;3.66;3.51;148332734;529717556;7.9;1.71;0.060
20250812;3.53;3.51;3.55;3.48;78823710;276368562;4.2;-1.13;-0.040
20250811;3.5;3.55;3.57;3.5;113106100;400082462;6.02;1.72;0.060
20250808;3.47;3.49;3.5;3.46;73089542;254760784;3.89;0.29;0.010
20250807;3.51;3.48;3.53;3.46;74520900;259837223;3.97;-0.85;-0.030
20250806;3.49;3.51;3.53;3.47;86060378;301360161;4.58;0.29;0.010
20250805;3.5;3.5;3.51;3.46;62342907;217170836;3.32;0.29;0.010
20250804;3.43;3.49;3.49;3.41;61118150;211483782;3.25;1.16;0.040
20250801;3.47;3.45;3.48;3.43;79258326;273358216;4.22;-0.86;-0.030
20250731;3.48;3.48;3.55;3.47;89146171;312561403;4.75;-0.29;-0.010
20250730;3.58;3.49;3.58;3.47;103856753;364093343;5.53;-2.24;-0.080
20250729;3.59;3.57;3.62;3.52;97978600;348752331;5.22;-1.11;-0.040
20250728;3.56;3.61;3.61;3.55;116974700;419492792;6.23;1.69;0.060
20250725;3.6;3.55;3.61;3.54;113023842;402323538;6.02;-1.93;-0.070
20250724;3.58;3.62;3.62;3.57;118525178;425817525;6.31;0.28;0.010
20250723;3.7;3.61;3.72;3.59;203907505;739876041;10.86;-3.73;-0.140
20250722;3.86;3.75;3.89;3.73;263321339;999143748;14.02;-4.34;-0.170
20250721;3.87;3.92;3.99;3.82;215282514;837579268;11.46;-0.51;-0.020
20250718;3.85;3.94;4.06;3.82;295848882;1169601421;15.75;2.6;0.100
20250717;3.8;3.84;3.87;3.75;197235297;752287235;10.5;0.79;0.030
20250716;3.79;3.81;3.89;3.76;182417700;697640567;9.71;-0.26;-0.010
20250715;3.91;3.82;3.96;3.78;230618400;889135093;12.28;-2.3;-0.090
20250714;4.03;3.91;4.06;3.9;278832904;1104841144;14.84;-2.98;-0.120
20250711;4.11;4.03;4.25;3.93;425461879;1718891212;22.65;-6.93;-0.300
20250710;4.52;4.33;4.58;4.26;524436520;2288548131;27.92;-5.66;-0.260
20250709;4.64;4.59;4.85;4.4;760718109;3548486333;40.5;0.44;0.020
20250708;4.22;4.57;4.57;4.16;535583764;2353971748;28.51;10.12;0.420
20250707;4.38;4.15;4.53;4.13;591014938;2547029056;31.46;-6.11;-0.270
20250704;4.38;4.42;4.68;4.35;730786300;3262426657;38.91;2.55;0.110
20250703;3.91;4.31;4.31;3.53;655295543;2509680105;34.89;9.95;0.390
20250702;3.93;3.92;4.48;3.83;624961653;2605449449;33.27;-6.89;-0.290
20250701;4.39;4.21;4.54;4.07;758686124;3322002641;40.39;1.94;0.080
20250630;3.8;4.13;4.13;3.71;606394817;2425240526;32.28;10.13;0.380
20250627;3.75;3.75;3.75;3.69;257464771;965298815;13.71;9.97;0.340
20250626;3.39;3.41;3.41;3.15;464934734;1543688191;24.75;10.0;0.310
20250625;3.0;3.1;3.1;2.98;95165472;291775566;5.07;9.93;0.280
20250624;2.55;2.82;2.82;2.54;49136720;135952167;2.62;10.16;0.260
20250623;2.48;2.56;2.56;2.46;32520802;81929322;1.73;2.4;0.060
20250620;2.52;2.5;2.55;2.49;22848082;57518101;1.22;-0.4;-0.010
20250619;2.57;2.51;2.59;2.51;19448000;49436424;1.04;-2.33;-0.060
20250618;2.61;2.57;2.62;2.56;18462700;47652376;0.98;-1.53;-0.040
20250617;2.6;2.61;2.63;2.59;15005500;39091188;0.8;0.38;0.010
20250616;2.6;2.6;2.64;2.58;17559000;45881197;0.93;0.0;0.000
20250613;2.64;2.6;2.65;2.58;23142000;60374538;1.23;-1.89;-0.050
20250612;2.65;2.65;2.66;2.62;15846020;41825030;0.84;-0.38;-0.010
20250611;2.65;2.66;2.69;2.64;20658780;55096433;1.1;0.0;0.000
20250610;2.7;2.66;2.7;2.61;28100180;74581805;1.5;-1.48;-0.040
20250609;2.69;2.7;2.7;2.67;18991148;50975482;1.01;0.75;0.020
20250606;2.67;2.68;2.7;2.66;18780300;50242415;1.0;0.0;0.000
20250605;2.7;2.68;2.71;2.66;18218400;48854068;0.97;-0.74;-0.020
20250604;2.67;2.7;2.73;2.67;23034000;62230354;1.23;1.12;0.030
20250603;2.65;2.67;2.69;2.61;24639200;65258507;1.31;0.38;0.010
20250530;2.71;2.66;2.73;2.65;26000002;69630339;1.38;-2.56;-0.070
20250529;2.7;2.73;2.74;2.69;33914880;91870047;1.81;0.37;0.010
20250528;2.66;2.72;2.73;2.66;53592132;144259456;2.85;1.87;0.050
20250527;2.72;2.67;2.75;2.65;55509403;149395553;2.96;-2.2;-0.060
20250526;2.74;2.73;2.78;2.71;36438621;99818850;1.94;-1.8;-0.050
20250523;2.7;2.78;2.82;2.69;51527111;142856763;2.74;2.21;0.060
20250522;2.73;2.72;2.78;2.7;34269200;93841200;1.82;-1.09;-0.030
20250521;2.72;2.75;2.76;2.71;34411303;94201105;1.83;0.0;0.000
20250520;2.75;2.75;2.76;2.68;45183603;122878318;2.41;-0.36;-0.010
20250519;2.61;2.76;2.79;2.59;79677868;216493273;4.24;5.34;0.140
20250516;2.58;2.62;2.66;2.58;24474600;64285810;1.3;1.95;0.050
20250515;2.61;2.57;2.62;2.56;23086500;59466389;1.23;-1.53;-0.040
20250514;2.58;2.61;2.62;2.58;23030890;59882069;1.23;0.77;0.020
20250513;2.62;2.59;2.67;2.58;30399200;79688367;1.62;0.0;0.000
20250512;2.55;2.59;2.61;2.55;28569100;73736513;1.52;1.97;0.050
20250509;2.57;2.54;2.59;2.53;19986900;50912102;1.06;-1.17;-0.030
20250508;2.56;2.57;2.58;2.54;27093900;69500498;1.44;0.0;0.000
20250507;2.55;2.57;2.61;2.54;41821221;107585943;2.23;1.98;0.050
20250506;2.51;2.52;2.53;2.49;23932656;60055372;1.27;1.2;0.030
20250430;2.51;2.49;2.57;2.49;25050500;62972888;1.33;-0.8;-0.020
20250429;2.5;2.51;2.56;2.49;30684716;77447884;1.63;0.0;0.000
20250428;2.42;2.51;2.53;2.4;49664072;123158986;2.64;3.72;0.090
20250425;2.36;2.42;2.42;2.34;25833072;61734067;1.38;2.54;0.060
20250424;2.36;2.36;2.4;2.35;24524214;58150219;1.31;0.43;0.010
20250423;2.36;2.35;2.38;2.33;18995196;44619449;1.01;0.43;0.010
20250422;2.35;2.34;2.38;2.34;13523500;31815326;0.72;0.0;0.000
20250421;2.33;2.34;2.36;2.32;10771700;25200124;0.57;0.43;0.010
20250418;2.3;2.33;2.34;2.29;14533262;33705245;0.77;1.3;0.030
20250417;2.29;2.3;2.34;2.27;13081200;30269411;0.7;0.0;0.000
20250416;2.34;2.3;2.35;2.26;17756900;40778162;0.95;-1.71;-0.040
20250415;2.35;2.34;2.39;2.32;15651800;36760863;0.83;-0.85;-0.020
20250414;2.32;2.36;2.36;2.32;15940800;37349289;0.85;2.61;0.060
20250411;2.27;2.3;2.32;2.25;23399020;53874710;1.25;1.32;0.030
20250410;2.25;2.27;2.31;2.25;26667500;60900884;1.42;2.25;0.050
20250409;2.16;2.22;2.24;2.02;34008433;73278758;1.81;2.3;0.050
20250408;2.22;2.17;2.26;2.14;39407424;86191250;2.1;-3.13;-0.070
20250407;2.4;2.24;2.4;2.24;36100200;82186359;1.92;-10.04;-0.250
20250403;2.43;2.49;2.51;2.43;23144302;57219891;1.23;1.63;0.040
20250402;2.47;2.45;2.47;2.43;18723645;45877934;1.0;-0.81;-0.020
20250401;2.47;2.47;2.51;2.45;20392072;50637512;1.09;0.41;0.010
20250331;2.47;2.46;2.49;2.43;21137344;51951385;1.13;-1.6;-0.040
20250328;2.57;2.5;2.58;2.5;25554002;64418873;1.36;-3.1;-0.080
20250327;2.57;2.58;2.6;2.51;24507432;62749171;1.3;0.39;0.010
20250326;2.57;2.57;2.59;2.55;17360800;44666363;0.92;0.0;0.000
20250325;2.56;2.57;2.58;2.54;21590860;55342266;1.15;0.78;0.020
20250324;2.65;2.55;2.65;2.5;41975100;107530620;2.23;-3.77;-0.100
20250321;2.67;2.65;2.69;2.63;38751520;102974386;2.06;-1.12;-0.030
20250320;2.68;2.68;2.71;2.64;47644300;127765358;2.54;0.0;0.000
20250319;2.57;2.68;2.69;2.56;70686360;186638160;3.76;4.28;0.110
20250318;2.59;2.57;2.6;2.54;27317578;69997990;1.45;-0.39;-0.010
20250317;2.55;2.58;2.62;2.54;42209569;109241712;2.25;1.57;0.040
20250314;2.52;2.54;2.56;2.49;33531992;84731011;1.79;1.2;0.030
20250313;2.55;2.51;2.57;2.48;40005600;100437008;2.13;-2.33;-0.060
20250312;2.47;2.57;2.61;2.46;75069399;191266323;4.0;4.05;0.100
20250311;2.45;2.47;2.47;2.43;17834490;43676979;0.95;0.41;0.010
20250310;2.45;2.46;2.49;2.45;16183242;39906337;0.86;0.0;0.000
20250307;2.51;2.46;2.51;2.45;29597500;73216769;1.58;-2.38;-0.060
20250306;2.53;2.52;2.54;2.49;34358560;86352366;1.83;-0.4;-0.010
20250305;2.48;2.53;2.57;2.43;60427700;151129817;3.22;2.43;0.060
20250304;2.46;2.47;2.49;2.43;26927700;66168611;1.43;-0.4;-0.010
20250303;2.42;2.48;2.52;2.41;40771355;101318328;2.17;2.9;0.070
20250228;2.5;2.41;2.52;2.4;29409402;72256699;1.57;-4.37;-0.110
20250227;2.54;2.52;2.59;2.48;38573888;97434603;2.05;-0.4;-0.010
20250226;2.48;2.53;2.58;2.47;55233210;139410850;2.94;2.85;0.070
20250225;2.46;2.46;2.5;2.43;24391400;60221981;1.3;-0.81;-0.020
20250224;2.47;2.48;2.5;2.44;31685342;78142269;1.69;0.4;0.010
20250221;2.48;2.47;2.53;2.45;33003302;81966928;1.76;-0.8;-0.020
20250220;2.45;2.49;2.57;2.44;33161307;82694766;1.77;1.63;0.040
20250219;2.45;2.45;2.47;2.43;21978221;53741661;1.17;0.0;0.000
20250218;2.52;2.45;2.52;2.42;28599300;70441448;1.52;-2.78;-0.070
20250217;2.47;2.52;2.53;2.46;29082200;72856951;1.55;2.44;0.060
20250214;2.48;2.46;2.49;2.44;17569220;43308994;0.94;-0.81;-0.020
20250213;2.51;2.48;2.53;2.48;18733742;46882426;1.0;-1.2;-0.030
20250212;2.53;2.51;2.55;2.48;19454500;48769158;1.04;-0.4;-0.010
20250211;2.52;2.52;2.55;2.47;30416475;76358616;1.62;0.4;0.010
20250210;2.47;2.51;2.52;2.47;21142000;52938728;1.13;1.21;0.030
20250207;2.49;2.48;2.53;2.45;30265092;75250177;1.61;-0.4;-0.010
20250206;2.39;2.49;2.49;2.36;35177800;86372994;1.87;4.18;0.100
20250205;2.34;2.39;2.42;2.33;20954200;49734638;1.12;3.02;0.070
20250127;2.31;2.32;2.4;2.31;16653700;39116342;0.89;0.87;0.020
20250124;2.31;2.3;2.32;2.27;15758000;36100729;0.84;-0.43;-0.010
20250123;2.34;2.31;2.38;2.31;13681900;32112752;0.73;-0.43;-0.010
20250122;2.33;2.32;2.34;2.3;9537800;22134898;0.51;-0.85;-0.020
20250121;2.4;2.34;2.41;2.33;16939300;39850984;0.9;-1.68;-0.040
20250120;2.38;2.38;2.4;2.32;18915800;44725076;1.01;0.42;0.010
20250117;2.39;2.37;2.39;2.34;10715300;25364524;0.57;-0.84;-0.020
20250116;2.38;2.39;2.44;2.37;20694291;49703774;1.1;0.84;0.020
20250115;2.39;2.37;2.4;2.34;15885700;37564545;0.85;-0.42;-0.010
20250114;2.3;2.38;2.38;2.29;22652700;53239783;1.21;4.39;0.100
20250113;2.26;2.28;2.3;2.22;16888700;38314867;0.9;-0.44;-0.010
20250110;2.38;2.29;2.4;2.29;16000400;37617853;0.85;-3.38;-0.080
20250109;2.33;2.37;2.4;2.33;17145748;40597692;0.91;0.85;0.020
20250108;2.35;2.35;2.38;2.27;18962398;44170304;1.01;-0.42;-0.010
20250107;2.31;2.36;2.37;2.29;15744000;36631041;0.84;1.72;0.040
20250106;2.36;2.32;2.36;2.25;23113060;53318100;1.23;-1.28;-0.030
20250103;2.44;2.35;2.45;2.33;34024534;81295064;1.81;-3.29;-0.080
20250102;2.5;2.43;2.58;2.4;40252700;100068002;2.14;-2.02;-0.050