20251022;20.86;20.74;20.89;20.69;5526165;114799835;0.7;-0.81;-0.170
20251021;20.8;20.91;20.94;20.7;6461891;134741517;0.81;0.72;0.150
20251020;20.85;20.76;20.89;20.68;7207338;149730792;0.91;0.19;0.040
20251017;21.41;20.72;21.45;20.6;14915115;312835082;1.88;-3.45;-0.740
20251016;21.65;21.46;21.87;21.4;10189864;220023350;1.28;-0.74;-0.160
20251015;21.45;21.62;21.68;21.28;10343460;221960741;1.3;1.6;0.340
20251014;21.9;21.38;22.12;21.35;15315719;332275134;1.93;-2.37;-0.520
20251013;22.0;21.9;22.03;21.45;20698768;450454443;2.61;-3.23;-0.730
20251010;23.15;22.63;23.16;22.52;15842124;360823141;2.0;-2.37;-0.550
20251009;23.0;23.18;23.27;22.71;21969589;505259617;2.77;0.61;0.140
20250930;23.21;23.04;23.33;22.9;18248575;421997968;2.3;-0.56;-0.130
20250929;23.45;23.17;23.86;23.05;25135557;584249891;3.17;-1.66;-0.390
20250926;22.0;23.56;23.92;21.76;53610432;1234646296;6.75;6.85;1.510
20250925;21.95;22.05;22.3;21.8;16544953;364083389;2.08;0.5;0.110
20250924;21.7;21.94;22.22;21.34;19423609;421422063;2.45;1.01;0.220
20250923;22.04;21.72;22.06;21.35;17421455;376946537;2.19;-1.63;-0.360
20250922;21.86;22.08;22.39;21.65;16795983;369625152;2.12;0.68;0.150
20250919;22.3;21.93;22.34;21.92;16527357;364617302;2.08;-1.17;-0.260
20250918;22.19;22.19;22.71;21.81;36143572;807984962;4.55;0.0;0.000
20250917;21.47;22.19;22.49;21.42;31568591;696361112;3.98;3.35;0.720
20250916;21.26;21.47;21.59;21.1;16163619;346130776;2.04;0.99;0.210
20250915;21.5;21.26;21.75;21.23;13124167;281909968;1.65;-0.93;-0.200
20250912;21.75;21.46;21.82;21.4;14778756;319038480;1.86;-0.92;-0.200
20250911;21.38;21.66;21.66;21.08;17860752;382126389;2.25;1.31;0.280
20250910;21.71;21.38;21.89;21.3;16441797;354508916;2.07;-1.38;-0.300
20250909;22.17;21.68;22.17;21.62;16504002;359682031;2.08;-2.3;-0.510
20250908;21.84;22.19;22.43;21.8;21387986;472253508;2.69;1.37;0.300
20250905;21.43;21.89;22.1;21.41;18527266;403551438;2.33;2.1;0.450
20250904;22.28;21.44;22.34;21.09;33538785;728399461;4.22;-4.5;-1.010
20250903;22.19;22.45;23.18;21.75;46568795;1040649024;5.87;1.49;0.330
20250902;22.56;22.12;22.62;21.7;26021485;575071381;3.28;-1.6;-0.360
20250901;22.65;22.48;22.85;21.84;40888549;908245049;5.15;-0.13;-0.030
20250829;22.2;22.51;23.3;22.11;54768655;1245928726;6.9;-0.09;-0.020
20250828;20.68;22.53;22.78;20.65;81585158;1802073883;10.28;8.79;1.820
20250827;21.2;20.71;21.5;20.7;30285241;639893124;3.81;-2.45;-0.520
20250826;21.1;21.23;21.52;21.04;21634022;460558880;2.73;0.05;0.010
20250825;21.7;21.22;21.8;21.02;30397166;646481402;3.83;-0.89;-0.190
20250822;21.0;21.41;21.5;20.91;27696198;587936368;3.49;1.47;0.310
20250821;20.77;21.1;21.47;20.55;33473081;703910180;4.22;1.98;0.410
20250820;20.45;20.69;20.69;20.26;16806522;344943537;2.12;1.03;0.210
20250819;20.53;20.48;20.63;20.2;22014039;449404249;2.77;-0.24;-0.050
20250818;20.45;20.53;20.78;20.32;25710341;526762198;3.24;0.79;0.160
20250815;19.85;20.37;20.38;19.85;17865478;362095590;2.25;2.26;0.450
20250814;20.25;19.92;20.29;19.83;17340419;348079812;2.18;-1.63;-0.330
20250813;20.2;20.25;20.33;20.16;15332530;310389215;1.93;0.3;0.060
20250812;20.24;20.19;20.35;20.11;14088692;284439281;1.77;0.0;0.000
20250811;20.12;20.19;20.28;20.05;14476990;292343681;1.82;0.65;0.130
20250808;20.24;20.06;20.28;20.05;13898200;279534975;1.75;-0.74;-0.150
20250807;20.59;20.21;20.78;20.14;24275806;492921884;3.06;-1.75;-0.360
20250806;19.47;20.57;20.8;19.34;50783371;1029495820;6.4;5.81;1.130
20250805;19.44;19.44;19.75;19.41;15632700;305016568;1.97;0.05;0.010
20250804;19.32;19.43;19.44;19.13;13327372;256723566;1.68;0.26;0.050
20250801;19.28;19.38;19.79;19.27;17221500;335565358;2.17;0.68;0.130
20250731;19.3;19.25;19.77;19.2;15270177;296593685;1.92;-0.41;-0.080
20250730;19.38;19.33;19.51;19.2;11553363;223942859;1.46;-0.62;-0.120
20250729;19.56;19.45;19.58;19.3;11162100;216494201;1.41;-0.56;-0.110
20250728;19.76;19.56;19.77;19.51;10748800;210777836;1.35;-0.71;-0.140
20250725;19.79;19.7;19.82;19.66;9548908;188207444;1.2;-0.15;-0.030
20250724;19.45;19.73;19.85;19.43;19002697;374034081;2.39;1.65;0.320
20250723;19.64;19.41;19.66;19.38;12755868;249185075;1.61;-1.17;-0.230
20250722;19.55;19.64;19.65;19.34;16249883;316914878;2.05;0.36;0.070
20250721;19.46;19.57;19.76;19.41;23213059;454848034;2.92;1.56;0.300
20250718;19.35;19.27;19.36;19.17;7701500;148123966;0.97;0.0;0.000
20250717;19.24;19.27;19.32;19.21;8072401;155572232;1.02;0.05;0.010
20250716;19.16;19.26;19.38;19.06;11439110;220316930;1.44;0.52;0.100
20250715;19.21;19.16;19.32;19.0;10206859;195619041;1.29;-0.31;-0.060
20250714;19.2;19.22;19.28;19.12;8993087;172753519;1.13;0.26;0.050
20250711;19.28;19.17;19.3;19.12;12447388;239012043;1.57;-0.21;-0.040
20250710;18.95;19.21;19.45;18.91;15920512;305366693;2.01;1.32;0.250
20250709;18.98;18.96;19.28;18.92;10921465;208320766;1.37;0.0;0.000
20250708;18.86;18.96;18.98;18.84;7849000;148597754;0.98;0.48;0.090
20250707;18.98;18.87;19.0;18.84;6541266;123570310;0.82;-0.58;-0.110
20250704;19.02;18.98;19.13;18.96;9263235;176361181;1.16;-0.52;-0.100
20250703;18.85;19.08;19.16;18.79;12922379;245779850;1.62;1.27;0.240
20250702;18.87;18.84;18.91;18.78;6663771;125453991;0.83;-0.32;-0.060
20250701;18.95;18.9;19.02;18.81;8174972;154339474;1.02;-0.21;-0.040
20250630;18.87;18.94;19.02;18.82;7626671;144192660;0.95;0.48;0.090
20250627;18.89;18.85;19.06;18.81;9352875;176560222;1.13;0.53;0.100
20250626;19.0;18.75;19.0;18.72;11102187;209416242;1.35;-1.32;-0.250
20250625;18.76;19.0;19.02;18.75;12408900;234395794;1.51;1.33;0.250
20250624;18.37;18.75;18.8;18.37;12806487;238202285;1.55;2.52;0.460
20250623;18.31;18.29;18.4;18.16;8842003;161381766;1.07;-0.54;-0.100
20250620;18.48;18.39;18.6;18.37;6550900;120846142;0.79;-0.38;-0.070
20250619;18.75;18.46;18.88;18.44;11055224;206257172;1.34;-1.34;-0.250
20250618;18.76;18.71;18.77;18.53;10338207;192808395;1.25;-0.21;-0.040
20250617;19.61;19.62;19.72;19.53;9125004;179141312;1.11;0.1;0.020
20250616;19.5;19.6;19.64;19.45;8575325;167633462;1.04;0.31;0.060
20250613;19.91;19.54;19.92;19.48;18513404;363946947;2.25;-2.06;-0.410
20250612;19.97;19.95;20.22;19.87;15848599;317568550;1.92;-0.05;-0.010
20250611;19.82;19.96;20.04;19.82;7880605;157419376;0.96;0.76;0.150
20250610;20.02;19.81;20.18;19.69;12251197;243840922;1.49;-1.25;-0.250
20250609;19.91;20.06;20.18;19.91;10526176;211212673;1.28;0.75;0.150
20250606;20.1;19.91;20.1;19.89;8316334;165969537;1.01;-0.85;-0.170
20250605;20.01;20.08;20.29;19.88;12745792;255462615;1.55;0.15;0.030
20250604;19.86;20.05;20.08;19.84;9172437;183285697;1.11;0.96;0.190
20250603;19.78;19.86;19.9;19.76;6965100;138156792;0.85;-0.3;-0.060
20250530;20.0;19.92;20.04;19.7;11966588;237174623;1.45;-0.7;-0.140
20250529;19.91;20.06;20.2;19.91;12111974;243344828;1.47;1.21;0.240
20250528;19.95;19.82;20.11;19.8;8524700;169766948;1.03;-0.75;-0.150
20250527;20.17;19.97;20.23;19.86;11596897;231796656;1.41;-1.04;-0.210
20250526;20.31;20.18;20.4;20.11;11625466;235017052;1.41;-1.08;-0.220
20250523;20.32;20.4;20.98;20.25;18885333;389738160;2.29;0.34;0.070
20250522;20.58;20.33;20.67;20.3;13638466;278770233;1.65;-1.88;-0.390
20250521;20.81;20.72;20.97;20.6;14038304;291508335;1.7;0.14;0.030
20250520;20.37;20.69;20.76;20.31;17784732;364907387;2.16;1.37;0.280
20250519;21.01;20.41;21.13;20.24;27040131;552776694;3.28;-3.41;-0.720
20250516;20.79;21.13;21.39;20.69;30023524;636271230;3.64;1.64;0.340
20250515;20.96;20.79;21.65;20.72;35039359;743648272;4.25;-0.76;-0.160
20250514;21.02;20.95;21.33;20.72;29240094;612981808;3.55;-0.29;-0.060
20250513;20.5;21.01;21.74;20.37;49096634;1036000881;5.96;4.42;0.890
20250512;19.98;20.12;20.45;19.98;17345626;349892728;2.1;1.67;0.330
20250509;20.17;19.79;20.18;19.65;14728564;292491223;1.79;-1.64;-0.330
20250508;19.91;20.12;20.27;19.91;14325589;288544117;1.74;0.25;0.050
20250507;20.29;20.07;20.68;19.87;18829294;379233300;2.28;0.55;0.110
20250506;19.69;19.96;20.01;19.61;17343554;343830358;2.1;2.1;0.410
20250430;19.25;19.55;19.67;19.05;16610387;322589013;2.02;1.61;0.310
20250429;18.85;19.24;19.42;18.61;22118800;424229847;2.68;2.89;0.540
20250428;18.9;18.7;19.02;18.6;14319792;268322148;1.74;-1.42;-0.270
20250425;18.8;18.97;19.32;18.53;33441632;630405831;4.06;-3.26;-0.640
20250424;20.0;19.61;20.04;19.52;18214382;359924811;2.21;-1.65;-0.330
20250423;19.55;19.94;20.28;19.49;27671499;550262447;3.36;2.73;0.530
20250422;19.5;19.41;19.67;19.35;15460755;301252350;1.88;-1.37;-0.270
20250421;19.1;19.68;19.7;18.96;23307167;450805813;2.83;3.8;0.720
20250418;18.83;18.96;19.51;18.83;26878847;515475320;3.26;1.66;0.310
20250417;18.6;18.65;18.82;18.5;12413100;231851183;1.51;0.05;0.010
20250416;19.08;18.64;19.13;18.42;17289899;323076266;2.1;-2.82;-0.540
20250415;19.45;19.18;19.53;19.08;15591678;300347341;1.89;-0.98;-0.190
20250414;19.5;19.37;19.71;19.26;22559606;438332886;2.74;0.89;0.170
20250411;18.6;19.2;19.45;18.53;24906206;477001660;3.02;1.8;0.340
20250410;18.8;18.86;19.35;18.77;34973416;664596932;4.25;3.74;0.680
20250409;17.78;18.18;18.34;17.02;32714701;583867716;3.97;0.5;0.090
20250408;18.41;18.09;18.58;17.76;39587978;714368106;4.81;-2.95;-0.550
20250407;19.32;18.64;19.44;18.64;26650300;501537910;3.24;-10.0;-2.070
20250403;20.8;20.71;21.15;20.58;16103000;335313910;1.95;-2.27;-0.480
20250402;20.95;21.19;21.37;20.87;13431425;284560115;1.63;0.9;0.190
20250401;21.39;21.0;21.5;20.9;15379700;325667743;1.87;-1.55;-0.330
20250331;21.43;21.33;21.57;20.75;23791180;502365255;2.89;-1.48;-0.320
20250328;21.95;21.65;22.15;21.58;19534400;425695029;2.37;-1.41;-0.310
20250327;22.15;21.96;22.6;21.77;25555633;566185459;3.1;-1.26;-0.280
20250326;22.1;22.24;22.65;22.09;26314307;587296389;3.19;0.68;0.150
20250325;22.38;22.09;22.83;22.03;26035912;582986893;3.16;-1.56;-0.350
20250324;23.25;22.44;23.52;21.93;44654379;1003001606;5.42;-3.44;-0.800
20250321;24.3;23.24;24.49;23.24;45756478;1083039175;5.55;-5.53;-1.360
20250320;24.9;24.6;25.24;23.92;45364983;1113404234;5.51;-1.2;-0.300
20250319;25.29;24.9;25.76;24.65;52374189;1313784650;6.36;-0.64;-0.160
20250318;24.49;25.06;25.57;24.22;71938440;1784346472;8.73;2.92;0.710
20250317;23.77;24.35;24.74;23.47;83483533;2018062663;10.13;4.6;1.070
20250314;23.66;23.28;24.11;22.98;82767336;1941750323;10.05;-0.89;-0.210
20250313;26.08;23.49;26.54;23.49;102001170;2508510870;12.38;-10.0;-2.610
20250312;28.94;26.1;29.1;26.05;124448444;3401625955;15.11;-6.18;-1.720
20250311;27.12;27.82;28.39;26.5;169044415;4676470791;20.52;7.79;2.010
20250310;24.91;25.81;25.81;24.9;56742119;1455890837;6.89;10.02;2.350
20250307;21.39;23.46;23.67;21.2;77344907;1793037742;9.39;9.01;1.940
20250306;21.11;21.52;21.8;20.36;32384877;685150140;3.93;3.11;0.650
20250305;21.09;20.87;21.34;20.6;18052509;377270047;2.19;-1.04;-0.220
20250304;20.4;21.09;21.39;20.28;19943745;418957517;2.42;1.59;0.330
20250303;21.83;20.76;21.9;20.62;34699308;730969888;4.21;-3.93;-0.850
20250228;21.82;21.61;22.4;21.36;44294413;970214502;5.38;0.84;0.180
20250227;21.41;21.43;21.95;21.06;27128842;583735832;3.29;0.14;0.030
20250226;21.05;21.4;22.13;21.04;40143445;866765698;4.87;1.66;0.350
20250225;21.01;21.05;21.49;20.8;49451067;1045293365;6.0;-1.41;-0.300
20250224;20.65;21.35;21.63;20.63;74754096;1594308937;9.07;8.6;1.690
20250221;18.5;19.66;19.66;18.21;47304745;912925732;5.74;10.02;1.790
20250220;18.0;17.87;18.05;17.81;5583099;99778510;0.68;-0.89;-0.160
20250219;18.0;18.03;18.09;17.9;7219306;129922439;0.88;0.0;0.000
20250218;18.08;18.03;18.33;17.94;7594016;137939860;0.92;0.06;0.010
20250217;18.13;18.02;18.23;17.93;6825226;123395553;0.83;-0.61;-0.110
20250214;18.01;18.13;18.19;18.01;4230056;76614401;0.51;0.5;0.090
20250213;18.3;18.04;18.38;18.03;5619649;102018574;0.68;-1.2;-0.220
20250212;18.24;18.26;18.29;18.11;4606651;83825703;0.56;-0.16;-0.030
20250211;18.3;18.29;18.4;18.09;5440900;99006968;0.66;0.33;0.060
20250210;18.28;18.23;18.55;18.22;9053261;166023477;1.1;-0.27;-0.050
20250207;18.07;18.28;18.35;17.96;8702495;158454132;1.06;1.11;0.200
20250206;17.9;18.08;18.1;17.7;6568358;117478361;0.8;0.84;0.150
20250205;18.17;17.93;18.21;17.91;5976700;107683271;0.73;-1.21;-0.220
20250127;18.13;18.15;18.41;18.11;4714900;86009059;0.57;0.33;0.060
20250124;18.07;18.09;18.16;17.88;6667566;120377877;0.81;0.22;0.040
20250123;18.46;18.05;18.48;18.05;9157311;167123322;1.11;-1.37;-0.250
20250122;18.26;18.3;18.36;18.11;4773765;86998346;0.58;0.0;0.000
20250121;18.04;18.3;18.33;17.92;5580128;101184376;0.68;1.61;0.290
20250120;17.96;18.01;18.15;17.86;6411855;115486013;0.78;0.61;0.110
20250117;17.75;17.9;17.93;17.7;3976900;70934724;0.48;0.56;0.100
20250116;17.62;17.8;17.88;17.6;6719682;119271865;0.82;1.37;0.240
20250115;17.64;17.56;17.72;17.5;4941832;86872351;0.6;-0.57;-0.100
20250114;17.18;17.66;17.7;17.14;7624972;133420348;0.93;3.03;0.520
20250113;17.3;17.14;17.46;17.08;6510200;112046824;0.79;-1.27;-0.220
20250110;17.62;17.36;17.7;17.36;5540907;97116332;0.67;-1.36;-0.240
20250109;17.7;17.6;17.84;17.59;6369400;112658326;0.77;-1.35;-0.240
20250108;17.96;17.84;17.97;17.44;7948200;140778503;0.96;-0.72;-0.130
20250107;17.93;17.97;18.18;17.74;7702066;138502370;0.93;1.07;0.190
20250106;17.6;17.78;17.97;17.54;9103680;161760063;1.11;1.25;0.220
20250103;18.08;17.56;18.21;17.5;11539100;205864921;1.4;-2.44;-0.440
20250102;18.84;18.0;18.96;17.89;17506465;323189312;2.13;-4.66;-0.880