20251022;43.83;43.28;43.9;42.12;5286930;228907008;2.9;-0.09;-0.040
20251021;42.4;43.32;43.45;42.22;4829055;207807643;2.65;1.93;0.820
20251020;42.61;42.5;43.38;42.25;4436913;189574137;2.43;0.9;0.380
20251017;44.48;42.12;44.7;41.92;7140542;305516846;3.91;-5.35;-2.380
20251016;45.65;44.5;46.19;44.3;4574262;205457155;2.51;-2.2;-1.000
20251015;44.9;45.5;45.7;44.2;5504231;247655069;3.02;1.47;0.660
20251014;47.76;44.84;47.89;44.59;8575703;394906840;4.7;-5.22;-2.470
20251013;46.01;47.31;47.93;44.93;8183275;383612485;4.49;-1.03;-0.490
20251010;48.5;47.8;48.87;47.44;8284595;398930538;4.54;-1.87;-0.910
20251009;48.34;48.71;49.58;47.85;9599508;469484575;5.26;1.04;0.500
20250930;48.05;48.21;49.01;47.85;10256400;495771155;5.62;1.05;0.500
20250929;47.0;47.71;48.47;46.42;10194864;483854853;5.59;1.47;0.690
20250926;50.01;47.02;50.42;46.97;16444885;788999994;9.01;-4.82;-2.380
20250925;49.77;49.4;50.0;48.48;15726261;775149814;8.62;-0.06;-0.030
20250924;49.43;49.43;50.02;48.4;11613416;570980486;6.37;-0.64;-0.320
20250923;51.4;49.75;51.68;48.56;16643020;828289574;9.12;-3.64;-1.880
20250922;51.3;51.63;51.65;49.55;24501667;1238278603;13.43;-0.02;-0.010
20250919;49.33;51.64;53.35;49.27;39636537;2036994543;21.73;6.47;3.140
20250918;45.99;48.5;50.77;45.9;31757404;1553523265;17.41;5.09;2.350
20250917;45.77;46.15;46.86;45.25;8166899;375464538;4.48;0.94;0.430
20250916;44.81;45.72;46.14;44.73;8530873;388218680;4.68;1.58;0.710
20250915;45.18;45.01;45.88;44.57;6633824;299458899;3.64;-0.95;-0.430
20250912;45.22;45.44;46.57;44.78;9959726;455572172;5.46;0.69;0.310
20250911;43.3;45.13;45.71;42.6;11062990;491715330;6.06;4.35;1.880
20250910;43.0;43.25;43.46;42.48;5658823;243396739;3.1;1.45;0.620
20250909;44.1;42.63;44.11;42.53;6278871;271088735;3.44;-3.99;-1.770
20250908;45.0;44.4;45.15;43.7;6904388;305533419;3.78;-0.05;-0.020
20250905;42.41;44.42;44.58;42.2;9901694;433821873;5.43;4.94;2.090
20250904;44.28;42.33;45.35;41.41;10776340;466487134;5.91;-3.73;-1.640
20250903;44.23;43.97;44.99;43.58;8173021;362014004;4.48;-0.59;-0.260
20250902;45.85;44.23;46.8;43.82;11344319;509268873;6.22;-4.01;-1.850
20250901;46.71;46.08;46.98;45.34;11600986;532286171;6.36;-1.39;-0.650
20250829;46.01;46.73;46.96;44.92;16061194;735274563;8.8;3.27;1.480
20250828;43.68;45.25;45.3;43.23;12410628;550960104;6.8;3.33;1.460
20250827;44.47;43.79;45.6;43.79;13194666;591582981;7.23;-2.62;-1.180
20250826;46.69;44.97;47.33;44.89;15214670;698172161;8.34;0.07;0.030
20250825;45.5;44.94;45.84;44.21;14298228;641617159;7.84;-0.24;-0.110
20250822;45.01;45.05;46.23;44.72;14899855;676374022;8.17;1.08;0.480
20250821;45.78;44.57;45.95;44.22;11976889;537335348;6.57;-3.28;-1.510
20250820;45.0;46.08;46.26;44.1;19035461;859017125;10.43;1.77;0.800
20250819;43.83;45.28;47.17;42.55;32927636;1496613990;18.05;5.6;2.400
20250818;41.8;42.88;43.2;41.49;11331375;480863323;6.21;3.2;1.330
20250815;40.52;41.55;41.73;40.5;6410744;265105551;3.51;2.16;0.880
20250814;41.51;40.67;41.8;40.6;6009270;246714912;3.29;-2.0;-0.830
20250813;41.3;41.5;41.64;40.93;7497560;309833378;4.11;0.48;0.200
20250812;40.55;41.3;41.5;40.31;7826038;320937275;4.29;1.47;0.600
20250811;39.62;40.7;40.82;39.61;7420428;299987769;4.07;2.75;1.090
20250808;40.22;39.61;40.29;39.55;5021050;199769324;2.75;-1.52;-0.610
20250807;40.43;40.22;41.19;40.01;7353303;298111035;4.03;-0.22;-0.090
20250806;39.71;40.31;40.37;39.55;6051292;242989547;3.32;1.13;0.450
20250805;39.66;39.86;40.06;39.3;5240212;207608171;2.87;0.61;0.240
20250804;39.09;39.62;40.29;38.92;6719592;266628203;3.68;1.2;0.470
20250801;38.98;39.15;40.25;38.71;6332802;249823513;3.47;0.54;0.210
20250731;39.0;38.94;40.45;38.87;8530840;337690278;4.68;-0.38;-0.150
20250730;39.91;39.09;40.0;38.92;5260130;206935430;2.88;-2.42;-0.970
20250729;40.11;40.06;40.5;39.64;7108202;283786665;3.9;-0.4;-0.160
20250728;41.9;40.22;42.23;40.1;12383069;506279168;6.79;-0.05;-0.020
20250725;39.06;40.24;40.58;39.0;10450191;418737450;5.73;3.02;1.180
20250724;38.79;39.06;39.06;38.64;3775089;146654743;2.07;0.59;0.230
20250723;38.61;38.83;39.06;38.4;4136400;160219933;2.27;-0.05;-0.020
20250722;39.0;38.85;39.26;38.59;4753893;184898825;2.61;-0.38;-0.150
20250721;39.1;39.0;39.19;38.73;4781600;186207459;2.62;-0.38;-0.150
20250718;38.99;39.15;39.55;38.85;8693977;340779546;4.76;0.75;0.290
20250717;38.22;38.86;39.06;38.16;7312493;283758545;4.01;1.62;0.620
20250716;38.37;38.24;38.76;38.05;4927817;189451985;2.7;-0.39;-0.150
20250715;38.09;38.39;38.9;38.03;5965218;229641965;3.27;0.97;0.370
20250714;38.3;38.02;38.39;38.01;2850912;108679511;1.56;-0.73;-0.280
20250711;38.21;38.3;38.49;37.96;4085736;155973727;2.24;-0.21;-0.080
20250710;37.95;38.38;39.5;37.8;6037480;232761354;3.31;1.24;0.470
20250709;38.4;37.91;38.53;37.83;3200420;122122906;1.75;-1.02;-0.390
20250708;37.21;38.3;38.4;37.05;5992926;227969374;3.28;3.04;1.130
20250707;37.4;37.17;37.85;37.08;3421121;127610495;1.88;-0.85;-0.320
20250704;38.15;37.49;38.38;37.45;3767168;142526468;2.06;-1.76;-0.670
20250703;37.75;38.16;38.56;37.7;3523900;134318130;1.93;1.22;0.460
20250702;38.11;37.7;38.27;37.55;3604520;136126039;1.98;-1.59;-0.610
20250701;38.7;38.31;38.7;37.91;3693348;141366692;2.02;-1.24;-0.480
20250630;38.68;38.79;38.95;38.44;4769240;184599894;2.61;0.67;0.260
20250627;37.95;38.53;38.98;37.67;6800808;261915465;3.73;1.47;0.560
20250626;38.23;37.97;38.58;37.91;3977440;151947460;2.18;-0.6;-0.230
20250625;37.94;38.2;38.23;37.75;3909260;148701359;2.14;0.66;0.250
20250624;37.21;37.95;37.98;37.21;3848908;145187138;2.11;1.99;0.740
20250623;36.08;37.21;37.42;36.08;3595738;132787730;1.97;1.03;0.380
20250620;37.25;36.83;38.28;36.82;5077200;190210988;2.78;-0.59;-0.220
20250619;37.43;37.05;37.95;36.88;3412996;127834547;1.87;-1.23;-0.460
20250618;37.3;37.51;37.66;36.9;3170805;118314661;1.74;0.13;0.050
20250617;37.3;37.46;37.56;36.91;2888298;107483883;1.58;0.75;0.280
20250616;36.78;37.18;37.7;36.75;3171040;118457465;1.74;0.62;0.230
20250613;37.88;36.95;38.48;36.95;5867304;219347773;3.22;-3.52;-1.350
20250612;37.9;38.3;38.75;37.86;3953300;151934467;2.2;0.58;0.220
20250611;38.0;38.08;38.5;37.9;2748500;105022845;1.53;-0.42;-0.160
20250610;38.99;38.24;38.99;37.77;3665798;140497174;2.04;-1.92;-0.750
20250609;39.15;38.99;39.3;38.68;3960300;154229451;2.2;-0.41;-0.160
20250606;38.88;39.15;39.28;38.75;3807600;148614373;2.12;0.28;0.110
20250605;37.95;39.04;39.34;37.95;6749336;261614533;3.75;2.49;0.950
20250604;37.64;38.09;38.15;37.42;3569809;135379631;1.99;2.2;0.820
20250603;37.26;37.27;37.64;37.2;2147300;80257597;1.19;0.3;0.110
20250530;37.81;37.16;37.82;37.03;2848800;106302280;1.58;-2.11;-0.800
20250529;37.69;37.96;38.26;37.54;2979900;113042062;1.66;1.42;0.530
20250528;37.84;37.53;38.15;37.36;2024400;76276751;1.13;-0.71;-0.270
20250527;38.53;37.8;38.53;37.55;3765900;142347025;2.09;-1.87;-0.720
20250526;38.28;38.52;38.78;38.11;2956760;113668538;1.64;0.76;0.290
20250523;38.96;38.23;39.14;38.23;3552900;137451672;1.98;-1.9;-0.740
20250522;39.3;38.97;39.87;38.92;3138544;123110648;1.75;-1.42;-0.560
20250521;40.08;39.53;40.09;39.21;3399700;134425121;1.89;-1.37;-0.550
20250520;40.34;40.08;40.48;39.83;3794415;152128580;2.11;-0.77;-0.310
20250519;40.76;40.39;40.82;39.87;3959415;159451756;2.2;-0.57;-0.230
20250516;39.78;40.62;41.38;39.63;7059400;287368712;3.93;1.96;0.780
20250515;41.0;39.84;41.38;39.78;7549852;304130195;4.2;-4.28;-1.780
20250514;42.53;41.62;42.91;41.24;10242209;430925092;5.7;-0.34;-0.140
20250513;41.33;41.76;42.98;40.96;10989944;459469020;6.11;1.48;0.610
20250512;41.12;41.15;41.39;40.7;5776260;236593190;3.21;0.59;0.240
20250509;41.58;40.91;41.58;40.54;7015100;287159660;3.9;-1.66;-0.690
20250508;41.65;41.6;42.34;41.52;8091603;338711564;4.5;-0.34;-0.140
20250507;42.55;41.74;42.65;41.01;11769234;492245808;6.55;-1.79;-0.760
20250506;41.7;42.5;42.98;41.3;12606261;533706741;7.01;3.11;1.280
20250430;39.7;41.22;41.39;39.44;11549500;469686508;6.42;4.35;1.720
20250429;40.3;39.5;40.9;39.31;9570759;382360424;5.32;-1.64;-0.660
20250428;41.55;40.16;42.76;39.51;15163092;620045190;8.43;2.97;1.160
20250425;37.76;39.0;40.24;37.03;13425180;518895390;7.47;0.39;0.150
20250424;39.3;38.85;39.8;38.63;12403580;485361170;6.9;-2.63;-1.050
20250423;38.67;39.9;41.21;38.5;19704225;791044344;10.96;6.51;2.440
20250422;37.2;37.46;38.38;37.11;7256834;273345631;4.04;1.46;0.540
20250421;36.8;36.92;36.93;36.27;5406000;198480704;3.01;0.33;0.120
20250418;35.45;36.8;37.16;35.19;8668100;314980305;4.82;3.63;1.290
20250417;35.22;35.51;36.69;35.22;4426800;159443195;2.46;-0.36;-0.130
20250416;36.28;35.64;37.19;35.23;4263900;153477458;2.37;-1.41;-0.510
20250415;36.69;36.15;36.82;36.02;4565700;165687552;2.54;-1.98;-0.730
20250414;36.2;36.88;37.49;36.01;8400700;307882466;4.67;3.92;1.390
20250411;34.51;35.49;35.82;34.4;5787300;204637318;3.22;1.46;0.510
20250410;36.0;34.98;36.3;34.9;8121200;288471949;4.52;1.86;0.640
20250409;33.0;34.34;34.52;30.71;9402223;309621038;5.23;1.57;0.530
20250408;35.4;33.81;37.16;33.21;11067843;381564015;6.16;-8.37;-3.090
20250407;38.15;36.9;38.8;36.9;4661700;173880304;2.59;-10.0;-4.100
20250403;41.19;41.0;41.68;40.65;3856931;158728647;2.15;-1.58;-0.660
20250402;41.5;41.66;42.18;41.2;4185873;174627032;2.33;1.31;0.540
20250401;42.3;41.12;42.37;41.08;4392100;183009576;2.44;-1.58;-0.660
20250331;41.78;41.78;42.3;40.95;4894400;203404213;2.72;-0.76;-0.320
20250328;43.41;42.1;43.64;42.0;5273700;225479887;2.93;-3.35;-1.460
20250327;43.3;43.56;44.08;42.72;4815300;209582179;2.68;-0.02;-0.010
20250326;43.58;43.57;44.25;43.51;3612401;158603057;2.01;-0.82;-0.360
20250325;43.78;43.93;44.07;43.41;4826200;211232818;2.68;0.55;0.240
20250324;44.1;43.69;44.9;42.81;6991547;305571539;3.89;-1.22;-0.540
20250321;46.9;44.23;46.9;44.08;12019357;542704556;6.68;-6.09;-2.870
20250320;48.12;47.1;48.39;46.97;6696267;319651364;3.72;-2.02;-0.970
20250319;48.15;48.07;48.36;47.6;6859634;328798254;3.82;-0.76;-0.370
20250318;49.19;48.44;49.48;48.21;10068089;489759544;5.6;-1.3;-0.640
20250317;48.47;49.08;50.3;48.0;13084511;642551989;7.28;1.28;0.620
20250314;47.69;48.46;48.55;46.77;11700711;561071454;6.51;1.57;0.750
20250313;48.15;47.71;48.88;47.01;11674109;557203961;6.49;-0.91;-0.440
20250312;48.37;48.15;49.3;48.0;13900383;674436360;7.73;-0.37;-0.180
20250311;45.85;48.33;48.99;45.85;14469749;686872021;8.05;3.6;1.680
20250310;46.79;46.65;46.95;46.14;6278246;291652073;3.49;-0.58;-0.270
20250307;47.71;46.92;48.42;46.5;11053668;524912133;6.15;-2.51;-1.210
20250306;47.91;48.13;49.34;47.4;17931119;867250425;9.97;0.92;0.440
20250305;46.67;47.69;47.98;46.06;14150456;664998662;7.87;1.34;0.630
20250304;45.78;47.06;47.99;45.45;14610755;685865251;8.13;3.68;1.670
20250303;45.99;45.39;46.44;44.83;10642110;485937714;5.92;-0.39;-0.180
20250228;46.4;45.57;47.1;44.72;15551393;712481018;8.65;-2.84;-1.330
20250227;48.12;46.9;48.18;45.81;14659600;687858265;8.15;-2.7;-1.300
20250226;48.39;48.2;48.77;46.7;17846757;853576409;9.93;1.67;0.790
20250225;47.11;47.41;48.13;45.9;15132433;711491122;8.42;-1.52;-0.730
20250224;48.22;48.14;49.64;47.61;19835619;958558455;11.03;-1.43;-0.700
20250221;46.87;48.84;49.3;46.16;30378710;1446494909;16.9;6.43;2.950
20250220;44.49;45.89;46.18;44.2;16528703;747368898;9.19;2.36;1.060
20250219;43.21;44.83;44.88;43.16;11077163;486627450;6.16;3.32;1.440
20250218;44.87;43.39;45.56;43.23;13951655;622514908;7.76;-2.76;-1.230
20250217;43.6;44.62;45.57;43.5;12867600;571432867;7.16;2.39;1.040
20250214;43.4;43.58;43.92;42.97;10578964;459480091;5.88;0.51;0.220
20250213;44.76;43.36;44.78;43.35;8342448;365674195;4.64;-2.78;-1.240
20250212;44.36;44.6;44.8;44.02;9784003;434372170;5.44;-0.11;-0.050
20250211;45.71;44.65;45.81;44.42;10636148;476137527;5.92;-1.65;-0.750
20250210;44.5;45.4;45.58;44.5;15849355;714713525;8.81;2.14;0.950
20250207;44.42;44.45;45.01;43.69;16876924;748920594;9.39;0.66;0.290
20250206;42.6;44.16;44.18;42.6;13832797;603632759;7.69;3.13;1.340
20250205;41.9;42.82;44.28;41.9;12329574;529987863;6.86;3.58;1.480
20250127;43.66;41.34;43.66;41.21;12267549;519080457;6.82;-6.41;-2.830
20250124;42.82;44.17;44.44;42.82;11124950;488936992;6.19;2.27;0.980
20250123;44.38;43.19;44.86;42.83;11071300;484939273;6.16;-1.93;-0.850
20250122;44.0;44.04;44.64;43.66;10244303;451904659;5.7;-0.92;-0.410
20250121;43.38;44.45;44.46;42.29;14532733;631186186;8.08;3.04;1.310
20250120;43.5;43.14;44.2;42.8;10603120;460778537;5.9;0.33;0.140
20250117;42.9;43.0;43.31;42.49;9173280;393484730;5.1;-1.26;-0.550
20250116;42.0;43.55;43.55;41.25;15058200;640813138;8.37;3.49;1.470
20250115;42.59;42.08;43.23;41.71;8923420;377282134;4.96;-1.87;-0.800
20250114;40.22;42.88;43.28;39.82;14376843;599157376;8.0;6.53;2.630
20250113;38.9;40.25;40.79;38.2;7969539;314624514;4.43;0.75;0.300
20250110;39.7;39.95;42.24;39.35;9920200;405078588;5.52;-0.17;-0.070
20250109;39.12;40.02;40.48;39.01;7867600;314991137;4.38;1.29;0.510
20250108;39.79;39.51;39.86;38.4;8390200;329328535;4.67;-2.03;-0.820
20250107;39.0;40.33;40.4;38.9;8747494;346388297;4.87;2.86;1.120
20250106;38.7;39.21;39.5;38.18;6652100;259554679;3.7;1.06;0.410
20250103;40.7;38.8;40.95;38.78;10259204;406037327;5.71;-4.83;-1.970
20250102;41.31;40.77;42.3;40.18;9626560;398068340;5.35;-1.4;-0.580