20251022;21.25;21.26;21.42;21.18;9905071;210760212;0.73;-0.47;-0.100
20251021;21.26;21.36;21.39;21.05;11975722;254653728;0.88;0.61;0.130
20251020;21.48;21.23;21.5;21.18;11241351;239390612;0.83;-0.19;-0.040
20251017;22.1;21.27;22.16;21.17;21985849;473588308;1.62;-4.1;-0.910
20251016;22.73;22.18;22.76;22.12;21547305;482941482;1.58;-2.8;-0.640
20251015;22.77;22.82;22.98;22.66;12730419;290277238;0.94;0.48;0.110
20251014;23.95;22.71;23.96;22.61;31634960;732398752;2.33;-4.5;-1.070
20251013;23.0;23.78;24.03;22.91;28889687;683676075;2.12;0.13;0.030
20251010;23.66;23.75;24.16;23.1;30036008;707423775;2.21;-0.5;-0.120
20251009;23.49;23.87;24.08;23.42;29946878;714222123;2.2;1.7;0.400
20250930;23.78;23.47;23.95;23.42;30580252;721861875;2.25;-1.63;-0.390
20250929;24.34;23.86;24.52;23.73;27797057;664452512;2.04;-1.69;-0.410
20250926;25.2;24.27;25.2;24.22;49775853;1219224287;3.66;-3.92;-0.990
20250925;22.87;25.26;25.26;22.8;59877383;1454365711;4.4;10.02;2.300
20250924;22.54;22.96;23.0;22.41;14721159;335029005;1.08;1.59;0.360
20250923;22.71;22.6;22.85;22.09;13996480;313247130;1.03;-0.92;-0.210
20250922;22.63;22.81;23.11;22.53;15300492;349113613;1.13;0.84;0.190
20250919;22.99;22.62;23.12;22.57;14653313;334114663;1.08;-1.27;-0.290
20250918;23.2;22.91;23.88;22.62;28165929;657760962;2.07;-1.46;-0.340
20250917;22.8;23.25;23.46;22.59;19710077;453226154;1.45;2.02;0.460
20250916;22.48;22.79;22.88;22.44;12415557;281338417;0.91;1.24;0.280
20250915;23.15;22.51;23.19;22.45;16241896;367294188;1.19;-1.44;-0.330
20250912;22.78;22.84;23.16;22.71;12128781;278202491;0.89;0.0;0.000
20250911;22.28;22.84;22.84;22.09;16862247;380511375;1.24;2.51;0.560
20250910;22.51;22.28;22.65;22.26;10962011;245504217;0.81;-0.85;-0.190
20250909;22.95;22.47;22.95;22.33;15995922;361307939;1.18;-2.26;-0.520
20250908;22.96;22.99;23.07;22.81;12937700;296777580;0.95;0.22;0.050
20250905;22.61;22.94;23.08;22.55;18458395;421487882;1.36;1.55;0.350
20250904;23.71;22.59;23.97;22.32;26467346;608742093;1.95;-4.72;-1.120
20250903;24.42;23.71;24.65;23.57;19985365;480638005;1.47;-2.51;-0.610
20250902;25.19;24.32;25.73;24.18;21263100;527192478;1.56;-2.64;-0.660
20250901;25.38;24.98;25.55;24.85;13584796;340998344;1.0;0.12;0.030
20250829;25.6;24.95;25.65;24.75;20473428;512307863;1.51;-2.84;-0.730
20250828;25.26;25.68;25.68;24.69;23577079;595886599;1.73;1.5;0.380
20250827;25.95;25.3;26.33;25.3;22696266;587191911;1.67;-2.28;-0.590
20250826;26.38;25.89;26.42;25.8;21105501;549736972;1.55;-2.34;-0.620
20250825;26.57;26.51;26.85;26.04;36838447;975093367;2.71;-0.15;-0.040
20250822;24.69;26.55;26.6;24.65;48701117;1256115018;3.58;7.45;1.840
20250821;24.81;24.71;24.97;24.57;14229715;352463112;1.05;-0.2;-0.050
20250820;24.44;24.76;24.79;24.2;19737371;484858379;1.45;1.06;0.260
20250819;24.41;24.5;24.8;24.05;15411298;376745456;1.13;0.41;0.100
20250818;23.78;24.4;24.57;23.67;19531763;474478689;1.44;3.17;0.750
20250815;23.33;23.65;23.76;23.26;11037831;260233273;0.81;1.37;0.320
20250814;23.76;23.33;23.99;23.26;13875977;326658576;1.02;-1.81;-0.430
20250813;23.78;23.76;24.02;23.6;10953440;260860462;0.81;0.17;0.040
20250812;23.85;23.72;23.94;23.58;8877404;210709831;0.65;-0.38;-0.090
20250811;23.6;23.81;23.88;23.5;8998549;213483861;0.66;0.89;0.210
20250808;23.97;23.6;24.0;23.6;7746942;183824113;0.57;-1.79;-0.430
20250807;24.1;24.03;24.19;23.81;8739914;209601763;0.64;-0.41;-0.100
20250806;24.0;24.13;24.27;23.75;9863613;237182922;0.72;0.63;0.150
20250805;23.48;23.98;24.01;23.37;12320163;292760776;0.9;2.52;0.590
20250804;23.45;23.39;23.57;23.3;8465158;198331872;0.62;0.17;0.040
20250801;23.61;23.35;23.7;23.22;10621300;247989303;0.78;-0.81;-0.190
20250731;23.72;23.54;24.0;23.45;10887000;258464837;0.8;-0.88;-0.210
20250730;24.16;23.75;24.23;23.64;11690937;279694130;0.86;-1.33;-0.320
20250729;24.16;24.07;24.28;23.79;9987100;239270101;0.73;-0.33;-0.080
20250728;24.55;24.15;24.64;23.99;15132037;366241978;1.11;-1.39;-0.340
20250725;24.72;24.49;24.81;24.33;10818744;265071492;0.79;-0.33;-0.080
20250724;24.55;24.57;24.65;24.24;14123153;345150721;1.03;0.45;0.110
20250723;24.7;24.46;24.92;24.42;12205081;299998058;0.89;-1.21;-0.300
20250722;25.13;24.76;25.16;24.73;10893828;271032991;0.8;-1.67;-0.420
20250721;24.97;25.18;25.37;24.76;11825303;295781200;0.87;0.76;0.190
20250718;25.81;24.99;25.81;24.73;18299190;460320264;1.34;-3.33;-0.860
20250717;25.05;25.85;26.09;24.87;23989750;613261525;1.76;3.23;0.810
20250716;25.5;25.04;25.6;24.85;15331300;384859486;1.12;-0.83;-0.210
20250715;24.47;25.25;25.75;24.47;28560151;721985748;2.09;1.61;0.400
20250714;24.78;24.85;25.0;24.41;15814300;390671705;1.16;0.28;0.070
20250711;24.99;24.78;25.25;24.74;15581385;388204330;1.14;-0.88;-0.220
20250710;23.95;25.0;25.49;23.95;40756759;1020027259;2.99;4.21;1.010
20250709;23.22;23.99;24.34;23.18;33688519;803781690;2.47;3.41;0.790
20250708;22.93;23.2;23.35;22.8;10984000;254064729;0.8;1.18;0.270
20250707;23.1;22.93;23.25;22.92;7690450;177055249;0.56;-1.08;-0.250
20250704;23.3;23.18;23.65;22.97;12313928;285964701;0.9;-0.64;-0.150
20250703;23.22;23.33;23.46;22.95;17389353;402686238;1.27;0.13;0.030
20250702;23.23;23.3;24.1;23.14;26158044;615274890;1.92;0.65;0.150
20250701;22.93;23.15;23.27;22.6;18503415;424525235;1.36;0.92;0.210
20250630;23.43;22.94;23.5;22.71;17026728;391121823;1.25;0.22;0.050
20250627;22.06;22.89;23.39;22.06;33233289;759146916;2.43;4.38;0.960
20250626;22.17;21.93;22.23;21.93;8776093;193815004;0.64;-1.08;-0.240
20250625;21.98;22.17;22.19;21.88;10950135;241455821;0.8;1.05;0.230
20250624;21.67;21.94;22.2;21.65;12157089;266577875;0.89;1.39;0.300
20250623;21.41;21.64;21.72;21.32;6474345;139838007;0.47;0.51;0.110
20250620;21.68;21.53;21.84;21.53;7438286;160980724;0.54;-1.15;-0.250
20250619;21.88;21.78;22.45;21.7;11779498;260251277;0.86;-0.46;-0.100
20250618;21.77;21.88;21.93;21.75;6058166;132341310;0.44;0.18;0.040
20250617;22.0;21.84;22.08;21.77;7496423;164020698;0.55;-0.64;-0.140
20250616;21.79;21.98;22.21;21.75;8604282;188965591;0.63;0.09;0.020
20250613;22.0;21.96;22.19;21.85;10210356;224350993;0.75;-0.77;-0.170
20250612;22.25;22.13;22.41;22.08;9768078;216770999;0.72;-0.67;-0.150
20250611;22.17;22.28;22.66;22.15;8078300;180913549;0.59;0.32;0.070
20250610;22.83;22.21;22.87;22.09;13752596;307361767;1.01;-2.67;-0.610
20250609;22.59;22.82;22.93;22.56;11016425;250303276;0.81;1.02;0.230
20250606;22.71;22.59;22.78;22.51;7222102;163328811;0.53;-0.53;-0.120
20250605;22.66;22.71;22.75;22.42;11238353;254011083;0.83;0.31;0.070
20250604;21.69;22.64;22.74;21.62;25789105;580428183;1.9;4.48;0.970
20250603;21.43;21.67;21.85;21.31;8315019;180180623;0.61;0.32;0.070
20250530;22.01;21.6;22.06;21.56;10657299;232026370;0.78;-2.26;-0.500
20250529;21.85;22.1;22.28;21.78;11824202;260913883;0.87;1.38;0.300
20250528;21.91;21.8;22.14;21.75;7305715;160080180;0.54;-0.73;-0.160
20250527;22.08;21.96;22.15;21.91;8573572;188671077;0.63;-1.35;-0.300
20250526;21.98;22.26;22.58;21.51;20327315;446718882;1.49;1.0;0.220
20250523;22.17;22.04;22.68;22.02;13290800;296814160;0.98;-0.5;-0.110
20250522;22.39;22.15;22.62;22.14;13876200;309869336;1.02;-1.2;-0.270
20250521;22.18;22.42;22.72;21.93;19005694;425591895;1.4;1.08;0.240
20250520;21.49;22.18;22.28;21.25;22715965;497164229;1.67;3.89;0.830
20250519;21.7;21.35;21.71;21.03;15076851;321051577;1.11;-1.34;-0.290
20250516;21.7;21.64;21.9;21.62;12445082;270525194;0.92;-0.69;-0.150
20250515;22.38;21.79;22.38;21.79;15605315;343587393;1.15;-2.72;-0.610
20250514;22.6;22.4;22.7;22.36;17328714;389042701;1.27;-1.19;-0.270
20250513;23.19;22.67;23.2;22.57;16036208;365423637;1.18;-1.13;-0.260
20250512;22.55;22.93;22.94;22.46;20475103;465041460;1.51;2.92;0.650
20250509;22.35;22.28;22.58;22.03;14457253;321849757;1.06;-0.31;-0.070
20250508;22.03;22.35;22.45;21.99;14552582;324840802;1.07;0.81;0.180
20250507;22.45;22.17;22.58;22.0;16159305;358950179;1.19;-0.54;-0.120
20250506;22.12;22.29;22.35;22.09;16573870;368358802;1.22;1.41;0.310
20250430;21.5;21.98;22.0;20.88;18001028;388471478;1.32;0.92;0.200
20250429;21.91;21.78;22.03;21.7;9300817;203446301;0.68;-0.55;-0.120
20250428;22.29;21.9;22.3;21.88;9113680;200280226;0.67;-1.71;-0.380
20250425;22.21;22.28;22.54;22.01;12080418;269248233;0.89;0.41;0.090
20250424;22.64;22.19;22.66;22.15;13710818;305357199;1.01;-1.99;-0.450
20250423;22.44;22.64;22.77;22.32;13859587;312751206;1.02;1.52;0.340
20250422;22.48;22.3;22.48;22.17;9188494;204818845;0.68;-1.11;-0.250
20250421;22.3;22.55;22.55;22.14;9920860;222387244;0.73;1.26;0.280
20250418;22.3;22.27;22.4;22.13;9892731;220134305;0.73;-0.4;-0.090
20250417;22.39;22.36;22.7;22.31;12124322;272703619;0.89;-0.93;-0.210
20250416;22.73;22.57;22.87;22.11;15151968;340562626;1.11;-0.7;-0.160
20250415;23.33;22.73;23.34;22.48;21957841;499245075;1.61;-3.15;-0.740
20250414;24.71;23.47;24.8;23.4;35847740;849427284;2.64;-3.81;-0.930
20250411;22.73;24.4;25.18;22.65;35497931;861017075;2.6;6.41;1.470
20250410;23.0;22.93;23.4;22.91;15282339;353315111;1.12;1.06;0.240
20250409;22.1;22.69;23.12;21.57;20781891;468507084;1.52;1.66;0.370
20250408;21.62;22.32;22.55;21.62;18309691;406189350;1.34;2.34;0.510
20250407;22.9;21.81;23.4;21.81;23653023;529050418;1.74;-9.99;-2.420
20250403;23.88;24.23;24.48;23.86;13720725;332366199;1.01;0.25;0.060
20250402;23.82;24.17;24.33;23.6;15933883;383114787;1.17;1.21;0.290
20250401;24.21;23.88;24.34;23.63;22438572;535095509;1.65;-1.36;-0.330
20250331;25.5;24.21;25.68;24.14;25292875;623716393;1.86;-5.91;-1.520
20250328;26.61;25.73;26.92;25.59;19507739;506805134;1.43;-4.14;-1.110
20250327;26.04;26.84;27.1;25.25;18865889;496543782;1.38;1.09;0.290
20250326;26.66;26.55;26.86;26.52;8358709;222860868;0.61;-0.34;-0.090
20250325;27.2;26.64;27.3;26.54;10055318;270204032;0.74;-1.91;-0.520
20250324;27.05;27.16;27.36;26.69;12352793;334268529;0.91;0.56;0.150
20250321;27.45;27.01;27.65;26.9;14471445;393297561;1.06;-2.24;-0.620
20250320;28.08;27.63;28.15;27.56;11563506;321555975;0.85;-1.6;-0.450
20250319;28.3;28.08;28.39;27.9;10979316;308813457;0.81;-0.74;-0.210
20250318;28.35;28.29;29.11;28.15;20349480;580964755;1.49;-0.21;-0.060
20250317;28.45;28.35;28.45;28.11;17110068;484461001;1.26;0.11;0.030
20250314;27.05;28.32;28.35;26.94;21774411;602982202;1.6;4.7;1.270
20250313;27.88;27.05;27.89;26.9;17540534;478286478;1.29;-3.15;-0.880
20250312;28.26;27.93;28.4;27.91;17202274;483857521;1.26;-0.99;-0.280
20250311;28.01;28.21;28.27;27.85;15913655;446342246;1.17;-0.63;-0.180
20250310;28.09;28.39;28.48;27.73;20842542;585933036;1.53;1.03;0.290
20250307;28.49;28.1;28.68;27.88;28623998;808394080;2.1;-2.4;-0.690
20250306;28.42;28.79;28.89;27.73;46512262;1321149724;3.41;2.27;0.640
20250305;28.3;28.15;29.36;27.88;57354659;1642772514;4.21;0.21;0.060
20250304;26.0;28.09;28.5;25.72;40284395;1099938375;2.96;6.89;1.810
20250303;26.7;26.28;27.45;26.16;16836704;450728962;1.24;0.27;0.070
20250228;27.0;26.21;27.29;26.1;14742500;392805736;1.08;-3.6;-0.980
20250227;27.79;27.19;27.92;26.68;17308068;471104059;1.27;-2.16;-0.600
20250226;27.83;27.79;27.92;27.2;18289893;503066716;1.34;0.32;0.090
20250225;27.1;27.7;28.38;27.0;22412599;623188242;1.64;0.98;0.270
20250224;27.8;27.43;27.8;26.94;15770090;431380293;1.16;0.15;0.040
20250221;26.68;27.39;27.41;26.48;19166339;518629433;1.41;2.43;0.650
20250220;26.6;26.74;26.86;26.25;12157726;323108476;0.89;0.53;0.140
20250219;26.0;26.6;26.8;25.78;16748510;440713095;1.23;2.39;0.620
20250218;27.3;25.98;27.32;25.81;20023287;531071864;1.47;-4.56;-1.240
20250217;27.38;27.22;27.48;26.86;19611000;530895298;1.44;-0.48;-0.130
20250214;27.19;27.35;27.65;27.05;11814808;322563376;0.87;0.22;0.060
20250213;27.7;27.29;27.7;27.27;8720160;239473305;0.64;-1.66;-0.460
20250212;27.65;27.75;27.8;27.3;11402391;314034312;0.84;1.24;0.340
20250211;27.67;27.41;27.74;27.18;11001424;302273257;0.81;-0.98;-0.270
20250210;27.43;27.68;27.97;27.2;15516876;428679936;1.14;1.02;0.280
20250207;27.38;27.4;27.82;26.86;22331175;610919523;1.64;0.26;0.070
20250206;26.6;27.33;27.38;26.07;20692290;559019221;1.52;2.71;0.720
20250205;25.8;26.61;26.8;25.64;21834363;574340223;1.6;4.56;1.160
20250127;25.85;25.45;26.25;25.4;14450677;372723249;1.06;0.12;0.030
20250124;24.87;25.42;25.64;24.87;13348248;337179129;0.98;1.8;0.450
20250123;25.19;24.97;25.6;24.83;12552728;316830298;0.92;0.6;0.150
20250122;25.87;24.82;25.87;24.73;18829461;475432236;1.38;-4.72;-1.230
20250121;26.1;26.05;26.22;25.53;10274230;265382413;0.75;-0.12;-0.030
20250120;25.95;26.08;26.32;25.51;14083671;365457556;1.03;1.12;0.290
20250117;25.58;25.79;25.84;25.11;13134730;335299415;0.96;0.27;0.070
20250116;26.35;25.72;26.54;25.43;15936784;412650113;1.17;-2.13;-0.560
20250115;26.73;26.28;26.73;26.21;9651218;254528689;0.71;-1.9;-0.510
20250114;25.8;26.79;26.95;25.48;14510478;384326648;1.06;4.98;1.270
20250113;25.5;25.52;25.8;25.15;8140141;207916948;0.6;-0.62;-0.160
20250110;26.73;25.68;26.95;25.67;8691630;228291604;0.64;-4.32;-1.160
20250109;25.9;26.84;27.13;25.8;12825696;342288497;0.94;2.84;0.740
20250108;26.39;26.1;26.4;25.38;15986035;413328421;1.17;-1.95;-0.520
20250107;26.6;26.62;26.69;25.88;10852018;285546962;0.8;1.06;0.280
20250106;25.66;26.34;26.58;25.45;13869560;362916852;1.02;2.69;0.690
20250103;26.52;25.65;26.59;25.65;14798030;385473982;1.09;-2.8;-0.740
20250102;28.07;26.39;28.07;26.18;19724722;530579501;1.5;-6.32;-1.780