20251022;12.33;12.4;12.44;12.33;83511425;1033101870;1.01;0.08;0.010
20251021;12.35;12.39;12.42;12.34;107438518;1330551518;1.3;0.08;0.010
20251020;12.59;12.38;12.6;12.34;147795531;1833064827;1.79;-0.8;-0.100
20251017;13.06;12.48;13.12;12.43;370196197;4710596753;4.48;-6.38;-0.850
20251016;13.0;13.33;13.84;12.99;567967415;7601333558;6.88;3.82;0.490
20251015;12.53;12.84;12.88;12.5;251005025;3208074310;3.04;2.39;0.300
20251014;12.51;12.54;12.82;12.46;184213420;2330484738;2.23;0.32;0.040
20251013;12.13;12.5;12.51;12.08;120775477;1491493450;1.46;0.48;0.060
20251010;12.34;12.44;12.55;12.33;125759554;1565995530;1.52;0.97;0.120
20251009;12.24;12.32;12.32;12.13;98794925;1207942151;1.2;0.74;0.090
20250930;12.16;12.23;12.3;12.14;68117907;832395204;0.82;0.41;0.050
20250929;12.2;12.18;12.23;12.09;77369635;940245036;0.94;-0.81;-0.100
20250926;12.05;12.28;12.5;12.0;140209454;1725000480;1.7;1.66;0.200
20250925;12.14;12.08;12.15;12.06;62254220;753470537;0.75;-0.74;-0.090
20250924;12.08;12.17;12.18;12.04;57028601;691950076;0.69;0.5;0.060
20250923;12.18;12.11;12.19;12.02;77403932;935248005;0.94;-0.66;-0.080
20250922;12.22;12.19;12.24;12.15;62258086;758350278;0.75;-0.49;-0.060
20250919;12.3;12.25;12.33;12.2;79869798;977570285;0.97;-0.41;-0.050
20250918;12.43;12.3;12.5;12.26;127555776;1580365756;1.54;-1.13;-0.140
20250917;12.43;12.44;12.47;12.35;86745601;1076493126;1.05;-0.08;-0.010
20250916;12.5;12.45;12.52;12.38;85802537;1065668284;1.04;-0.64;-0.080
20250915;12.5;12.53;12.56;12.48;91178222;1141486951;1.1;0.64;0.080
20250912;12.52;12.45;12.56;12.43;99966685;1248275977;1.21;-0.95;-0.120
20250911;12.56;12.57;12.6;12.44;100987178;1262235153;1.22;-0.4;-0.050
20250910;12.57;12.62;12.77;12.49;147781111;1868990588;1.79;0.32;0.040
20250909;12.39;12.58;12.74;12.37;176259082;2223744929;2.13;1.37;0.170
20250908;12.5;12.41;12.53;12.36;112066910;1393048057;1.36;-0.4;-0.050
20250905;12.33;12.46;12.46;12.28;80555540;996940359;0.98;0.97;0.120
20250904;12.32;12.34;12.38;12.25;91056159;1121593361;1.1;0.16;0.020
20250903;12.48;12.32;12.51;12.3;94334942;1167111213;1.14;-0.88;-0.110
20250902;12.5;12.43;12.54;12.33;105980333;1317246155;1.28;-0.24;-0.030
20250901;12.57;12.46;12.57;12.38;157078211;1957710035;1.9;-0.88;-0.110
20250829;12.66;12.57;12.78;12.54;177762604;2249433681;2.15;-1.02;-0.130
20250828;12.71;12.7;12.78;12.42;165755425;2092506117;2.01;-0.39;-0.050
20250827;13.09;12.75;13.22;12.75;248078727;3212930313;3.0;-2.6;-0.340
20250826;13.09;13.09;13.14;13.01;122330636;1600572341;1.48;-0.08;-0.010
20250825;13.17;13.1;13.17;13.0;197584567;2580598081;2.39;-0.61;-0.080
20250822;13.08;13.18;13.18;13.08;109840752;1442920684;1.33;0.61;0.080
20250821;13.19;13.1;13.21;13.06;109719535;1440066696;1.33;-0.68;-0.090
20250820;12.92;13.19;13.19;12.88;166476342;2177719976;2.02;1.7;0.220
20250819;13.05;12.97;13.06;12.92;88858556;1152723837;1.08;-0.61;-0.080
20250818;12.91;13.05;13.14;12.9;131126017;1709393834;1.59;0.93;0.120
20250815;12.84;12.93;12.98;12.82;74921632;968750527;0.91;0.39;0.050
20250814;13.08;12.88;13.09;12.85;86903019;1126031114;1.05;-1.15;-0.150
20250813;13.07;13.03;13.12;13.01;97202188;1268472627;1.18;-0.15;-0.020
20250812;13.05;13.05;13.2;12.98;110200874;1441234305;1.33;0.77;0.100
20250811;12.83;12.95;12.98;12.8;78111100;1008987557;0.95;1.25;0.160
20250808;12.85;12.79;12.85;12.78;50213858;642781744;0.61;-0.62;-0.080
20250807;12.94;12.87;12.98;12.85;60957274;786096800;0.74;-0.31;-0.040
20250806;12.93;12.91;12.95;12.83;66935726;862830513;0.81;-0.08;-0.010
20250805;12.91;12.92;12.95;12.85;56671138;731218363;0.69;0.08;0.010
20250804;12.78;12.91;12.92;12.68;69551059;889824503;0.84;0.7;0.090
20250801;12.86;12.82;13.0;12.76;81225268;1044893518;0.98;-0.31;-0.040
20250731;13.2;12.86;13.2;12.8;150044583;1945576580;1.82;-2.72;-0.360
20250730;13.47;13.22;13.62;13.12;219728366;2945428820;2.66;-0.38;-0.050
20250729;13.4;13.27;13.4;13.05;163004752;2152234511;1.97;-0.75;-0.100
20250728;13.01;13.37;13.42;12.95;206002176;2722963952;2.49;3.24;0.420
20250725;12.87;12.95;13.1;12.81;122539328;1589460043;1.48;0.86;0.110
20250724;12.69;12.84;12.84;12.67;92515543;1182970749;1.12;1.5;0.190
20250723;12.83;12.65;12.85;12.64;102332652;1303421764;1.24;-0.55;-0.070
20250722;12.96;13.01;13.02;12.88;76392196;989799203;0.92;0.23;0.030
20250721;12.86;12.98;12.98;12.86;69199583;895038818;0.84;1.01;0.130
20250718;12.82;12.85;12.86;12.79;47415408;608022321;0.57;0.08;0.010
20250717;12.8;12.84;12.84;12.76;57725522;738892160;0.7;0.31;0.040
20250716;12.75;12.8;12.88;12.73;63251021;810714044;0.77;0.63;0.080
20250715;12.74;12.72;12.83;12.66;52517657;669090132;0.64;-0.16;-0.020
20250714;12.78;12.74;12.8;12.73;36819783;469905488;0.45;-0.31;-0.040
20250711;12.72;12.78;12.83;12.68;58072528;741308956;0.7;0.31;0.040
20250710;12.76;12.74;12.79;12.68;43965435;559521946;0.53;-0.16;-0.020
20250709;12.76;12.76;12.86;12.71;73487168;939693718;0.89;0.39;0.050
20250708;12.57;12.71;12.73;12.55;42158175;533643635;0.51;0.95;0.120
20250707;12.63;12.59;12.64;12.57;31312585;394276503;0.38;-0.32;-0.040
20250704;12.71;12.63;12.71;12.62;42619309;539658020;0.52;-0.71;-0.090
20250703;12.71;12.72;12.74;12.67;37801589;479989853;0.46;0.08;0.010
20250702;12.74;12.71;12.82;12.66;47786103;608152971;0.58;-0.24;-0.030
20250701;12.77;12.74;12.87;12.69;52491111;670163368;0.64;-0.16;-0.020
20250630;12.7;12.76;12.76;12.66;45982856;585278373;0.56;0.47;0.060
20250627;12.79;12.7;12.85;12.66;64648831;823369771;0.78;-0.39;-0.050
20250626;12.8;12.75;12.91;12.7;86956544;1113379730;1.05;-0.39;-0.050
20250625;12.62;12.8;12.85;12.58;94711513;1207331422;1.15;1.51;0.190
20250624;12.53;12.61;12.63;12.53;57462339;723225328;0.7;1.37;0.170
20250623;12.35;12.44;12.46;12.24;37402471;462587460;0.45;0.32;0.040
20250620;12.39;12.4;12.47;12.37;31104100;385938111;0.38;-0.16;-0.020
20250619;12.57;12.42;12.57;12.4;45407771;566032547;0.55;-1.19;-0.150
20250618;12.58;12.57;12.62;12.5;39048574;490564064;0.47;-0.4;-0.050
20250617;12.74;12.62;12.74;12.56;57829352;729213755;0.7;-0.94;-0.120
20250616;12.86;12.74;12.96;12.7;81323348;1038494806;0.98;-1.47;-0.190
20250613;12.86;12.93;13.09;12.78;169732751;2208297459;2.05;0.15;0.020
20250612;12.79;12.91;12.95;12.73;70970148;915067787;0.86;0.55;0.070
20250611;12.81;12.84;12.93;12.8;53291733;685107690;0.65;0.31;0.040
20250610;13.0;12.8;13.01;12.72;83787280;1076820351;1.01;-1.84;-0.240
20250609;12.86;13.04;13.07;12.76;114084333;1478661683;1.38;1.56;0.200
20250606;13.2;12.84;13.2;12.76;137530789;1778626612;1.66;-1.08;-0.140
20250605;12.76;12.98;13.28;12.55;227082152;2937806882;2.75;3.34;0.420
20250604;12.66;12.56;12.7;12.53;43117339;542267321;0.52;-0.24;-0.030
20250603;12.32;12.59;12.65;12.26;101924797;1277295910;1.23;1.94;0.240
20250530;12.45;12.35;12.47;12.33;49113929;607401636;0.59;-1.44;-0.180
20250529;12.3;12.53;12.59;12.28;81939026;1024491487;0.99;1.87;0.230
20250528;12.37;12.3;12.52;12.28;55962739;692019621;0.68;-0.4;-0.050
20250527;12.41;12.35;12.48;12.31;58053947;717799246;0.7;-1.04;-0.130
20250526;12.72;12.48;12.73;12.45;108098951;1355238307;1.31;-2.58;-0.330
20250523;12.7;12.81;13.03;12.65;174433757;2247886053;2.11;0.87;0.110
20250522;12.54;12.7;12.86;12.47;129304578;1644973943;1.57;1.2;0.150
20250521;12.51;12.55;12.64;12.47;60152672;754466890;0.73;-0.32;-0.040
20250520;12.36;12.59;12.73;12.34;102792011;1287674653;1.24;1.78;0.220
20250519;12.41;12.37;12.44;12.3;31250473;385864230;0.38;0.0;0.000
20250516;12.22;12.37;12.43;12.21;39242691;484299462;0.48;0.98;0.120
20250515;12.45;12.25;12.46;12.25;44935571;553779483;0.54;-1.61;-0.200
20250514;12.44;12.45;12.47;12.34;40032918;496374998;0.48;0.08;0.010
20250513;12.58;12.44;12.6;12.41;43198514;538850195;0.52;-0.16;-0.020
20250512;12.4;12.46;12.47;12.4;43859888;545437903;0.53;0.97;0.120
20250509;12.44;12.34;12.45;12.32;33657167;416189967;0.41;-0.8;-0.100
20250508;12.35;12.44;12.48;12.33;42489721;528480792;0.51;0.24;0.030
20250507;12.5;12.41;12.54;12.35;49062833;609919761;0.59;0.16;0.020
20250506;12.28;12.39;12.4;12.24;48700014;602036521;0.59;1.14;0.140
20250430;12.1;12.25;12.28;12.09;43343963;529751776;0.52;1.41;0.170
20250429;12.19;12.08;12.21;12.08;37730794;457598079;0.46;-0.82;-0.100
20250428;12.35;12.18;12.36;12.18;44104742;539302275;0.53;-1.38;-0.170
20250425;12.34;12.35;12.45;12.28;42904188;530476269;0.52;0.41;0.050
20250424;12.42;12.3;12.43;12.29;35327137;436097684;0.43;-0.97;-0.120
20250423;12.45;12.42;12.51;12.38;35886730;445780188;0.43;0.32;0.040
20250422;12.39;12.38;12.45;12.35;30540171;378680469;0.37;-0.08;-0.010
20250421;12.31;12.39;12.41;12.29;30546223;378255154;0.37;0.16;0.020
20250418;12.31;12.37;12.4;12.27;29418865;362300683;0.36;0.0;0.000
20250417;12.4;12.37;12.47;12.37;34239930;424985467;0.41;-0.8;-0.100
20250416;12.43;12.47;12.5;12.28;45793096;568051653;0.55;0.08;0.010
20250415;12.59;12.46;12.63;12.42;46038048;573952465;0.56;-0.95;-0.120
20250414;12.49;12.58;12.75;12.42;90964313;1144985018;1.1;2.19;0.270
20250411;12.12;12.31;12.39;12.05;78774528;966332594;0.95;0.9;0.110
20250410;12.07;12.2;12.28;12.03;89851008;1094764225;1.09;2.35;0.280
20250409;11.62;11.92;11.95;11.32;115032753;1344958817;1.39;1.53;0.180
20250408;11.49;11.74;11.85;11.49;104472183;1222387134;1.26;1.29;0.150
20250407;12.12;11.59;12.4;11.59;157285869;1864704065;1.9;-10.02;-1.290
20250403;12.87;12.88;12.96;12.84;48442735;624252688;0.59;-0.69;-0.090
20250402;13.01;12.97;13.08;12.87;61796671;800664735;0.75;-0.54;-0.070
20250401;12.95;13.04;13.14;12.91;71542884;932556958;0.87;0.08;0.010
20250331;13.12;13.03;13.18;12.93;104012783;1360217988;1.26;0.85;0.110
20250328;12.85;12.92;13.11;12.85;68121631;884051201;0.82;0.16;0.020
20250327;12.89;12.9;13.01;12.81;47768415;616137774;0.58;-0.23;-0.030
20250326;12.85;12.93;12.98;12.83;47414378;611727874;0.57;0.47;0.060
20250325;12.88;12.87;12.93;12.82;43856500;564470509;0.53;-0.23;-0.030
20250324;12.92;12.9;12.95;12.72;67912099;872454485;0.82;-0.08;-0.010
20250321;13.08;12.91;13.1;12.9;91653381;1188739580;1.11;-1.53;-0.200
20250320;13.16;13.11;13.2;13.05;65747482;862846516;0.8;-0.38;-0.050
20250319;13.23;13.16;13.24;13.14;73194917;965009501;0.89;-0.98;-0.130
20250318;13.2;13.29;13.42;13.14;125154854;1659444156;1.52;1.06;0.140
20250317;13.16;13.15;13.21;13.11;65110829;856729399;0.79;0.0;0.000
20250314;12.97;13.15;13.18;12.94;87693423;1148735104;1.06;1.31;0.170
20250313;13.08;12.98;13.11;12.93;67408407;876283844;0.82;-1.29;-0.170
20250312;13.07;13.15;13.28;13.06;97501518;1282572422;1.18;1.15;0.150
20250311;12.89;13.0;13.0;12.86;55127120;713060352;0.67;-0.15;-0.020
20250310;13.09;13.02;13.12;12.95;56552754;735702528;0.68;-0.31;-0.040
20250307;13.1;13.06;13.2;13.01;70764618;926392665;0.86;-0.46;-0.060
20250306;13.05;13.12;13.16;13.04;78905654;1034782436;0.96;1.16;0.150
20250305;12.97;12.97;13.08;12.91;52177548;676593709;0.63;-0.23;-0.030
20250304;12.9;13.0;13.0;12.86;51751042;669678841;0.63;0.0;0.000
20250303;12.93;13.0;13.15;12.83;81051688;1057367146;0.99;0.62;0.080
20250228;13.3;12.92;13.36;12.9;117451133;1539461911;1.43;-3.37;-0.450
20250227;13.41;13.37;13.55;13.28;96984064;1300193967;1.18;-0.15;-0.020
20250226;13.42;13.39;13.43;13.32;83149165;1111439117;1.01;-0.3;-0.040
20250225;13.21;13.43;13.53;13.15;121463354;1625598186;1.48;0.75;0.100
20250224;13.29;13.33;13.48;13.23;95616277;1276680007;1.16;0.08;0.010
20250221;13.26;13.32;13.33;13.18;96933243;1287561668;1.18;0.3;0.040
20250220;13.3;13.28;13.33;13.2;74581866;988646464;0.91;-0.45;-0.060
20250219;13.23;13.34;13.39;13.21;82045520;1092324518;1.0;0.68;0.090
20250218;13.49;13.25;13.49;13.21;101238293;1351130777;1.23;-2.07;-0.280
20250217;13.61;13.53;13.65;13.45;108543330;1467807758;1.32;-0.59;-0.080
20250214;13.45;13.61;13.72;13.45;133189396;1814283818;1.62;1.19;0.160
20250213;13.72;13.45;13.75;13.44;125920957;1707218727;1.53;-1.82;-0.250
20250212;13.55;13.7;13.71;13.48;140743644;1913371431;1.71;0.15;0.020
20250211;14.28;13.68;14.28;13.65;242608423;3350383445;2.95;-3.53;-0.500
20250210;14.7;14.18;14.7;13.99;405913042;5780951287;4.94;4.73;0.640
20250207;13.48;13.54;13.68;13.3;240395916;3243928896;2.92;2.89;0.380
20250206;12.69;13.16;13.2;12.58;153932544;1987618425;1.87;3.7;0.470
20250205;12.61;12.69;12.78;12.58;82405710;1046243568;1.0;1.12;0.140
20250127;12.65;12.55;12.79;12.55;56177709;710814519;0.68;-0.4;-0.050
20250124;12.53;12.6;12.65;12.41;64702259;813927953;0.79;0.56;0.070
20250123;12.75;12.53;12.85;12.53;78681582;998076771;0.96;-0.63;-0.080
20250122;12.66;12.61;12.68;12.53;52923555;667273663;0.64;-0.86;-0.110
20250121;12.84;12.72;12.87;12.66;51088454;649979325;0.62;-0.55;-0.070
20250120;12.88;12.79;12.95;12.75;67126530;862559953;0.82;0.16;0.020
20250117;12.8;12.77;12.87;12.75;62593470;801003679;0.76;-0.78;-0.100
20250116;12.7;12.87;12.93;12.7;92106261;1181583144;1.12;1.66;0.210
20250115;12.8;12.66;12.8;12.63;71940360;913433177;0.88;-1.33;-0.170
20250114;12.44;12.83;12.88;12.42;114005955;1447242335;1.39;3.47;0.430
20250113;12.3;12.4;12.48;12.25;54790917;678661890;0.67;-0.08;-0.010
20250110;12.65;12.41;12.71;12.41;68982750;866049914;0.84;-2.05;-0.260
20250109;12.6;12.67;12.73;12.57;53905658;683301119;0.66;0.0;0.000
20250108;12.83;12.67;12.83;12.45;91457011;1155255976;1.11;-1.4;-0.180
20250107;12.71;12.85;12.85;12.64;61947933;791437474;0.75;1.1;0.140
20250106;12.75;12.71;12.83;12.63;64944258;826248270;0.79;-0.31;-0.040
20250103;13.03;12.75;13.05;12.73;94687316;1218009815;1.15;-1.7;-0.220
20250102;13.37;12.97;13.39;12.88;132417427;1732867213;1.61;-2.92;-0.390