20251022;6.33;6.36;6.44;6.31;10253391;65396363;1.02;0.16;0.010
20251021;6.26;6.35;6.37;6.22;13399001;84702053;1.34;1.93;0.120
20251020;6.22;6.23;6.27;6.19;10528274;65573170;1.05;1.3;0.080
20251017;6.4;6.15;6.41;6.15;24314100;152120511;2.42;-4.06;-0.260
20251016;6.51;6.41;6.52;6.4;14354771;92579218;1.43;-1.99;-0.130
20251015;6.38;6.54;6.54;6.35;18529217;119781475;1.85;2.67;0.170
20251014;6.51;6.37;6.61;6.35;23266520;150401833;2.32;-2.0;-0.130
20251013;6.51;6.5;6.52;6.27;30744700;197510981;3.06;-3.13;-0.210
20251010;6.66;6.71;6.81;6.64;26226800;176757935;2.61;0.75;0.050
20251009;6.63;6.66;6.66;6.55;22974238;151582017;2.29;0.45;0.030
20250930;6.72;6.63;6.72;6.62;19283479;128182108;1.92;-1.04;-0.070
20250929;6.63;6.7;6.77;6.5;26911797;179262232;2.68;0.9;0.060
20250926;6.63;6.64;6.76;6.56;25440600;169746843;2.54;-0.45;-0.030
20250925;6.74;6.67;6.81;6.62;26383300;176475064;2.63;-1.62;-0.110
20250924;6.72;6.78;6.8;6.62;30411000;203576542;3.03;0.3;0.020
20250923;6.78;6.76;6.85;6.62;35183581;235532020;3.51;-0.73;-0.050
20250922;6.78;6.81;6.87;6.76;25295664;172523033;2.52;0.29;0.020
20250919;7.03;6.79;7.05;6.76;48779836;334546014;4.86;-3.82;-0.270
20250918;7.18;7.06;7.33;6.96;70786743;508028167;7.05;-1.4;-0.100
20250917;7.13;7.16;7.22;7.12;55262231;395848419;5.51;-0.56;-0.040
20250916;6.88;7.2;7.42;6.88;97745072;707173489;9.74;4.96;0.340
20250915;6.88;6.86;6.96;6.83;23220204;159759718;2.31;-0.44;-0.030
20250912;6.93;6.89;7.02;6.86;30705800;212496044;3.06;-0.72;-0.050
20250911;6.82;6.94;6.94;6.68;34512125;235363458;3.44;1.31;0.090
20250910;6.95;6.85;6.99;6.81;27017531;185901130;2.69;-1.72;-0.120
20250909;6.92;7.02;7.03;6.88;36498978;253585279;3.64;0.57;0.040
20250908;6.82;6.98;6.98;6.81;35181220;243175902;3.51;1.9;0.130
20250905;6.72;6.85;6.85;6.64;30864379;209225221;3.08;2.09;0.140
20250904;6.83;6.71;6.9;6.6;40003508;271335103;3.99;-2.33;-0.160
20250903;7.15;6.87;7.18;6.85;63049483;442637250;6.28;-2.97;-0.210
20250902;6.88;7.08;7.09;6.68;64797806;448433830;6.46;3.51;0.240
20250901;6.93;6.84;6.95;6.77;26696181;182469496;2.66;-0.87;-0.060
20250829;6.86;6.9;6.95;6.75;37541490;257360997;3.74;0.0;0.000
20250828;6.81;6.9;6.9;6.61;47456832;321915018;4.73;1.32;0.090
20250827;7.1;6.81;7.11;6.81;52649509;366788674;5.25;-3.95;-0.280
20250826;7.09;7.09;7.18;7.0;54512219;385209221;5.43;-0.56;-0.040
20250825;7.26;7.13;7.26;7.03;85932688;612464117;8.56;-1.38;-0.100
20250822;6.87;7.23;7.28;6.81;123020755;866366056;12.26;6.17;0.420
20250821;6.9;6.81;6.91;6.76;51900178;353968086;5.17;-1.73;-0.120
20250820;7.1;6.93;7.1;6.81;119509075;827732762;11.91;-0.86;-0.060
20250819;6.38;6.99;6.99;6.35;123990135;842523590;12.36;10.08;0.640
20250818;6.34;6.35;6.42;6.33;23728588;151319842;2.36;0.47;0.030
20250815;6.19;6.32;6.33;6.19;18517400;116574712;1.85;1.94;0.120
20250814;6.39;6.2;6.4;6.18;23433652;146732440;2.34;-2.82;-0.180
20250813;6.36;6.38;6.4;6.31;18456324;117257763;1.84;0.63;0.040
20250812;6.39;6.34;6.39;6.28;12532066;79442653;1.25;-0.78;-0.050
20250811;6.4;6.39;6.41;6.34;15376687;98075869;1.53;0.0;0.000
20250808;6.38;6.39;6.41;6.36;12902671;82381030;1.29;0.0;0.000
20250807;6.48;6.39;6.5;6.34;19030310;121641840;1.9;-1.39;-0.090
20250806;6.38;6.48;6.5;6.37;20511663;132417178;2.04;1.25;0.080
20250805;6.36;6.4;6.43;6.36;15886633;101621969;1.58;0.79;0.050
20250804;6.18;6.35;6.36;6.15;16019200;100611791;1.6;2.25;0.140
20250801;6.18;6.21;6.25;6.17;11187900;69402204;1.11;0.49;0.030
20250731;6.25;6.18;6.31;6.14;17615230;109501913;1.76;-1.28;-0.080
20250730;6.34;6.26;6.36;6.22;16386200;103000281;1.63;-1.73;-0.110
20250729;6.37;6.37;6.39;6.31;15472757;98209543;1.54;-0.31;-0.020
20250728;6.35;6.39;6.46;6.34;15889803;101773726;1.58;0.63;0.040
20250725;6.36;6.35;6.39;6.3;17533620;111060280;1.75;-0.63;-0.040
20250724;6.37;6.39;6.46;6.34;23696802;151658240;2.36;0.31;0.020
20250723;6.46;6.37;6.64;6.37;33152898;213909863;3.3;-0.47;-0.030
20250722;6.49;6.4;6.5;6.36;28398901;181946720;2.83;-1.39;-0.090
20250721;6.41;6.49;6.5;6.38;32526402;210145934;3.24;1.72;0.110
20250718;6.27;6.38;6.39;6.25;23626397;149553844;2.35;1.59;0.100
20250717;6.22;6.28;6.3;6.14;18484076;115371611;1.84;0.16;0.010
20250716;6.18;6.27;6.29;6.17;21828379;136328608;2.18;1.46;0.090
20250715;6.16;6.18;6.21;6.11;17320139;106727811;1.73;0.32;0.020
20250714;6.03;6.16;6.19;6.03;21450839;131599712;2.14;1.82;0.110
20250711;6.04;6.05;6.09;6.02;13660939;82647395;1.36;0.0;0.000
20250710;5.96;6.05;6.09;5.94;20185139;121586093;2.01;1.34;0.080
20250709;5.96;5.97;6.03;5.96;15761999;94512357;1.57;0.0;0.000
20250708;5.92;5.97;6.0;5.92;22514280;134249376;2.24;0.51;0.030
20250707;5.91;5.94;5.95;5.88;11468675;67871200;1.14;0.51;0.030
20250704;5.96;5.91;5.98;5.9;12277304;72835051;1.22;-1.01;-0.060
20250703;5.99;5.97;6.01;5.92;11991190;71470356;1.19;-0.33;-0.020
20250702;5.99;5.99;6.03;5.93;14108089;84362850;1.41;-0.66;-0.040
20250701;5.98;6.03;6.07;5.94;19542100;117458092;1.95;1.17;0.070
20250630;5.84;5.96;6.04;5.83;27087200;161944682;2.7;2.05;0.120
20250627;5.84;5.84;5.91;5.82;13885500;81166126;1.38;0.52;0.030
20250626;5.87;5.81;5.93;5.8;21434900;125582786;2.14;-1.53;-0.090
20250625;5.76;5.9;6.05;5.74;38427105;226982756;3.83;2.79;0.160
20250624;5.56;5.74;5.75;5.56;20787738;118361200;2.07;3.24;0.180
20250623;5.45;5.56;5.59;5.45;15323400;84741529;1.53;1.65;0.090
20250620;5.55;5.47;5.58;5.47;11898800;65574040;1.19;-1.44;-0.080
20250619;5.63;5.55;5.7;5.52;14202213;79779406;1.42;-1.77;-0.100
20250618;5.67;5.65;5.68;5.61;9267936;52267698;0.92;-0.7;-0.040
20250617;5.69;5.69;5.72;5.65;8656213;49101610;0.86;-0.18;-0.010
20250616;5.66;5.7;5.71;5.62;9138800;51947821;0.91;0.35;0.020
20250613;5.78;5.68;5.78;5.65;17518600;99699905;1.75;-1.9;-0.110
20250612;5.81;5.79;5.84;5.75;12148400;70403651;1.21;-0.52;-0.030
20250611;5.76;5.82;5.91;5.75;16877600;98586960;1.68;1.39;0.080
20250610;5.84;5.74;5.87;5.65;20064741;115503509;2.0;-1.88;-0.110
20250609;5.83;5.85;5.88;5.8;13257343;77607874;1.32;0.34;0.020
20250606;5.89;5.83;5.92;5.8;17453843;101773730;1.74;-1.52;-0.090
20250605;5.88;5.92;5.93;5.81;16244800;95500018;1.62;0.68;0.040
20250604;5.89;5.88;5.93;5.85;12629800;74370970;1.26;0.34;0.020
20250603;5.86;5.86;5.93;5.83;12409900;73004384;1.24;-0.68;-0.040
20250530;6.05;5.9;6.06;5.89;22980100;136320706;2.29;-2.8;-0.170
20250529;5.96;6.07;6.14;5.95;21308800;129608085;2.12;1.68;0.100
20250528;5.98;5.97;6.08;5.93;15583500;93580398;1.55;-0.5;-0.030
20250527;6.02;6.0;6.02;5.87;18430650;109541007;1.84;-0.5;-0.030
20250526;6.01;6.03;6.05;5.95;19491400;117072873;1.94;0.0;0.000
20250523;6.13;6.03;6.27;6.0;29083200;178132742;2.9;-1.95;-0.120
20250522;6.24;6.15;6.31;6.14;19338000;119762892;1.93;-2.07;-0.130
20250521;6.37;6.28;6.4;6.25;19983726;125794493;1.99;-2.03;-0.130
20250520;6.38;6.41;6.45;6.25;22641200;144070166;2.26;0.16;0.010
20250519;6.53;6.4;6.56;6.23;36480050;231155758;3.64;-1.39;-0.090
20250516;6.16;6.49;6.6;6.15;48864254;313531913;4.87;4.68;0.290
20250515;6.41;6.2;6.41;6.17;26973500;168153392;2.69;-3.13;-0.200
20250514;6.52;6.6;6.66;6.49;28282798;185338946;2.82;0.92;0.060
20250513;6.68;6.54;6.7;6.51;25565700;167852925;2.55;-1.06;-0.070
20250512;6.39;6.61;6.63;6.35;36472698;237400277;3.63;4.59;0.290
20250509;6.44;6.32;6.48;6.26;19793300;125439871;1.97;-2.17;-0.140
20250508;6.32;6.46;6.5;6.3;22823357;147223551;2.27;1.73;0.110
20250507;6.45;6.35;6.53;6.27;31536800;200760142;3.14;-0.78;-0.050
20250506;6.24;6.4;6.42;6.2;31060700;197255811;3.1;3.73;0.230
20250430;6.06;6.17;6.23;6.01;27418000;168060048;2.73;1.82;0.110
20250429;5.91;6.06;6.09;5.87;23074298;139008892;2.3;2.89;0.170
20250428;5.99;5.89;6.02;5.84;17743380;104652285;1.77;-1.01;-0.060
20250425;5.91;5.95;6.03;5.91;20901102;124786563;2.08;0.51;0.030
20250424;6.0;5.92;6.02;5.87;22963200;136354336;2.29;-1.0;-0.060
20250423;5.8;5.98;6.0;5.79;37429800;221669340;3.73;4.18;0.240
20250422;5.79;5.74;5.84;5.68;24127402;138508558;2.4;-1.2;-0.070
20250421;5.69;5.81;5.81;5.62;18163842;104179694;1.81;2.11;0.120
20250418;5.61;5.69;5.73;5.6;16303800;92167575;1.62;1.25;0.070
20250417;5.61;5.62;5.73;5.61;22073027;124989227;2.2;-0.53;-0.030
20250416;5.87;5.65;5.91;5.58;38290084;218828573;3.82;-4.4;-0.260
20250415;5.92;5.91;6.22;5.89;51128740;307371738;5.09;0.0;0.000
20250414;5.85;5.91;6.05;5.85;28514188;169143069;2.84;2.43;0.140
20250411;5.68;5.77;5.87;5.65;25988500;150576010;2.59;1.05;0.060
20250410;5.72;5.71;5.95;5.7;34431600;199853989;3.43;4.01;0.220
20250409;5.28;5.49;5.56;4.96;39679715;210902870;3.95;1.86;0.100
20250408;5.7;5.39;5.8;5.24;56016231;305827864;5.58;-7.23;-0.420
20250407;5.94;5.81;6.13;5.81;21849100;128287741;2.18;-9.92;-0.640
20250403;6.56;6.45;6.7;6.38;30978015;201987963;3.09;-3.3;-0.220
20250402;6.53;6.67;6.7;6.46;28421900;187942463;2.83;2.14;0.140
20250401;6.8;6.53;6.9;6.52;30567010;202988327;3.05;-3.69;-0.250
20250331;6.82;6.78;6.87;6.46;47263100;313299030;4.71;-0.59;-0.040
20250328;6.86;6.82;6.98;6.82;23304954;160674430;2.32;-0.58;-0.040
20250327;7.0;6.86;7.04;6.85;28653576;198461250;2.86;-2.42;-0.170
20250326;6.87;7.03;7.11;6.85;36571486;257395798;3.64;2.33;0.160
20250325;7.12;6.87;7.21;6.84;44508402;309838988;4.44;-3.24;-0.230
20250324;7.13;7.1;7.23;6.91;46956000;331537712;4.68;-1.11;-0.080
20250321;7.62;7.18;7.63;7.17;77186746;566960844;7.69;-7.12;-0.550
20250320;7.62;7.73;7.95;7.6;64288000;498943396;6.41;0.78;0.060
20250319;7.81;7.67;7.84;7.55;62875088;482861439;6.27;-2.66;-0.210
20250318;8.05;7.88;8.1;7.75;64303905;507923689;6.41;-1.75;-0.140
20250317;7.81;8.02;8.12;7.77;84882857;676954096;8.46;1.52;0.120
20250314;7.66;7.9;7.94;7.46;109052182;837762414;10.87;0.51;0.040
20250313;8.12;7.86;8.27;7.59;166727298;1316427438;16.61;-6.43;-0.540
20250312;7.48;8.4;8.4;7.46;192071091;1571777635;19.14;9.95;0.760
20250311;7.04;7.64;8.0;7.04;152482099;1169766492;15.19;5.09;0.370
20250310;7.43;7.27;7.53;7.23;67373133;494134852;6.73;-2.94;-0.220
20250307;7.8;7.49;7.99;7.4;126845532;972939024;12.67;-3.48;-0.270
20250306;7.1;7.76;7.76;7.1;108147749;813503827;10.8;10.07;0.710
20250305;6.78;7.05;7.38;6.77;76510720;539711640;7.64;1.88;0.130
20250304;6.39;6.92;7.12;6.37;92365200;632438728;9.22;6.96;0.450
20250303;6.89;6.47;6.95;6.42;74938500;491621161;7.48;-5.55;-0.380
20250228;6.99;6.85;7.17;6.71;76218945;529890618;7.61;-1.72;-0.120
20250227;6.81;6.97;7.13;6.8;92055725;640918543;9.19;2.5;0.170
20250226;6.69;6.8;7.4;6.66;155557059;1107532356;15.53;1.04;0.070
20250225;6.45;6.73;6.85;6.36;78707183;520083984;7.86;2.44;0.160
20250224;6.2;6.57;6.66;6.19;79941291;520542393;7.98;4.78;0.300
20250221;5.88;6.27;6.38;5.86;78702322;483218479;7.86;6.27;0.370
20250220;5.87;5.9;5.92;5.78;36955148;215901584;3.69;-0.34;-0.020
20250219;5.58;5.92;5.98;5.55;64520580;378899202;6.44;6.09;0.340
20250218;5.6;5.58;5.75;5.55;26824600;151374451;2.68;-0.71;-0.040
20250217;5.52;5.62;5.62;5.5;18447204;102577127;1.84;2.18;0.120
20250214;5.6;5.5;5.62;5.49;22612504;125256464;2.26;-1.96;-0.110
20250213;5.76;5.61;5.78;5.59;24954038;141216334;2.49;-2.6;-0.150
20250212;5.67;5.76;5.78;5.64;22945137;131460498;2.29;1.23;0.070
20250211;5.7;5.69;5.71;5.62;19795200;112214767;1.98;-0.7;-0.040
20250210;5.77;5.73;5.78;5.66;23482100;133917578;2.34;-0.52;-0.030
20250207;5.79;5.76;5.83;5.69;33124435;191158097;3.31;-0.52;-0.030
20250206;5.55;5.79;5.8;5.54;30063814;171973419;3.0;3.76;0.210
20250205;5.55;5.58;5.62;5.5;14266000;79410665;1.42;1.82;0.100
20250127;5.66;5.48;5.68;5.46;17774810;98422950;1.77;-3.18;-0.180
20250124;5.56;5.66;5.66;5.55;19987002;112284587;2.0;0.53;0.030
20250123;5.65;5.63;5.74;5.59;32975320;187193136;3.29;0.0;0.000
20250122;5.56;5.63;5.77;5.5;32228100;181313254;3.22;0.9;0.050
20250121;5.54;5.58;5.61;5.48;22486800;124733365;2.25;1.64;0.090
20250120;5.55;5.49;5.59;5.45;19752104;108747710;1.97;-0.36;-0.020
20250117;5.49;5.51;5.58;5.46;15887704;87807882;1.59;0.0;0.000
20250116;5.54;5.51;5.65;5.45;24250012;134530439;2.42;-0.36;-0.020
20250115;5.56;5.53;5.58;5.47;20564500;113329458;2.05;-0.72;-0.040
20250114;5.25;5.57;5.58;5.25;34018200;186098817;3.4;6.1;0.320
20250113;5.19;5.25;5.34;5.09;17615900;91765057;1.76;-0.38;-0.020
20250110;5.25;5.27;5.49;5.24;32337900;173744197;3.23;0.19;0.010
20250109;5.17;5.26;5.33;5.16;18545900;97436952;1.85;0.77;0.040
20250108;5.28;5.22;5.3;5.05;27502590;142241272;2.75;-2.25;-0.120
20250107;5.22;5.34;5.35;5.16;21944990;115597796;2.19;2.5;0.130
20250106;5.09;5.21;5.31;5.01;24761688;128179519;2.47;1.76;0.090
20250103;5.31;5.12;5.37;5.1;25317380;132090446;2.53;-3.58;-0.190
20250102;5.3;5.31;5.43;5.26;24769880;132193918;2.47;-0.19;-0.010