20251022;13.14;13.17;13.27;13.09;3544200;46829255;2.57;-0.23;-0.030
20251021;13.2;13.2;13.2;12.99;3766600;49448083;2.74;0.15;0.020
20251020;12.98;13.18;13.19;12.92;4374900;57242041;3.18;1.7;0.220
20251017;12.89;12.96;13.1;12.67;4825531;62454386;3.51;1.25;0.160
20251016;13.03;12.8;13.12;12.77;3620031;46720295;2.63;-1.69;-0.220
20251015;12.84;13.02;13.08;12.71;3802300;49271675;2.76;1.96;0.250
20251014;12.76;12.77;12.9;12.68;3924400;50208894;2.85;0.47;0.060
20251013;12.55;12.71;12.87;12.22;5180069;65617896;3.76;-0.7;-0.090
20251010;12.44;12.8;12.96;12.34;6995700;89611458;5.08;3.06;0.380
20251009;12.64;12.42;12.7;12.38;4571200;57277819;3.32;-0.96;-0.120
20250930;13.2;12.54;13.2;12.52;8154488;103912756;5.92;-4.64;-0.610
20250929;13.09;13.15;13.34;12.81;5327517;69996469;3.87;0.46;0.060
20250926;12.6;13.09;13.18;12.53;6302989;81641949;4.58;3.89;0.490
20250925;12.72;12.6;12.89;12.51;4075400;51788645;2.96;-0.32;-0.040
20250924;12.27;12.64;12.71;11.12;4381225;54893159;3.18;2.27;0.280
20250923;12.46;12.36;12.58;11.9;5135703;62550805;3.73;-1.67;-0.210
20250922;12.73;12.57;12.76;12.41;3522539;44185750;2.56;-1.18;-0.150
20250919;12.75;12.72;12.78;12.59;3055601;38725811;2.22;-0.16;-0.020
20250918;13.19;12.74;13.2;12.62;5820600;75252966;4.23;-2.9;-0.380
20250917;13.19;13.12;13.22;13.09;3461028;45487132;2.51;-0.46;-0.060
20250916;13.0;13.18;13.26;12.98;4008431;52550945;2.91;1.62;0.210
20250915;13.02;12.97;13.15;12.87;3915000;50801993;2.84;-0.31;-0.040
20250912;13.3;13.01;13.3;12.98;5250000;68883001;3.81;-1.51;-0.200
20250911;13.31;13.21;13.34;12.95;6193300;81245503;4.5;-0.75;-0.100
20250910;13.02;13.31;13.43;13.01;7101380;93981949;5.16;-0.75;-0.100
20250909;13.51;13.41;13.65;13.37;5927732;80061687;4.31;-0.89;-0.120
20250908;13.25;13.53;13.54;13.15;10838751;144854196;7.87;2.58;0.340
20250905;13.02;13.19;13.23;12.91;5796801;75993146;4.21;1.07;0.140
20250904;13.1;13.05;13.31;12.88;7891820;103380789;5.73;1.16;0.150
20250903;13.17;12.9;13.25;12.85;7731100;101014427;5.62;-1.83;-0.240
20250902;12.97;13.14;13.5;12.73;12368000;162012550;8.99;1.86;0.240
20250901;12.28;12.9;13.29;12.23;8539802;109828173;6.2;4.96;0.610
20250829;12.43;12.29;12.58;12.26;4150801;51445194;3.02;-1.6;-0.200
20250828;12.5;12.49;12.79;11.91;7162201;88217453;5.2;-0.64;-0.080
20250827;13.1;12.57;13.15;12.55;6574450;84830556;4.78;-4.05;-0.530
20250826;13.12;13.1;13.26;12.83;5639800;73652895;4.1;-1.06;-0.140
20250825;12.68;13.24;13.28;12.68;11920701;155344265;8.66;4.75;0.600
20250822;12.71;12.64;12.74;12.49;4632200;58432066;3.37;-0.94;-0.120
20250821;12.58;12.76;12.85;12.57;4681900;59454606;3.4;1.03;0.130
20250820;12.52;12.63;12.65;12.46;3611400;45336735;2.62;0.56;0.070
20250819;12.36;12.56;12.56;12.23;4697200;58390170;3.41;2.11;0.260
20250818;12.31;12.3;12.47;12.27;4094902;50626009;2.97;0.24;0.030
20250815;12.28;12.27;12.44;12.22;4402950;54282436;3.2;-0.24;-0.030
20250814;12.55;12.3;12.65;12.22;4660612;57912588;3.39;-2.15;-0.270
20250813;12.65;12.57;12.73;12.48;3834139;48197961;2.79;-0.63;-0.080
20250812;12.69;12.65;12.86;12.52;5406700;68275798;3.93;-0.16;-0.020
20250811;12.69;12.67;12.76;12.56;3762300;47700747;2.73;0.16;0.020
20250808;12.55;12.65;12.68;12.45;4105802;51615325;2.98;1.36;0.170
20250807;12.54;12.48;12.62;12.45;3152200;39468271;2.29;-0.64;-0.080
20250806;12.54;12.56;12.59;12.42;3661513;45808891;2.66;0.4;0.050
20250805;12.32;12.51;12.53;12.3;5078600;63253619;3.69;1.62;0.200
20250804;12.17;12.31;12.32;12.12;4715613;57822178;3.43;1.65;0.200
20250801;12.02;12.11;12.14;11.96;2831768;34172463;2.06;1.25;0.150
20250731;12.27;11.96;12.27;11.92;3876800;46704418;2.82;-2.53;-0.310
20250730;12.26;12.27;12.38;12.14;3154300;38618461;2.29;-0.16;-0.020
20250729;12.37;12.29;12.41;12.15;3230100;39492022;2.35;-0.16;-0.020
20250728;12.35;12.31;12.4;12.26;3587101;44192269;2.61;-0.08;-0.010
20250725;12.16;12.32;12.39;12.09;4944150;60586208;3.59;1.9;0.230
20250724;12.0;12.09;12.16;11.98;3144500;38023258;2.28;1.09;0.130
20250723;12.06;11.96;12.1;11.96;3044300;36609034;2.21;-0.83;-0.100
20250722;12.09;12.06;12.16;12.0;3253300;39222921;2.36;-0.33;-0.040
20250721;11.96;12.1;12.2;11.93;4281500;51735497;3.11;0.83;0.100
20250718;12.05;12.0;12.07;11.94;2457200;29424355;1.79;-0.41;-0.050
20250717;12.01;12.05;12.05;11.94;3229300;38776852;2.35;0.08;0.010
20250716;11.83;12.04;12.08;11.79;4914100;58907351;3.57;1.69;0.200
20250715;11.96;11.84;11.99;11.68;3443800;40687513;2.5;-1.0;-0.120
20250714;11.81;11.96;11.97;11.8;4906200;58453827;3.56;1.27;0.150
20250711;11.86;11.81;11.87;11.7;2753000;32467510;2.0;-0.51;-0.060
20250710;11.82;11.87;11.87;11.78;2576301;30491026;1.87;0.17;0.020
20250709;11.84;11.85;11.89;11.77;4103702;48579836;2.98;0.34;0.040
20250708;11.86;11.81;11.86;11.75;2925000;34485300;2.13;0.08;0.010
20250707;11.62;11.8;11.8;11.61;3083000;36262283;2.24;1.55;0.180
20250704;11.79;11.62;11.79;11.61;3230609;37741168;2.35;-1.11;-0.130
20250703;11.76;11.75;11.81;11.67;2782500;32678917;2.02;-0.09;-0.010
20250702;11.72;11.76;11.8;11.61;3008900;35277415;2.19;0.51;0.060
20250701;11.75;11.7;11.77;11.57;3138200;36698880;2.28;0.09;0.010
20250630;11.66;11.69;11.71;11.61;3299500;38509099;2.4;0.52;0.060
20250627;11.58;11.63;11.66;11.54;3338300;38724789;2.43;0.87;0.100
20250626;11.5;11.53;11.6;11.47;2474700;28554899;1.8;0.0;0.000
20250625;11.46;11.53;11.58;11.42;3113950;35848366;2.26;0.61;0.070
20250624;11.18;11.46;11.49;11.15;3239901;36933348;2.35;2.6;0.290
20250623;10.84;11.17;11.18;10.84;2497400;27667569;1.81;1.55;0.170
20250620;11.06;11.0;11.15;10.95;2427901;26830125;1.76;-0.54;-0.060
20250619;11.37;11.11;11.42;11.0;3949967;44127636;2.87;-1.94;-0.220
20250618;11.5;11.33;11.56;11.31;3616901;41151584;2.63;-1.73;-0.200
20250617;11.59;11.53;11.69;11.46;2950700;34147957;2.14;-0.17;-0.020
20250616;11.44;11.55;11.67;11.44;2624000;30380457;1.91;0.43;0.050
20250613;11.81;11.5;11.84;11.47;4184700;48583288;3.04;-2.71;-0.320
20250612;11.72;11.82;11.91;11.67;4341600;51209438;3.15;0.51;0.060
20250611;11.7;11.76;11.82;11.67;3196900;37650989;2.32;0.34;0.040
20250610;11.82;11.72;11.86;11.54;6063600;71238823;4.41;-0.59;-0.070
20250609;11.77;11.79;11.79;11.67;4027001;47363949;2.93;0.68;0.080
20250606;11.65;11.71;11.74;11.58;2999203;35027728;2.18;0.43;0.050
20250605;11.79;11.66;11.8;11.62;2875000;33584996;2.09;-0.77;-0.090
20250604;11.61;11.75;11.76;11.56;3981301;46546408;2.89;1.21;0.140
20250603;11.36;11.61;11.65;11.36;3625200;41963650;2.63;1.75;0.200
20250530;11.58;11.41;11.63;11.4;4547300;52149674;3.3;-1.64;-0.190
20250529;11.56;11.6;11.68;11.54;4909900;57060008;3.57;-0.26;-0.030
20250528;11.59;11.63;11.67;11.51;4601300;53333215;3.34;0.35;0.040
20250527;11.5;11.59;11.59;11.44;3625353;41841730;2.63;0.7;0.080
20250526;11.47;11.51;11.58;11.37;4103100;47118342;2.98;0.35;0.040
20250523;11.53;11.47;11.71;11.45;6396401;73999872;4.65;-0.52;-0.060
20250522;11.67;11.53;11.9;11.49;7731000;90028817;5.62;-1.2;-0.140
20250521;11.92;11.67;11.99;11.67;8222052;96887832;5.97;-2.67;-0.320
20250520;11.77;11.99;12.04;11.75;8809800;105090907;6.4;0.84;0.100
20250519;11.75;11.89;11.96;11.65;9380701;111113833;6.82;0.08;0.010
20250516;11.72;11.88;11.89;11.52;13401463;156837759;9.74;-0.34;-0.040
20250515;11.8;11.92;12.14;11.75;16127216;192250409;11.72;0.51;0.060
20250514;12.16;11.86;12.16;11.7;22857116;271200469;16.61;-4.97;-0.620
20250513;12.19;12.48;12.77;12.0;35720489;438990514;25.95;-1.11;-0.140
20250512;13.68;12.62;13.68;12.56;50939717;681576402;37.01;1.45;0.180
20250509;11.31;12.44;12.44;11.31;15004913;182655925;10.9;9.99;1.130
20250508;11.25;11.31;11.41;11.11;8682822;98075775;6.31;-0.79;-0.090
20250507;11.1;11.4;12.03;11.04;14284623;165489873;10.38;4.2;0.460
20250506;10.79;10.94;10.99;10.79;2940051;32049941;2.14;2.05;0.220
20250430;10.72;10.72;10.87;10.68;2567100;27595015;1.87;0.0;0.000
20250429;10.5;10.72;10.79;10.45;3095800;33111560;2.25;1.71;0.180
20250428;10.7;10.54;10.7;10.26;3057901;31990940;2.22;-1.95;-0.210
20250425;10.58;10.75;10.86;10.55;2417199;25936141;1.77;1.51;0.160
20250424;10.61;10.59;10.66;10.43;2910700;30720218;2.13;-0.19;-0.020
20250423;10.39;10.61;10.63;10.39;2509299;26461731;1.84;2.31;0.240
20250422;10.32;10.37;10.45;10.24;1978900;20424381;1.45;0.48;0.050
20250421;10.25;10.32;10.37;10.14;1640300;16871094;1.2;0.68;0.070
20250418;10.25;10.25;10.31;10.1;2388700;24384780;1.75;0.0;0.000
20250417;10.05;10.25;10.37;10.0;2896377;29769809;2.12;1.28;0.130
20250416;10.25;10.12;10.26;9.9;2706000;27314672;1.98;-1.17;-0.120
20250415;10.15;10.24;10.25;10.04;2072902;21074739;1.52;1.09;0.110
20250414;10.2;10.13;10.35;10.08;3890000;39677533;2.85;0.9;0.090
20250411;10.11;10.04;10.31;10.01;6542300;66302230;4.79;-1.86;-0.190
20250410;9.9;10.23;10.66;9.9;10325979;107373501;7.55;5.57;0.540
20250409;9.5;9.69;9.89;8.78;4567202;42697625;3.34;1.47;0.140
20250408;10.04;9.55;10.18;9.18;7099401;68578935;5.19;-4.88;-0.490
20250407;10.5;10.04;10.59;10.04;5464543;55344591;4.0;-10.04;-1.120
20250403;11.13;11.16;11.3;10.98;2608777;29042370;1.91;-0.53;-0.060
20250402;11.24;11.22;11.34;11.15;2122200;23849130;1.55;-0.71;-0.080
20250401;11.32;11.3;11.44;11.15;3620702;40948913;2.65;-0.26;-0.030
20250331;11.12;11.33;11.35;10.84;5123601;56849094;3.75;0.98;0.110
20250328;11.61;11.22;11.75;11.2;6920800;78703399;5.06;-4.02;-0.470
20250327;12.01;11.69;12.16;11.55;7265927;85588922;5.32;-2.83;-0.340
20250326;11.61;12.03;12.35;11.61;9812299;117947216;7.18;1.52;0.180
20250325;11.75;11.85;12.25;11.62;12054500;144681771;8.82;-0.17;-0.020
20250324;11.67;11.87;11.97;11.44;9197500;107955531;6.73;0.76;0.090
20250321;11.99;11.78;12.02;11.7;7441216;87807890;5.44;-2.0;-0.240
20250320;11.85;12.02;12.25;11.68;12944500;154269292;9.47;1.35;0.160
20250319;11.28;11.86;12.45;11.22;17872643;214100937;13.08;4.77;0.540
20250318;11.23;11.32;11.34;11.16;5667400;63802587;4.15;1.52;0.170
20250317;11.27;11.15;11.36;11.11;4865500;54379058;3.56;-1.68;-0.190
20250314;11.07;11.34;11.42;10.93;7900700;88480746;5.78;2.16;0.240
20250313;11.15;11.1;11.19;10.92;5789501;63976301;4.24;-0.09;-0.010
20250312;11.3;11.11;11.39;11.11;6536001;73219919;4.78;-0.8;-0.090
20250311;11.05;11.2;11.28;10.97;6892900;77012246;5.04;0.18;0.020
20250310;11.3;11.18;11.35;11.1;9011900;101074951;6.59;-0.27;-0.030
20250307;11.34;11.21;11.54;11.18;17733260;200556904;12.97;-3.61;-0.420
20250306;10.6;11.63;11.63;10.6;14677448;166618989;10.74;10.03;1.060
20250305;10.76;10.57;10.78;10.48;7095055;74931975;5.19;-1.77;-0.190
20250304;10.97;10.76;10.97;10.7;6519968;70248764;4.77;-3.93;-0.440
20250303;10.83;11.2;11.29;10.67;16801734;185118171;12.29;2.75;0.300
20250228;10.73;10.9;11.09;10.61;10429423;114204802;7.63;1.68;0.180
20250227;10.44;10.72;10.73;10.29;5951501;62663703;4.35;2.49;0.260
20250226;10.3;10.46;10.53;10.29;2704401;28270642;1.98;1.06;0.110
20250225;10.35;10.35;10.44;10.27;2376400;24634617;1.74;-0.38;-0.040
20250224;10.28;10.39;10.45;10.26;2798585;29002273;2.05;0.68;0.070
20250221;10.42;10.32;10.49;10.24;2415200;24897117;1.77;-1.24;-0.130
20250220;10.37;10.45;10.52;10.3;2306500;24064409;1.69;1.26;0.130
20250219;10.17;10.32;10.39;10.17;1645700;16944211;1.2;0.98;0.100
20250218;10.39;10.22;10.47;10.15;2689000;27626206;1.97;-2.01;-0.210
20250217;10.28;10.43;10.48;10.28;2308600;23955272;1.69;1.66;0.170
20250214;10.31;10.26;10.38;10.15;2609300;26803126;1.91;0.39;0.040
20250213;10.42;10.22;10.47;10.22;2558300;26410168;1.87;-2.39;-0.250
20250212;10.47;10.47;10.55;10.39;2853000;29879553;2.09;0.0;0.000
20250211;10.46;10.47;10.52;10.25;3469221;36124251;2.54;0.38;0.040
20250210;10.48;10.43;10.55;10.3;5224911;54357995;3.82;-0.19;-0.020
20250207;10.23;10.45;11.14;10.17;8686501;91824669;6.36;2.65;0.270
20250206;9.94;10.18;10.18;9.81;3544106;35506601;2.59;2.52;0.250
20250205;10.03;9.93;10.08;9.88;2966252;29537218;2.17;0.2;0.020
20250127;9.86;9.91;10.08;9.86;4791700;47848221;3.51;1.54;0.150
20250124;9.95;9.76;10.0;9.58;7050600;68630502;5.16;-3.75;-0.380
20250123;10.16;10.14;10.27;10.04;2651400;27031616;1.94;1.3;0.130
20250122;10.14;10.01;10.18;9.96;2153800;21657262;1.58;-1.38;-0.140
20250121;10.39;10.15;10.44;10.1;2661300;27110830;1.95;-1.65;-0.170
20250120;10.2;10.32;10.44;10.15;4829721;49820327;3.53;1.28;0.130
20250117;10.29;10.19;10.32;10.12;2707719;27704618;1.98;-0.78;-0.080
20250116;10.23;10.27;10.43;10.22;2448710;25263438;1.79;0.88;0.090
20250115;10.15;10.18;10.24;10.06;2571600;26142990;1.88;1.19;0.120
20250114;9.83;10.06;10.08;9.75;3106200;31042861;2.27;3.5;0.340
20250113;9.66;9.72;9.76;9.42;2029801;19533573;1.49;0.0;0.000
20250110;9.99;9.72;10.03;9.71;2496410;24632344;1.83;-2.7;-0.270
20250109;10.04;9.99;10.08;9.94;1566400;15674858;1.15;-0.5;-0.050
20250108;9.97;10.04;10.16;9.79;2686200;26868704;1.97;0.7;0.070
20250107;9.8;9.97;9.97;9.71;2010210;19851770;1.47;1.84;0.180
20250106;9.75;9.79;9.91;9.38;3046500;29562892;2.23;0.72;0.070
20250103;10.2;9.72;10.3;9.69;3325400;33063456;2.43;-4.24;-0.430
20250102;10.38;10.15;10.61;10.07;2759510;28568648;2.02;-2.5;-0.260