20251022;14.36;14.32;14.39;14.3;2824743;40506069;2.26;-0.49;-0.070
20251021;14.31;14.39;14.4;14.23;4353138;62416572;3.48;0.7;0.100
20251020;14.23;14.29;14.31;14.23;2461592;35112793;1.97;0.56;0.080
20251017;14.32;14.21;14.41;14.21;3986115;57092920;3.18;-0.77;-0.110
20251016;14.55;14.32;14.55;14.32;5640598;81286395;4.5;-1.45;-0.210
20251015;14.5;14.53;14.55;14.36;4810248;69541119;3.84;0.21;0.030
20251014;14.65;14.5;14.72;14.47;5604779;81720880;4.48;-0.89;-0.130
20251013;14.51;14.63;14.7;14.36;5263442;76778466;4.2;-1.42;-0.210
20251010;14.79;14.84;14.95;14.73;5155081;76506195;4.12;0.07;0.010
20251009;14.74;14.83;14.84;14.64;6333267;93399696;5.06;0.61;0.090
20250930;14.82;14.74;14.85;14.71;6236449;92121874;4.98;-0.41;-0.060
20250929;14.91;14.8;14.96;14.75;7352947;108810357;5.87;-1.07;-0.160
20250926;15.18;14.96;15.19;14.96;8182807;123319063;6.53;-1.12;-0.170
20250925;15.43;15.13;15.43;15.12;11970023;182040935;9.56;-2.26;-0.350
20250924;15.95;15.48;16.0;15.42;17583977;274034600;14.04;-1.59;-0.250
20250923;15.37;15.73;15.83;15.02;25201154;389551720;20.12;1.61;0.250
20250922;15.28;15.48;15.68;15.04;21295984;328142532;17.01;1.11;0.170
20250919;14.88;15.31;15.75;14.74;27487289;420310424;21.95;2.89;0.430
20250918;14.82;14.88;14.98;14.6;9430599;139427960;7.53;0.47;0.070
20250917;14.83;14.81;14.9;14.79;3952143;58635974;3.16;-0.2;-0.030
20250916;14.78;14.84;14.85;14.73;4365109;64593494;3.49;0.41;0.060
20250915;14.81;14.78;14.86;14.72;3499125;51665416;2.79;-0.14;-0.020
20250912;14.93;14.8;14.93;14.78;5838141;86653048;4.66;-0.94;-0.140
20250911;14.88;14.94;14.94;14.78;5549095;82440842;4.43;0.27;0.040
20250910;14.92;14.9;14.99;14.86;4497415;67146092;3.59;-0.27;-0.040
20250909;15.04;14.94;15.04;14.86;5818956;86773694;4.65;-0.47;-0.070
20250908;14.91;15.01;15.01;14.88;6645476;99389885;5.31;0.6;0.090
20250905;14.9;14.92;14.92;14.77;5159993;76775282;4.12;0.54;0.080
20250904;14.78;14.84;14.97;14.68;6387953;94745076;5.1;0.27;0.040
20250903;15.0;14.8;15.07;14.73;6521201;97046847;5.21;-1.33;-0.200
20250902;14.95;15.0;15.15;14.86;9584981;143577430;7.65;0.2;0.030
20250901;14.87;14.97;15.0;14.81;4724625;70630656;3.77;0.54;0.080
20250829;15.04;14.89;15.1;14.89;6298092;94260580;5.03;-1.06;-0.160
20250828;14.78;15.05;15.05;14.63;9953222;148146092;7.95;1.96;0.290
20250827;15.1;14.76;15.15;14.76;11820992;177284710;9.44;-2.7;-0.410
20250826;15.16;15.17;15.24;15.12;7121241;108173755;5.69;-0.33;-0.050
20250825;15.13;15.22;15.22;15.06;10014057;151549028;8.0;0.73;0.110
20250822;15.13;15.11;15.21;15.01;6721186;101393730;5.37;0.07;0.010
20250821;15.11;15.1;15.25;15.04;9353177;141600002;7.47;0.0;0.000
20250820;15.0;15.1;15.1;14.95;8476287;127529200;6.77;0.8;0.120
20250819;14.95;14.98;14.99;14.84;7040272;105120061;5.62;0.2;0.030
20250818;14.85;14.95;14.96;14.85;7446458;111170180;5.95;0.74;0.110
20250815;14.61;14.84;14.85;14.61;4945563;73111388;3.95;1.09;0.160
20250814;14.95;14.68;14.98;14.65;7827602;115836122;6.25;-1.67;-0.250
20250813;15.02;14.93;15.03;14.9;6037588;90267722;4.82;-0.47;-0.070
20250812;15.0;15.0;15.1;14.95;6493684;97629847;5.19;0.27;0.040
20250811;14.93;14.96;14.98;14.88;5424312;81101870;4.33;0.2;0.030
20250808;14.9;14.93;14.98;14.81;4824225;71784021;3.85;0.2;0.030
20250807;14.95;14.9;14.99;14.88;4805573;71743507;3.84;-0.27;-0.040
20250806;14.96;14.94;14.97;14.86;5271135;78586461;4.21;-0.07;-0.010
20250805;14.89;14.95;14.95;14.87;4919903;73417406;3.93;0.54;0.080
20250804;14.73;14.87;14.9;14.61;4496010;66579980;3.59;0.41;0.060
20250801;14.73;14.81;14.82;14.69;4553109;67223049;3.64;0.34;0.050
20250731;14.92;14.76;15.0;14.71;7957259;118020222;6.35;-1.07;-0.160
20250730;15.08;14.92;15.09;14.79;7106980;106210947;5.68;-1.0;-0.150
20250729;15.22;15.07;15.22;14.96;8666665;130480737;6.92;-1.12;-0.170
20250728;15.11;15.24;15.3;15.04;10569137;160654552;8.44;1.06;0.160
20250725;15.07;15.08;15.15;15.01;8439918;127319401;6.74;0.13;0.020
20250724;14.93;15.06;15.09;14.9;7226514;108416905;5.77;0.94;0.140
20250723;15.01;14.92;15.1;14.9;9917298;148839266;7.92;-1.26;-0.190
20250722;15.19;15.11;15.23;14.94;7618172;114634007;6.27;-0.26;-0.040
20250721;15.04;15.15;15.15;15.01;7290671;110099620;6.0;0.8;0.120
20250718;15.04;15.03;15.1;14.95;6926300;103974100;5.7;-0.13;-0.020
20250717;15.07;15.05;15.12;14.95;6176827;92756180;5.09;0.0;0.000
20250716;14.97;15.05;15.16;14.97;6751075;101683917;5.56;0.47;0.070
20250715;15.27;14.98;15.27;14.85;12359500;185702600;10.17;-2.35;-0.360
20250714;15.3;15.34;15.49;15.2;14641759;224555647;12.05;1.19;0.180
20250711;15.41;15.16;15.41;15.11;13904350;211232294;11.45;-1.62;-0.250
20250710;15.35;15.41;15.52;15.28;18118274;278644439;14.92;0.39;0.060
20250709;15.54;15.35;15.84;15.32;27078300;421127449;22.29;-1.6;-0.250
20250708;15.98;15.6;16.45;15.53;46502774;738166615;38.28;-1.08;-0.170
20250707;15.26;15.77;15.77;14.73;33025829;507908345;27.19;9.97;1.430
20250704;14.51;14.34;14.52;14.31;5633300;80952734;4.64;-1.17;-0.170
20250703;14.46;14.51;14.55;14.42;3885300;56294759;3.2;0.14;0.020
20250702;14.62;14.49;14.62;14.42;5411720;78487417;4.46;-1.16;-0.170
20250701;14.56;14.66;14.75;14.48;7336731;107368357;6.04;0.76;0.110
20250630;14.43;14.55;14.56;14.43;4900973;71081283;4.03;0.9;0.130
20250627;14.48;14.42;14.5;14.39;4360870;62986304;3.59;0.28;0.040
20250626;14.5;14.38;14.58;14.36;6155300;89017735;5.07;-0.76;-0.110
20250625;14.43;14.49;14.5;14.31;6297871;90816990;5.18;0.28;0.040
20250624;14.27;14.45;14.46;14.26;6211831;89415868;5.11;1.26;0.180
20250623;14.18;14.27;14.28;14.05;3457175;49136351;2.85;0.71;0.100
20250620;14.1;14.17;14.27;14.1;3901031;55271078;3.21;0.35;0.050
20250619;14.35;14.12;14.35;14.04;5875600;83417028;4.84;-1.6;-0.230
20250618;14.41;14.35;14.49;14.31;4459625;64072717;3.67;-0.9;-0.130
20250617;14.57;14.48;14.63;14.42;5512075;79884189;4.54;-0.69;-0.100
20250616;14.48;14.62;14.72;14.48;5318200;77848922;4.38;-0.54;-0.080
20250613;14.79;14.7;15.03;14.65;10121700;149830033;8.33;-1.34;-0.200
20250612;14.8;14.9;14.95;14.72;6084500;90410036;5.01;0.2;0.030
20250611;14.76;14.87;14.91;14.75;5322300;79085876;4.38;0.47;0.070
20250610;14.97;14.8;14.97;14.57;7648200;113050577;6.3;-0.87;-0.130
20250609;14.67;14.93;14.93;14.66;7598388;112752952;6.26;1.7;0.250
20250606;14.77;14.68;14.82;14.61;5571183;81813860;4.59;-0.74;-0.110
20250605;14.83;14.79;14.84;14.66;6098400;89958252;5.02;0.2;0.030
20250604;14.7;14.76;14.87;14.7;5652089;83561120;4.65;0.14;0.020
20250603;14.49;14.74;14.78;14.41;6622475;97336698;5.45;0.89;0.130
20250530;15.03;14.61;15.07;14.6;11285375;165954892;9.29;-3.44;-0.520
20250529;14.99;15.13;15.21;14.84;9615100;145191238;7.92;0.8;0.120
20250528;15.45;15.01;15.45;14.92;14955000;226199330;12.31;-3.04;-0.470
20250527;15.68;15.48;15.83;15.35;14971867;233081050;12.33;-1.21;-0.190
20250526;15.55;15.67;15.69;15.18;18289337;284542830;15.06;1.03;0.160
20250523;15.1;15.51;15.83;15.06;26679229;415512842;21.96;2.51;0.380
20250522;15.23;15.13;15.45;15.1;9345080;142335806;7.69;-1.5;-0.230
20250521;15.59;15.36;15.6;15.21;11737048;179899942;9.66;-1.54;-0.240
20250520;15.52;15.6;15.63;15.35;11300675;175384981;9.3;0.52;0.080
20250519;15.57;15.52;15.7;15.34;11518839;178120144;9.48;-0.26;-0.040
20250516;15.42;15.56;15.77;15.25;15649167;243568358;12.88;0.26;0.040
20250515;15.95;15.52;15.97;15.5;17644075;276679634;14.53;-2.7;-0.430
20250514;15.83;15.95;16.03;15.62;28327984;447480970;23.32;-0.13;-0.020
20250513;17.2;15.97;17.25;15.86;52707020;864125119;43.39;-0.13;-0.020
20250512;15.05;15.99;15.99;15.05;17992217;284682384;14.81;9.97;1.450
20250509;14.9;14.54;14.91;14.51;11347000;165752718;9.34;-2.55;-0.380
20250508;14.92;14.92;15.06;14.85;13553275;202115488;11.16;-0.86;-0.130
20250507;15.22;15.05;15.52;14.78;20583088;311583638;16.94;0.4;0.060
20250506;14.61;14.99;15.09;14.5;17286002;256509546;14.23;3.74;0.540
20250430;14.26;14.45;14.54;14.23;12320107;177651643;10.14;1.69;0.240
20250429;14.15;14.21;14.31;14.07;9020692;128351770;7.43;0.07;0.010
20250428;14.49;14.2;14.51;14.13;14227492;202938539;11.71;-3.6;-0.530
20250425;14.61;14.73;14.95;14.61;12541425;185471105;10.32;0.41;0.060
20250424;15.18;14.67;15.18;14.57;20608311;303696712;16.97;-3.1;-0.470
20250423;15.1;15.14;15.49;15.1;19039480;289529189;15.67;0.46;0.070
20250422;16.0;15.07;16.0;15.01;32900201;503259448;27.09;-5.81;-0.930
20250421;15.88;16.0;16.39;15.66;23599902;377338397;19.43;-1.11;-0.180
20250418;17.0;16.18;17.0;16.01;35182156;576142147;28.96;-6.96;-1.210
20250417;16.67;17.39;17.6;16.62;37806262;649231229;31.12;2.9;0.490
20250416;17.68;16.9;17.9;16.53;35143631;596771655;28.93;-2.65;-0.460
20250415;18.0;17.36;18.59;17.3;67028589;1198743399;55.18;0.12;0.020
20250414;15.9;17.34;17.34;15.84;43284017;724244582;35.63;10.03;1.580
20250411;16.24;15.76;16.42;15.66;40529818;648661388;33.37;-5.57;-0.930
20250410;15.82;16.69;17.04;15.42;54989352;891225548;45.27;6.31;0.990
20250409;15.6;15.7;17.09;15.26;64069997;1001027786;52.75;-7.43;-1.260
20250408;18.01;16.96;18.4;16.96;53421248;930798504;43.98;-9.98;-1.880
20250407;17.8;18.84;20.39;16.99;87155426;1647187121;71.75;1.45;0.270
20250403;16.8;18.57;18.57;16.8;42657928;772140966;35.12;10.01;1.690
20250402;15.85;16.88;17.49;15.51;54022514;879106042;44.47;4.26;0.690
20250401;14.95;16.19;16.59;14.78;49147146;760572412;40.46;7.36;1.110
20250331;14.58;15.08;15.65;14.43;40854190;615691954;33.63;2.38;0.350
20250328;14.89;14.73;15.32;14.7;50067351;748201734;41.22;-3.16;-0.480
20250327;13.69;15.21;15.21;13.69;42822603;640086776;35.25;9.98;1.380
20250326;13.65;13.83;13.91;13.5;11618294;159956409;9.56;2.83;0.380
20250325;13.51;13.45;13.56;13.38;5079682;68303669;4.18;-0.44;-0.060
20250324;13.86;13.51;13.86;13.3;10812129;146607897;8.9;-2.17;-0.300
20250321;14.0;13.81;14.04;13.8;10039117;139228232;8.26;-1.43;-0.200
20250320;14.0;14.01;14.11;13.93;7436960;104426851;6.12;0.07;0.010
20250319;14.1;14.0;14.17;13.96;9183738;129286114;7.56;-0.71;-0.100
20250318;14.1;14.1;14.14;14.0;7946528;111839977;6.54;0.36;0.050
20250317;14.0;14.05;14.1;13.96;9195250;129160907;7.57;0.5;0.070
20250314;13.83;13.98;14.09;13.76;10827535;150650368;8.91;1.23;0.170
20250313;13.91;13.81;13.91;13.71;8461550;116598001;6.97;-0.72;-0.100
20250312;13.92;13.91;13.98;13.86;7779460;108272962;6.4;-0.07;-0.010
20250311;13.85;13.92;13.92;13.73;9058825;125059637;7.46;-0.22;-0.030
20250310;14.08;13.95;14.08;13.9;9634369;134406433;7.93;-1.13;-0.160
20250307;13.9;14.11;14.36;13.84;16061626;226657211;13.22;1.29;0.180
20250306;13.8;13.93;14.02;13.79;10893343;151680012;8.97;0.94;0.130
20250305;14.03;13.8;14.03;13.71;11461834;158356808;9.44;-1.64;-0.230
20250304;13.96;14.03;14.14;13.85;10940323;153238944;9.01;-0.21;-0.030
20250303;14.2;14.06;14.34;13.96;15274949;215664540;12.58;-1.19;-0.170
20250228;14.64;14.23;14.71;14.18;25788795;370248744;21.23;-3.39;-0.500
20250227;14.07;14.73;14.95;13.93;39960441;583637806;32.9;5.06;0.710
20250226;13.94;14.02;14.22;13.9;14343429;201539814;11.81;1.23;0.170
20250225;13.81;13.85;13.97;13.7;10343408;143432390;8.52;-0.07;-0.010
20250224;13.89;13.86;13.98;13.8;10017881;139168340;8.25;-0.43;-0.060
20250221;13.79;13.92;13.98;13.72;13079847;181103759;10.77;0.0;0.000
20250220;13.94;13.92;14.07;13.88;10191940;142269150;8.39;-0.36;-0.050
20250219;13.77;13.97;13.97;13.71;12157934;168729341;10.01;0.72;0.100
20250218;14.42;13.87;14.43;13.78;23169642;327149801;19.07;-4.34;-0.630
20250217;14.27;14.5;14.5;14.16;20001854;286998237;16.47;1.61;0.230
20250214;14.23;14.27;14.49;14.15;18211976;260343254;14.99;0.14;0.020
20250213;14.54;14.25;14.63;14.24;22040254;316693359;18.14;-1.99;-0.290
20250212;14.7;14.54;14.7;14.42;24023749;348813116;19.78;-1.16;-0.170
20250211;15.1;14.71;15.35;14.7;31855818;474107501;26.23;-3.54;-0.540
20250210;15.04;15.25;15.48;14.85;39873636;605128245;32.83;2.01;0.300
20250207;14.94;14.95;15.31;14.73;49610985;742164862;40.84;-2.73;-0.420
20250206;14.23;15.37;16.37;14.22;56386251;854623748;46.42;2.13;0.320
20250205;16.1;15.05;16.3;14.92;53098108;829634151;43.71;1.83;0.270
20250127;16.9;14.78;17.22;14.7;56083456;886695015;46.17;-15.69;-2.750
20250124;19.07;17.53;20.0;17.5;76896081;1442084539;63.3;-24.7;-5.750
20250123;22.22;23.28;30.0;22.22;97678702;2400688304;-100.0;339.25;17.980