20251022;8.36;8.43;8.55;8.34;8092596;68320061;2.53;0.48;0.040
20251021;8.29;8.39;8.4;8.26;5176812;43260855;1.62;0.72;0.060
20251020;8.07;8.33;8.33;8.06;7218032;59181505;2.26;3.74;0.300
20251017;8.15;8.03;8.2;8.01;3709208;30074980;1.16;-1.59;-0.130
20251016;8.2;8.16;8.2;8.07;3912108;31810770;1.22;-0.24;-0.020
20251015;8.1;8.18;8.21;8.09;4228768;34480842;1.32;0.49;0.040
20251014;8.23;8.14;8.26;8.09;5326152;43548750;1.66;-1.09;-0.090
20251013;7.86;8.23;8.25;7.81;7284752;58984890;2.28;0.73;0.060
20251010;7.99;8.17;8.25;7.95;8323988;67886671;2.6;1.74;0.140
20251009;8.1;8.03;8.1;7.93;5300604;42422605;1.66;-0.62;-0.050
20250930;8.01;8.08;8.21;7.99;6068360;49109187;1.9;1.0;0.080
20250929;7.93;8.0;8.08;7.8;5706658;45343653;1.78;-0.37;-0.030
20250926;7.95;8.03;8.13;7.8;7099164;56367631;2.22;0.38;0.030
20250925;7.94;8.0;8.18;7.86;7247530;58363443;2.26;0.63;0.050
20250924;7.88;7.95;7.98;7.84;4947700;39225357;1.55;0.51;0.040
20250923;8.07;7.91;8.09;7.7;8537736;66947020;2.67;-1.86;-0.150
20250922;8.13;8.06;8.18;8.01;5984980;48307801;1.87;-1.95;-0.160
20250919;8.32;8.22;8.32;8.14;7275900;59728980;2.27;-1.44;-0.120
20250918;8.46;8.34;8.68;8.31;13375347;112903014;4.18;-1.42;-0.120
20250917;8.58;8.46;8.58;8.46;9564764;81341339;2.99;-1.86;-0.160
20250916;8.73;8.62;8.8;8.56;10880108;93955257;3.4;1.53;0.130
20250915;8.58;8.49;8.6;8.45;8048140;68380075;2.51;-1.05;-0.090
20250912;8.68;8.58;8.86;8.56;12798252;111245565;4.0;-0.92;-0.080
20250911;8.71;8.66;8.83;8.47;17286280;148533737;5.4;-1.81;-0.160
20250910;8.73;8.82;8.9;8.59;24428579;214129318;7.63;2.32;0.200
20250909;8.48;8.62;8.77;8.4;16869400;144960208;5.27;1.41;0.120
20250908;8.32;8.5;8.54;8.32;6389284;54020213;2.0;1.8;0.150
20250905;8.23;8.35;8.37;8.1;6119740;50506139;1.91;1.46;0.120
20250904;8.12;8.23;8.33;8.08;7290344;60036629;2.28;1.73;0.140
20250903;8.32;8.09;8.39;8.05;6971788;57285282;2.18;-2.88;-0.240
20250902;8.45;8.33;8.46;8.23;8854240;73565189;2.77;-1.54;-0.130
20250901;8.41;8.46;8.52;8.37;5803852;49074670;1.81;0.36;0.030
20250829;8.37;8.43;8.45;8.33;7852132;65865469;2.45;0.12;0.010
20250828;8.5;8.42;8.56;8.14;13498464;112948339;4.22;-1.17;-0.100
20250827;8.79;8.52;8.81;8.49;18136504;156526469;5.67;-2.85;-0.250
20250826;8.56;8.77;9.12;8.54;24477340;216930758;7.65;1.86;0.160
20250825;8.63;8.61;8.64;8.54;8861152;76077334;2.77;-0.23;-0.020
20250822;8.61;8.63;8.7;8.52;10541656;90928640;3.29;0.23;0.020
20250821;8.67;8.61;8.68;8.57;11165212;96241597;3.49;-0.69;-0.060
20250820;8.55;8.67;8.78;8.5;18173080;157308541;5.68;1.52;0.130
20250819;8.53;8.54;8.55;8.46;9628960;81896925;3.01;0.35;0.030
20250818;8.48;8.51;8.55;8.41;15219388;129211742;4.76;0.71;0.060
20250815;8.36;8.45;8.64;8.33;16854427;141990701;5.27;0.84;0.070
20250814;8.55;8.38;8.57;8.37;13696203;115970102;4.28;-1.99;-0.170
20250813;8.71;8.55;8.72;8.52;13771344;118091414;4.3;-0.93;-0.080
20250812;8.7;8.63;8.79;8.61;17437977;151519747;5.45;0.23;0.020
20250811;8.52;8.61;8.64;8.46;16076733;137748319;5.02;1.41;0.120
20250808;8.49;8.49;8.53;8.41;17565832;148575117;5.49;-0.12;-0.010
20250807;8.5;8.5;8.57;8.47;20366748;173618982;6.36;-0.35;-0.030
20250806;8.73;8.53;8.77;8.51;34681908;297116481;10.84;-2.29;-0.200
20250805;9.02;8.73;9.2;8.72;61730832;546326876;19.29;-6.13;-0.570
20250804;11.18;9.3;11.18;9.28;85730121;876795992;26.79;-8.46;-0.860
20250801;10.16;10.16;10.16;9.82;35030269;355563183;10.95;9.96;0.920
20250731;8.35;9.24;9.24;8.34;30005228;269758018;9.38;10.0;0.840
20250730;8.39;8.4;8.49;8.3;6104194;51207035;1.91;-0.24;-0.020
20250729;8.48;8.42;8.5;8.28;5946330;49784771;1.86;-0.71;-0.060
20250728;8.43;8.48;8.49;8.38;6678244;56370340;2.09;0.36;0.030
20250725;8.32;8.45;8.55;8.29;11637492;98323164;3.64;1.68;0.140
20250724;8.28;8.31;8.38;8.23;6511997;54112884;2.03;0.12;0.010
20250723;8.43;8.3;8.48;8.24;7448512;62033545;2.33;-1.54;-0.130
20250722;8.49;8.43;8.6;8.36;7535268;63805769;2.35;-0.71;-0.060
20250721;8.24;8.49;8.51;8.24;10230396;85814709;3.2;3.03;0.250
20250718;8.3;8.24;8.37;8.24;4650940;38517924;1.45;-0.72;-0.060
20250717;8.28;8.3;8.43;8.24;6148924;51138610;1.92;0.12;0.010
20250716;8.2;8.29;8.4;8.17;7173900;59674792;2.24;0.97;0.080
20250715;8.44;8.21;8.45;8.09;12354252;101594268;3.86;-3.3;-0.280
20250714;8.45;8.49;8.57;8.42;5901800;50087899;1.84;-0.12;-0.010
20250711;8.55;8.5;8.55;8.36;9348864;79145904;2.92;-0.93;-0.080
20250710;8.55;8.58;8.65;8.45;9791068;83681516;3.06;0.35;0.030
20250709;8.65;8.55;8.69;8.51;11407271;98033819;3.56;-0.93;-0.080
20250708;8.57;8.63;8.76;8.57;18062800;155924988;5.64;1.05;0.090
20250707;8.35;8.54;8.64;8.35;13381540;114085200;4.18;2.28;0.190
20250704;8.53;8.35;8.53;8.34;10707504;90170437;3.35;-1.65;-0.140
20250703;8.53;8.49;8.55;8.41;10083484;85430927;3.15;-0.7;-0.060
20250702;8.51;8.55;8.57;8.45;11671112;99458763;3.65;0.35;0.030
20250701;8.63;8.52;8.68;8.42;14390776;122740891;4.5;-1.16;-0.100
20250630;8.6;8.62;8.65;8.51;15723604;135146520;4.91;-0.46;-0.040
20250627;8.92;8.66;8.92;8.53;34190956;295337767;10.68;-3.02;-0.270
20250626;8.15;8.93;8.93;8.05;22512064;196498189;7.03;9.98;0.810
20250625;8.22;8.12;8.25;7.99;13148340;106434335;4.11;-0.85;-0.070
20250624;8.14;8.19;8.23;8.08;13015933;106347392;4.07;-0.24;-0.020
20250623;7.79;8.21;8.27;7.79;19824527;159923531;6.19;-3.07;-0.260
20250620;8.6;8.47;9.07;8.37;28733451;247242597;8.98;2.67;0.220
20250619;8.28;8.25;8.37;8.09;11960216;98596484;3.74;-0.36;-0.030
20250618;8.41;8.28;8.45;8.22;12357000;102640050;3.86;-1.66;-0.140
20250617;8.5;8.42;8.62;8.29;22160890;186115818;6.92;0.72;0.060
20250616;7.87;8.36;8.71;7.81;26606242;222496402;8.31;5.56;0.440
20250613;8.12;7.92;8.12;7.86;7117024;56627355;2.22;-2.82;-0.230
20250612;8.06;8.15;8.27;8.04;8649572;70242199;2.7;1.12;0.090
20250611;7.99;8.06;8.19;7.99;8911912;72206483;2.78;0.5;0.040
20250610;8.18;8.02;8.25;7.91;13921470;112416771;4.35;-2.31;-0.190
20250609;7.99;8.21;8.58;7.97;22214076;182986609;6.94;3.27;0.260
20250606;7.95;7.95;7.97;7.86;3512400;27801651;1.1;0.63;0.050
20250605;7.95;7.9;7.99;7.84;3819256;30199404;1.19;-0.63;-0.050
20250604;7.93;7.95;7.95;7.85;3167828;25018628;0.99;0.89;0.070
20250603;7.78;7.88;7.9;7.73;3493700;27498823;1.09;1.16;0.090
20250530;7.85;7.79;7.92;7.77;3284140;25667100;1.03;-1.64;-0.130
20250529;7.76;7.92;7.92;7.76;5021800;39593360;1.57;1.67;0.130
20250528;7.85;7.79;7.91;7.73;3627054;28262011;1.13;-0.89;-0.070
20250527;7.8;7.86;7.9;7.78;3067900;24065427;0.96;0.26;0.020
20250526;7.64;7.84;7.84;7.64;2921100;22720717;0.91;1.95;0.150
20250523;7.77;7.69;7.92;7.68;4333600;33810721;1.35;-1.66;-0.130
20250522;7.85;7.82;7.96;7.77;4157104;32668229;1.3;-0.64;-0.050
20250521;7.94;7.87;7.96;7.79;6018380;47275103;1.88;-1.38;-0.110
20250520;7.81;7.98;7.99;7.81;6239360;49527825;1.95;1.79;0.140
20250519;7.61;7.84;7.86;7.61;6374470;49516174;1.99;2.48;0.190
20250516;7.59;7.65;7.69;7.57;4746700;36261644;1.48;-0.39;-0.030
20250515;7.66;7.68;7.95;7.55;8703212;67287375;2.72;0.0;0.000
20250514;7.65;7.68;7.71;7.59;6555304;50130880;2.05;0.26;0.020
20250513;7.76;7.66;7.95;7.65;8821204;68263025;2.76;-0.39;-0.030
20250512;7.6;7.69;7.85;7.6;13992332;108009449;4.37;-3.39;-0.270
20250509;7.7;7.96;8.45;7.6;19650052;156022560;6.14;3.38;0.260
20250508;7.58;7.7;7.72;7.58;3728684;28583887;1.17;0.79;0.060
20250507;7.67;7.64;7.7;7.53;5083648;38737740;1.59;0.79;0.060
20250506;7.46;7.58;7.64;7.41;3776454;28492626;1.18;2.43;0.180
20250430;7.38;7.4;7.46;7.37;2308928;17131428;0.72;0.27;0.020
20250429;7.23;7.38;7.41;7.2;3658512;26925740;1.14;2.22;0.160
20250428;7.22;7.22;7.27;7.1;3493868;25172416;1.09;-0.55;-0.040
20250425;7.27;7.26;7.33;7.2;3317194;24089926;1.04;-0.14;-0.010
20250424;7.41;7.27;7.42;7.24;3034288;22198505;0.95;-1.49;-0.110
20250423;7.48;7.38;7.53;7.38;3143268;23366697;0.98;-1.07;-0.080
20250422;7.37;7.46;7.49;7.3;3405380;25324694;1.06;1.22;0.090
20250421;7.27;7.37;7.37;7.24;2628600;19271014;0.82;1.1;0.080
20250418;7.31;7.29;7.38;7.2;3885932;28251375;1.21;-0.95;-0.070
20250417;7.22;7.36;7.41;7.12;4529482;33199035;1.42;2.08;0.150
20250416;7.32;7.21;7.44;7.05;5682700;41261081;1.78;-0.69;-0.050
20250415;7.21;7.26;7.33;7.21;3181400;23102599;0.99;0.55;0.040
20250414;7.12;7.22;7.31;7.12;3799373;27474915;1.19;2.12;0.150
20250411;7.03;7.07;7.18;7.02;3691516;26226472;1.15;0.0;0.000
20250410;6.95;7.07;7.14;6.92;5137580;36237286;1.61;2.76;0.190
20250409;6.5;6.88;6.92;6.26;6774496;44995695;2.12;3.15;0.210
20250408;6.71;6.67;6.86;6.56;4761691;31818095;1.49;-1.62;-0.110
20250407;7.2;6.78;7.25;6.78;7446097;51308274;2.33;-9.96;-0.750
20250403;7.48;7.53;7.58;7.42;3935488;29568554;1.23;-0.26;-0.020
20250402;7.56;7.55;7.69;7.45;4643952;35094863;1.45;0.53;0.040
20250401;7.39;7.51;7.66;7.39;3724970;28111503;1.16;1.62;0.120
20250331;7.5;7.39;7.52;7.32;3104970;22956719;0.97;-1.86;-0.140
20250328;7.72;7.53;7.73;7.53;3689200;28064936;1.15;-2.71;-0.210
20250327;7.71;7.74;7.81;7.66;3302834;25555117;1.03;-0.64;-0.050
20250326;7.65;7.79;7.82;7.55;4757810;36780764;1.49;2.64;0.200
20250325;7.6;7.59;7.66;7.49;3600868;27282694;1.13;-0.39;-0.030
20250324;7.75;7.62;7.83;7.46;6486991;49593825;2.03;-1.68;-0.130
20250321;7.81;7.75;7.88;7.72;4087216;31838505;1.28;-0.77;-0.060
20250320;7.84;7.81;7.89;7.79;3707404;29045414;1.16;-0.51;-0.040
20250319;7.93;7.85;7.98;7.81;4858056;38240456;1.52;-1.26;-0.100
20250318;7.9;7.95;7.98;7.83;6069812;47892611;1.9;0.51;0.040
20250317;7.84;7.91;8.0;7.83;7524712;59520386;2.35;0.89;0.070
20250314;7.68;7.84;7.87;7.62;6713204;52143251;2.1;1.95;0.150
20250313;7.82;7.69;7.82;7.56;6529800;50008697;2.04;-1.16;-0.090
20250312;7.76;7.78;7.85;7.76;4790888;37332139;1.5;0.0;0.000
20250311;7.62;7.78;7.79;7.62;4973400;38461243;1.55;0.13;0.010
20250310;7.86;7.77;7.89;7.75;5791568;45199580;1.81;-0.77;-0.060
20250307;7.97;7.83;8.05;7.8;7489044;59233005;2.34;-1.76;-0.140
20250306;7.9;7.97;8.03;7.82;7871797;62647035;2.46;0.89;0.070
20250305;7.91;7.9;7.99;7.77;6011240;47212155;1.88;-0.5;-0.040
20250304;7.86;7.94;8.04;7.78;5512600;43588901;1.72;0.89;0.070
20250303;7.83;7.87;7.95;7.78;6661764;52429624;2.08;1.29;0.100
20250228;8.04;7.77;8.04;7.72;7914280;62321721;2.47;-3.48;-0.280
20250227;8.11;8.05;8.19;7.91;8358288;67202269;2.61;-0.98;-0.080
20250226;8.16;8.13;8.23;8.07;7571532;61548322;2.37;0.25;0.020
20250225;8.13;8.11;8.26;8.06;7319673;59874230;2.29;-1.22;-0.100
20250224;8.24;8.21;8.36;8.16;10143661;83456621;3.17;-0.48;-0.040
20250221;8.31;8.25;8.47;8.1;15100540;124372624;4.72;-1.55;-0.130
20250220;8.0;8.38;8.76;7.99;22992413;193172386;7.18;4.49;0.360
20250219;7.95;8.02;8.05;7.86;7516468;60023875;2.35;1.13;0.090
20250218;8.34;7.93;8.36;7.9;11413900;92731369;3.57;-5.48;-0.460
20250217;8.18;8.39;8.45;8.18;12179460;101392649;3.81;2.57;0.210
20250214;8.34;8.18;8.39;8.15;11234277;92508150;3.51;-2.85;-0.240
20250213;8.34;8.42;8.55;8.25;13113645;109815866;4.1;0.36;0.030
20250212;8.32;8.39;8.41;8.28;10792869;90144676;3.37;-0.94;-0.080
20250211;8.35;8.47;8.55;8.26;14280105;119767629;4.46;1.07;0.090
20250210;8.12;8.38;8.41;8.1;15078069;124878703;4.71;2.82;0.230
20250207;8.12;8.15;8.23;8.03;13655749;111278313;4.27;-0.12;-0.010
20250206;7.95;8.16;8.2;7.87;12016209;96789677;3.75;2.51;0.200
20250205;7.75;7.96;8.08;7.62;11881796;93441714;3.71;2.98;0.230
20250127;7.86;7.73;8.08;7.7;13930260;109423765;4.35;-2.77;-0.220
20250124;7.65;7.95;8.25;7.64;18662948;148531817;5.83;3.25;0.250
20250123;7.79;7.7;8.17;7.7;23414819;184700037;7.32;-3.87;-0.310
20250122;8.41;8.01;8.44;8.01;22534900;183832047;7.04;-10.0;-0.890
20250121;9.75;8.9;9.89;8.54;51753572;475912365;16.17;-1.33;-0.120
20250120;8.37;9.02;9.02;8.13;32381308;280066289;10.12;10.0;0.820
20250117;8.46;8.2;8.58;8.16;32449876;269685934;10.14;-6.39;-0.560
20250116;8.05;8.76;8.76;7.84;41232804;349696213;12.88;10.05;0.800
20250115;7.75;7.96;8.05;7.66;17953438;141500616;5.61;2.71;0.210
20250114;7.45;7.75;7.75;7.43;11900177;90757675;3.72;5.01;0.370
20250113;7.25;7.38;7.54;7.05;7114122;51569977;2.22;0.68;0.050
20250110;7.74;7.33;7.8;7.33;11055733;83302538;3.45;-5.42;-0.420
20250109;7.43;7.75;7.96;7.38;14777735;113960375;4.62;2.65;0.200
20250108;7.38;7.55;7.7;7.2;15229789;113388395;4.76;2.3;0.170
20250107;7.33;7.38;7.42;7.17;15753429;114639844;4.92;-0.54;-0.040
20250106;7.03;7.42;7.84;6.77;21288246;158657597;6.65;4.07;0.290
20250103;7.6;7.13;7.65;7.09;13300468;96775025;4.16;-6.8;-0.520
20250102;7.6;7.65;7.82;7.51;9601503;73701957;3.0;0.92;0.070