20251022;15.3;15.41;15.58;15.19;7206980;110868113;5.14;1.12;0.170
20251021;15.11;15.24;15.25;14.98;5223220;79049177;3.73;0.46;0.070
20251020;15.19;15.17;15.29;14.92;5579440;83982722;3.98;1.74;0.260
20251017;14.95;14.91;15.35;14.9;7261278;109645342;5.18;0.07;0.010
20251016;15.16;14.9;15.19;14.77;6249540;93216686;4.46;-1.65;-0.250
20251015;15.38;15.15;15.4;15.02;7234664;109434665;5.16;-1.5;-0.230
20251014;14.99;15.38;15.52;14.84;12361352;188549969;8.82;3.64;0.540
20251013;14.7;14.84;14.96;14.38;6216792;91830789;4.44;-1.2;-0.180
20251010;14.6;15.02;15.28;14.52;10588160;159390198;7.56;2.39;0.350
20251009;14.25;14.67;14.86;14.1;9535686;139237535;6.81;5.39;0.750
20250930;14.0;13.92;14.11;13.9;2704196;37836854;1.93;-0.5;-0.070
20250929;13.9;13.99;14.1;13.58;3650112;50868883;2.61;1.23;0.170
20250926;13.88;13.82;14.07;13.67;3476916;48295767;2.48;-0.58;-0.080
20250925;14.21;13.9;14.31;13.89;4749576;66710427;3.39;-2.18;-0.310
20250924;14.4;14.21;14.4;14.12;4251592;60500674;3.04;-0.35;-0.050
20250923;14.23;14.26;14.32;13.9;4417740;62381956;3.15;-0.83;-0.120
20250922;14.61;14.38;14.66;14.25;4814732;69202473;3.44;-2.04;-0.300
20250919;14.6;14.68;15.05;14.58;6444547;95951781;4.6;0.55;0.080
20250918;14.8;14.6;14.86;14.39;5349170;78528511;3.82;-1.35;-0.200
20250917;15.08;14.8;15.1;14.77;5849559;86977464;4.18;-2.37;-0.360
20250916;15.1;15.16;15.24;14.87;9432932;142646437;6.73;1.88;0.280
20250915;14.88;14.88;15.24;14.57;5490500;81218228;3.92;-0.13;-0.020
20250912;14.91;14.9;15.08;14.86;4610680;68970157;3.29;0.2;0.030
20250911;14.88;14.87;14.93;14.68;5247200;77619263;3.75;-0.4;-0.060
20250910;14.44;14.93;14.94;14.41;6026638;88837586;4.3;2.97;0.430
20250909;14.67;14.5;14.77;14.44;3376656;49289277;2.41;-1.23;-0.180
20250908;14.49;14.68;14.77;14.45;4302452;62935509;3.07;1.31;0.190
20250905;14.3;14.49;14.5;14.04;4870048;69603111;3.48;1.4;0.200
20250904;13.98;14.29;14.53;13.98;5949368;85245708;4.25;2.29;0.320
20250903;14.65;13.97;14.77;13.93;6156648;88258367;4.4;-4.58;-0.670
20250902;14.69;14.64;14.86;14.4;4726400;68995047;3.37;-1.15;-0.170
20250901;14.68;14.81;14.97;14.55;4415300;65315102;3.15;0.89;0.130
20250829;14.75;14.68;14.79;14.5;5052432;73956417;3.61;-0.54;-0.080
20250828;14.8;14.76;14.97;14.1;8238180;119949565;5.88;-0.27;-0.040
20250827;15.39;14.8;15.45;14.8;9787700;148175577;6.99;-4.39;-0.680
20250826;15.37;15.48;15.56;15.23;7062880;109086148;5.04;0.98;0.150
20250825;15.4;15.33;15.4;15.18;9544716;145736749;6.81;-0.9;-0.140
20250822;15.5;15.47;15.65;15.21;10340776;159333608;7.3;-0.71;-0.110
20250821;15.42;15.58;15.71;15.32;10244476;158919462;7.23;1.17;0.180
20250820;15.18;15.4;15.5;15.11;8932152;137175947;6.31;1.32;0.200
20250819;15.15;15.2;15.25;15.05;8909936;135120493;6.29;0.33;0.050
20250818;15.01;15.15;15.28;14.97;11196646;169776663;7.9;0.33;0.050
20250815;15.08;15.1;15.18;14.91;12832310;193353893;9.06;0.13;0.020
20250814;15.58;15.08;15.78;15.07;21814904;334360399;15.4;-4.74;-0.750
20250813;16.54;15.83;16.96;15.72;30625172;493408819;21.62;-4.41;-0.730
20250812;19.26;16.56;19.26;16.47;44045436;783519365;31.09;-5.43;-0.950
20250811;16.99;17.51;17.51;16.82;11514232;198964046;8.13;9.99;1.590
20250808;14.36;15.92;15.92;14.15;18100566;274121870;12.78;10.02;1.450
20250807;14.45;14.47;14.55;14.32;5400584;78069353;3.81;0.98;0.140
20250806;14.47;14.33;14.53;14.29;5752244;82516808;4.06;-1.04;-0.150
20250805;14.09;14.48;14.79;14.02;11514472;166120958;8.13;3.5;0.490
20250804;13.81;13.99;14.13;13.71;5139814;71937228;3.63;1.01;0.140
20250801;13.78;13.85;14.15;13.75;4993560;69735099;3.53;1.09;0.150
20250731;14.07;13.7;14.13;13.53;4894680;68111591;3.46;-2.49;-0.350
20250730;14.04;14.05;14.57;13.88;6850902;97288393;4.84;0.14;0.020
20250729;14.15;14.03;14.25;13.82;6432740;89938548;4.54;-1.41;-0.200
20250728;14.09;14.23;14.24;13.88;7002852;98458757;4.94;0.57;0.080
20250725;14.33;14.15;14.45;14.02;12030212;170268499;8.49;-3.02;-0.440
20250724;14.05;14.59;14.85;13.95;16444008;237824558;11.61;4.44;0.620
20250723;14.05;13.97;14.34;13.91;10915820;153930674;7.71;0.14;0.020
20250722;14.05;13.95;14.24;13.86;8886520;124219831;6.27;-0.71;-0.100
20250721;13.57;14.05;14.07;13.51;8895940;123367172;6.28;3.38;0.460
20250718;13.65;13.59;13.68;13.48;3290100;44663666;2.32;0.0;0.000
20250717;13.58;13.59;13.72;13.49;4119327;56008995;2.91;0.07;0.010
20250716;13.39;13.58;13.79;13.35;5403280;73599610;3.81;1.49;0.200
20250715;13.8;13.38;13.85;13.36;7395083;100267168;5.22;-3.67;-0.510
20250714;13.57;13.89;14.15;13.52;9547288;133089900;6.74;2.06;0.280
20250711;13.69;13.61;13.76;13.41;5490478;74434471;3.88;-1.09;-0.150
20250710;13.74;13.76;13.85;13.61;4524808;62236638;3.19;0.15;0.020
20250709;13.75;13.74;13.87;13.71;5214820;71850413;3.68;-0.51;-0.070
20250708;13.74;13.81;13.85;13.66;5186820;71334472;3.66;0.29;0.040
20250707;13.43;13.77;13.84;13.31;6275956;85884809;4.43;1.92;0.260
20250704;13.73;13.51;13.88;13.47;8308246;112812942;5.87;-1.6;-0.220
20250703;13.93;13.73;14.05;13.72;9859992;136833118;6.96;-2.49;-0.350
20250702;14.31;14.08;14.34;13.87;12048088;169819671;8.51;1.0;0.140
20250701;14.09;13.94;14.09;13.72;10065492;140057447;7.11;-1.13;-0.160
20250630;14.01;14.1;14.12;13.9;9622504;134971470;6.79;0.0;0.000
20250627;14.1;14.1;14.33;13.93;12591440;177340083;8.89;-0.98;-0.140
20250626;14.35;14.24;14.38;13.92;20560144;291009904;14.51;-3.13;-0.460
20250625;13.86;14.7;15.1;13.55;31558343;448107026;22.28;3.01;0.430
20250624;15.12;14.3;15.82;14.27;39794895;594695575;28.09;-9.84;-1.560
20250623;15.86;15.86;15.86;15.86;3672264;58242107;2.59;9.99;1.440
20250620;13.04;14.42;14.42;12.81;15275203;215847250;10.78;9.99;1.310
20250619;13.65;13.11;13.77;12.62;19441358;253502759;13.72;-3.89;-0.530
20250618;14.33;13.64;14.33;13.48;23505898;322808170;16.59;-5.74;-0.830
20250617;13.12;14.47;14.47;12.92;21275360;290875560;15.02;10.04;1.320
20250616;13.13;13.15;13.34;12.88;10186110;133556205;7.19;0.54;0.070
20250613;13.33;13.08;13.44;12.95;8614166;112996592;6.08;-2.68;-0.360
20250612;13.0;13.44;13.54;12.93;12268646;163030095;8.66;2.28;0.300
20250611;13.52;13.14;13.75;13.05;16016526;213507895;11.31;-2.01;-0.270
20250610;13.5;13.41;13.71;13.21;12231374;164046777;8.63;-0.45;-0.060
20250609;13.45;13.47;13.54;13.29;12130918;162857773;8.56;-1.61;-0.220
20250606;13.11;13.69;14.2;13.11;21437414;292323781;15.13;3.71;0.490
20250605;12.9;13.2;13.98;12.81;16264144;216238606;11.48;2.09;0.270
20250604;12.86;12.93;12.99;12.74;6372968;82063237;4.5;-0.23;-0.030
20250603;13.1;12.96;13.16;12.62;9649400;125202131;6.81;0.15;0.020
20250530;12.7;12.94;13.15;12.55;9971846;128082176;7.04;1.73;0.220
20250529;12.41;12.72;12.85;12.38;8510456;108129098;6.01;2.33;0.290
20250528;12.46;12.43;12.92;12.35;7140940;89539336;5.04;-0.24;-0.030
20250527;12.17;12.46;12.51;12.12;6981508;86027097;4.93;1.88;0.230
20250526;11.94;12.23;12.3;11.87;5970790;72604999;4.22;2.95;0.350
20250523;12.0;11.88;12.17;11.81;6046552;72428144;4.27;-0.92;-0.110
20250522;12.18;11.99;12.38;11.97;5674260;68885348;4.01;-2.99;-0.370
20250521;12.33;12.36;12.45;12.16;6961208;85652579;4.91;0.24;0.030
20250520;12.12;12.33;12.35;12.03;6255392;76467645;4.42;0.82;0.100
20250519;12.24;12.23;12.45;12.02;6556284;79995549;4.63;-0.08;-0.010
20250516;12.47;12.24;12.57;12.2;9050676;111161104;6.39;-2.63;-0.330
20250515;13.04;12.57;13.06;12.45;13903340;176204374;9.81;-2.78;-0.360
20250514;12.29;12.93;12.95;12.16;17593464;222533750;12.42;4.19;0.520
20250513;12.48;12.41;12.88;12.2;8918920;110809223;6.3;0.16;0.020
20250512;12.22;12.39;13.0;12.21;10461020;130142683;7.38;0.32;0.040
20250509;13.0;12.35;13.07;12.33;15402008;194181443;10.87;-4.34;-0.560
20250508;12.57;12.91;13.02;12.44;16273912;208359172;11.49;2.3;0.290
20250507;13.41;12.62;13.41;12.34;22485958;288522757;15.87;1.61;0.200
20250506;12.19;12.42;12.68;12.08;14166320;174353506;10.0;3.93;0.470
20250430;12.05;11.95;12.18;11.82;10586084;126774037;7.47;-1.81;-0.220
20250429;12.29;12.17;12.86;11.78;15322456;188783913;10.82;-2.64;-0.330
20250428;12.18;12.5;12.88;12.11;18710204;233433912;13.21;1.71;0.210
20250425;11.86;12.29;12.51;11.65;18175693;221503043;12.83;3.02;0.360
20250424;11.9;11.93;12.5;11.82;15916617;192303019;11.24;1.71;0.200
20250423;11.91;11.73;12.03;11.62;14340514;168806928;10.12;-3.14;-0.380
20250422;11.5;12.11;12.26;11.5;21775100;262121649;15.37;5.95;0.680
20250421;11.31;11.43;11.48;11.3;8988822;102475249;6.35;0.35;0.040
20250418;11.76;11.39;11.76;11.28;13466864;154446962;9.51;-3.06;-0.360
20250417;11.82;11.75;11.9;11.58;16297416;190517327;11.51;-3.29;-0.400
20250416;11.88;12.15;12.5;11.7;20205064;245161638;14.26;1.67;0.200
20250415;12.99;11.95;13.08;11.95;28262986;348853981;19.95;-10.02;-1.330
20250414;13.28;13.28;14.26;13.28;35445059;479133164;25.02;-9.97;-1.470
20250411;14.94;14.75;15.96;13.79;50915717;760257452;35.94;1.65;0.240
20250410;14.51;14.51;14.51;14.51;1462504;21220933;1.03;10.01;1.320
20250409;13.19;13.19;13.19;12.85;14814887;195261342;10.46;10.01;1.200
20250408;10.7;11.99;11.99;10.7;18025602;204833249;12.73;10.0;1.090
20250407;10.9;10.9;11.88;10.65;23840686;266769774;16.83;-4.13;-0.470
20250403;10.28;11.37;11.37;10.19;11239514;124162414;7.93;9.96;1.030
20250402;10.33;10.34;10.62;10.25;2929328;30507041;2.07;-0.19;-0.020
20250401;10.03;10.36;10.74;10.02;5401916;56320457;3.81;3.81;0.380
20250331;9.96;9.98;10.06;9.71;3179500;31377592;2.24;-0.6;-0.060
20250328;10.42;10.04;10.42;10.02;3017870;30655663;2.13;-3.46;-0.360
20250327;10.61;10.4;10.65;10.27;2842880;29608092;2.01;-1.98;-0.210
20250326;10.15;10.61;10.7;10.13;5528516;58147001;3.9;4.53;0.460
20250325;10.28;10.15;10.42;10.0;4632794;46950839;3.27;-0.78;-0.080
20250324;11.11;10.23;11.2;10.03;6781520;70584195;4.79;-8.17;-0.910
20250321;11.25;11.14;11.36;10.98;3473928;38644304;2.45;-1.5;-0.170
20250320;11.28;11.31;11.41;11.16;2951300;33351447;2.08;-0.18;-0.020
20250319;11.42;11.33;11.48;11.19;3358000;38136169;2.37;-1.65;-0.190
20250318;11.6;11.52;11.87;11.41;3852536;44597893;2.72;0.26;0.030
20250317;11.3;11.49;11.5;11.22;3309304;37645374;2.34;1.5;0.170
20250314;11.11;11.32;11.33;11.1;3173764;35581133;2.24;1.34;0.150
20250313;11.21;11.17;11.39;11.01;4700404;52610287;3.32;-0.98;-0.110
20250312;10.88;11.28;11.6;10.84;7461320;83805867;5.27;3.58;0.390
20250311;10.68;10.89;10.93;10.62;2850988;30717501;2.01;1.59;0.170
20250310;10.65;10.72;10.79;10.61;3136616;33568213;2.21;0.19;0.020
20250307;10.87;10.7;10.94;10.67;3049084;32926771;2.15;-1.47;-0.160
20250306;10.95;10.86;11.0;10.7;4334544;47100359;3.06;-0.82;-0.090
20250305;10.81;10.95;11.04;10.61;4675958;50547666;3.3;0.37;0.040
20250304;10.49;10.91;11.0;10.45;5593900;60444426;3.95;3.31;0.350
20250303;10.53;10.56;10.82;10.47;4195884;44742353;2.96;1.05;0.110
20250228;10.64;10.45;10.73;10.38;3015400;31759728;2.13;-1.88;-0.200
20250227;10.7;10.65;10.83;10.44;3631148;38543637;2.56;-0.75;-0.080
20250226;10.76;10.73;10.92;10.64;4050328;43553347;2.86;-0.28;-0.030
20250225;10.62;10.76;11.04;10.6;5693000;61464930;4.02;0.09;0.010
20250224;10.48;10.75;11.12;10.42;6705799;71867928;4.73;2.19;0.230
20250221;10.68;10.52;10.7;10.35;4006340;42004749;2.83;-1.68;-0.180
20250220;10.62;10.7;10.9;10.46;3908800;41694493;2.76;1.42;0.150
20250219;10.31;10.55;10.6;10.21;3045740;31978475;2.15;2.33;0.240
20250218;10.57;10.31;10.67;10.27;3363916;35257395;2.37;-2.46;-0.260
20250217;10.39;10.57;10.63;10.39;3329508;35091066;2.35;1.93;0.200
20250214;10.4;10.37;10.56;10.3;1921320;19994304;1.36;-0.77;-0.080
20250213;10.61;10.45;10.64;10.41;2371520;24878381;1.67;-1.14;-0.120
20250212;10.5;10.57;10.63;10.48;2400200;25334828;1.69;0.0;0.000
20250211;10.68;10.57;10.68;10.46;2896648;30550706;2.04;-0.38;-0.040
20250210;10.49;10.61;10.8;10.49;3751424;39818258;2.65;1.24;0.130
20250207;10.52;10.48;10.6;10.33;3779080;39711302;2.67;-0.19;-0.020
20250206;10.5;10.5;10.5;10.3;3677891;38303884;2.6;0.57;0.060
20250205;10.15;10.44;10.52;10.1;4800556;49520155;3.39;3.67;0.370
20250127;10.24;10.07;10.43;10.05;4244260;43497722;3.0;0.5;0.050
20250124;9.91;10.02;10.08;9.78;3110188;30894942;2.2;0.4;0.040
20250123;10.16;9.98;10.26;9.95;4878714;49473925;3.44;-0.5;-0.050
20250122;10.0;10.03;10.31;9.83;3971326;39500577;2.8;-0.3;-0.030
20250121;10.38;10.06;10.44;9.97;4288096;43444518;3.03;-1.47;-0.150
20250120;9.85;10.21;10.28;9.81;4557080;46164123;3.22;3.65;0.360
20250117;9.7;9.85;9.87;9.57;4080496;39575100;2.88;0.61;0.060
20250116;9.8;9.79;9.95;9.67;3914436;38434159;2.76;1.45;0.140
20250115;9.82;9.65;9.82;9.52;4410116;42434166;3.11;0.1;0.010
20250114;9.25;9.64;9.64;9.19;5020300;47613503;3.54;5.59;0.510
20250113;9.0;9.13;9.25;8.79;4615600;41833419;3.26;-0.65;-0.060
20250110;9.67;9.19;9.74;9.19;2789056;26378856;1.97;-4.96;-0.480
20250109;9.69;9.67;9.79;9.59;2078440;20140548;1.47;-0.1;-0.010
20250108;9.65;9.68;9.9;9.38;3149400;30336139;2.22;-0.92;-0.090
20250107;9.39;9.77;9.79;9.36;3785800;36300657;2.67;3.83;0.360
20250106;9.58;9.41;9.61;9.03;3940880;36948117;2.78;-1.98;-0.190
20250103;10.1;9.6;10.22;9.41;4837900;47160937;3.42;-4.76;-0.480
20250102;10.28;10.08;10.55;9.92;4126332;42384956;2.91;-2.33;-0.240