20251022;4.47;4.45;4.55;4.43;15997030;71674230;1.74;-0.67;-0.030
20251021;4.35;4.48;4.49;4.35;28565949;126787782;3.11;2.99;0.130
20251020;4.24;4.35;4.36;4.22;18499934;79594212;2.01;3.82;0.160
20251017;4.27;4.19;4.29;4.19;9933537;42125857;1.08;-1.64;-0.070
20251016;4.27;4.26;4.31;4.24;7977110;34060359;0.87;-0.93;-0.040
20251015;4.25;4.3;4.3;4.21;11911270;50961727;1.3;1.65;0.070
20251014;4.26;4.23;4.31;4.21;11519787;49031785;1.25;-0.24;-0.010
20251013;4.19;4.24;4.25;4.12;12441751;52320488;1.35;-0.93;-0.040
20251010;4.2;4.28;4.31;4.19;13479742;57530461;1.47;1.18;0.050
20251009;4.2;4.23;4.23;4.14;10418400;43676116;1.13;0.71;0.030
20250930;4.21;4.2;4.24;4.17;9777007;41193407;1.06;0.24;0.010
20250929;4.15;4.19;4.2;4.06;13611657;56584493;1.48;1.45;0.060
20250926;4.14;4.13;4.2;4.1;11581065;48121179;1.26;-0.72;-0.030
20250925;4.22;4.16;4.24;4.14;14258942;59613016;1.55;-1.19;-0.050
20250924;4.18;4.21;4.22;4.13;13165454;55119417;1.43;0.72;0.030
20250923;4.26;4.18;4.26;4.09;15850148;65745326;1.73;-1.65;-0.070
20250922;4.27;4.25;4.29;4.2;12016144;50925514;1.31;-0.47;-0.020
20250919;4.36;4.27;4.39;4.24;20736142;88852471;2.26;-1.84;-0.080
20250918;4.49;4.35;4.53;4.34;23239056;103138294;2.53;-2.68;-0.120
20250917;4.5;4.47;4.52;4.45;16116261;72199090;1.75;-0.67;-0.030
20250916;4.41;4.5;4.51;4.38;23386570;104331340;2.55;2.27;0.100
20250915;4.45;4.4;4.45;4.37;20575652;90480823;2.24;-1.57;-0.070
20250912;4.55;4.47;4.56;4.46;29113939;130876466;3.17;-1.76;-0.080
20250911;4.47;4.55;4.57;4.38;34486018;154769933;3.75;1.79;0.080
20250910;4.41;4.47;4.47;4.37;15461253;68583680;1.68;1.59;0.070
20250909;4.45;4.4;4.47;4.38;13785872;60874661;1.5;-1.12;-0.050
20250908;4.44;4.45;4.48;4.41;14456920;64217538;1.57;0.45;0.020
20250905;4.43;4.43;4.44;4.3;16294417;71473222;1.77;0.91;0.040
20250904;4.36;4.39;4.46;4.33;16944361;74677060;1.84;0.46;0.020
20250903;4.49;4.37;4.49;4.34;18633495;82256528;2.03;-2.02;-0.090
20250902;4.56;4.46;4.56;4.4;24584795;109725843;2.68;-1.98;-0.090
20250901;4.53;4.55;4.6;4.47;19927367;90655760;2.17;0.44;0.020
20250829;4.57;4.53;4.64;4.52;29589018;135574155;3.22;-0.88;-0.040
20250828;4.52;4.57;4.61;4.33;44544985;200012905;4.85;1.11;0.050
20250827;4.72;4.52;4.74;4.51;36188130;167452868;3.94;-4.24;-0.200
20250826;4.72;4.72;4.76;4.7;26335018;124405731;2.87;-0.21;-0.010
20250825;4.78;4.73;4.8;4.7;29913904;141636493;3.26;-1.05;-0.050
20250822;4.84;4.78;4.88;4.72;41482976;197993985;4.52;-2.65;-0.130
20250821;4.85;4.91;5.0;4.82;57565032;283479323;6.27;1.45;0.070
20250820;4.7;4.84;4.89;4.7;43925004;210632235;4.78;1.89;0.090
20250819;4.63;4.75;4.81;4.62;40593443;191624921;4.42;2.15;0.100
20250818;4.65;4.65;4.69;4.6;34508395;160309569;3.76;-0.21;-0.010
20250815;4.59;4.66;4.68;4.57;29751515;138093111;3.24;1.08;0.050
20250814;4.73;4.61;4.73;4.56;36988123;171139481;4.03;-2.95;-0.140
20250813;4.76;4.75;4.79;4.66;34066668;160246720;3.71;0.42;0.020
20250812;4.83;4.73;4.84;4.7;38797200;184737507;4.22;-2.27;-0.110
20250811;4.69;4.84;4.87;4.6;60679146;288289408;6.61;1.47;0.070
20250808;4.7;4.77;4.82;4.66;53722446;254571355;5.85;1.49;0.070
20250807;4.68;4.7;4.78;4.55;50661078;237415702;5.52;-0.84;-0.040
20250806;4.68;4.74;4.78;4.59;56682061;265876240;6.17;1.07;0.050
20250805;4.59;4.69;4.86;4.58;89285636;421198744;9.72;1.52;0.070
20250804;4.44;4.62;4.65;4.37;60393775;274354676;6.58;3.13;0.140
20250801;4.38;4.48;4.49;4.32;46220552;205103849;5.03;2.05;0.090
20250731;4.48;4.39;4.57;4.38;54790807;245810859;5.97;-0.45;-0.020
20250730;4.38;4.41;4.46;4.31;40861012;179381424;4.45;0.23;0.010
20250729;4.59;4.4;4.79;4.36;72020455;324970322;7.84;-2.65;-0.120
20250728;4.49;4.52;4.52;4.44;21518582;96605140;2.34;0.89;0.040
20250725;4.5;4.48;4.5;4.42;21198470;94515952;2.31;-0.44;-0.020
20250724;4.42;4.5;4.51;4.4;34359974;153863696;3.74;1.35;0.060
20250723;4.38;4.44;4.54;4.34;43212494;191812995;4.7;1.37;0.060
20250722;4.4;4.38;4.4;4.29;31918483;138977238;3.48;0.23;0.010
20250721;4.3;4.37;4.37;4.28;21710286;94161872;2.36;2.1;0.090
20250718;4.31;4.28;4.33;4.26;14715350;63133644;1.6;-0.7;-0.030
20250717;4.26;4.31;4.32;4.22;17987596;77259385;1.96;0.94;0.040
20250716;4.24;4.27;4.28;4.21;16960200;72116253;1.85;0.95;0.040
20250715;4.33;4.23;4.35;4.18;33640540;142508019;3.66;-2.53;-0.110
20250714;4.4;4.34;4.41;4.32;37942210;164934680;4.13;-2.03;-0.090
20250711;4.48;4.43;4.58;4.41;70213856;314917877;7.64;0.91;0.040
20250710;4.29;4.39;4.55;4.27;43359543;189167714;4.72;2.57;0.110
20250709;4.4;4.28;4.42;4.27;24568939;106646860;2.67;-1.15;-0.050
20250708;4.26;4.33;4.33;4.25;24561839;105590023;2.67;1.64;0.070
20250707;4.25;4.26;4.28;4.21;19351280;82232512;2.11;0.24;0.010
20250704;4.34;4.25;4.45;4.25;30436592;131373710;3.31;-2.52;-0.110
20250703;4.33;4.36;4.38;4.28;33411611;144573037;3.64;0.0;0.000
20250702;4.29;4.36;4.48;4.25;43695775;189899159;4.76;1.4;0.060
20250701;4.29;4.3;4.31;4.24;18395050;78725602;2.0;0.23;0.010
20250630;4.27;4.29;4.29;4.23;16812050;71810639;1.83;0.7;0.030
20250627;4.26;4.26;4.32;4.23;23818753;101862336;2.59;-0.23;-0.010
20250626;4.26;4.27;4.3;4.23;25309554;107859743;2.76;0.23;0.010
20250625;4.39;4.26;4.45;4.24;33750100;144989357;3.67;1.19;0.050
20250624;4.14;4.21;4.21;4.14;19794665;82812013;2.16;1.94;0.080
20250623;4.04;4.13;4.14;3.99;17385800;71194412;1.89;1.23;0.050
20250620;4.1;4.08;4.13;4.06;19198450;78471474;2.09;0.49;0.020
20250619;4.18;4.06;4.23;4.06;35069510;144491584;3.82;-4.02;-0.170
20250618;4.35;4.23;4.42;4.22;40886060;175165735;4.45;-2.53;-0.110
20250617;4.36;4.34;4.58;4.33;45360160;199370358;4.94;0.93;0.040
20250616;4.29;4.3;4.34;4.27;22569501;97404312;2.46;-0.23;-0.010
20250613;4.47;4.31;4.48;4.26;44750200;194006165;4.87;-3.79;-0.170
20250612;4.51;4.48;4.54;4.44;32640801;146046757;3.55;-1.1;-0.050
20250611;4.57;4.53;4.62;4.51;37777091;171926842;4.11;-0.66;-0.030
20250610;4.75;4.56;4.77;4.52;65472241;302819816;7.13;-2.36;-0.110
20250609;4.57;4.67;4.76;4.57;71611080;333811084;7.8;3.32;0.150
20250606;4.55;4.52;4.61;4.47;53078991;239583353;5.78;-1.95;-0.090
20250605;4.64;4.61;4.75;4.58;73589931;341402575;8.01;-1.91;-0.090
20250604;4.61;4.7;4.77;4.52;99381569;458276489;10.82;-1.67;-0.080
20250603;4.44;4.78;4.96;4.38;166279688;778322393;18.1;5.75;0.260
20250530;4.24;4.52;4.52;4.24;87611896;392231365;9.54;9.98;0.410
20250529;4.06;4.11;4.13;4.05;17123193;70260691;1.86;0.98;0.040
20250528;4.15;4.07;4.16;4.05;24237960;98940189;2.63;-1.69;-0.070
20250527;4.13;4.14;4.21;4.1;21892350;90860337;2.38;0.73;0.030
20250526;4.09;4.11;4.14;4.04;21383931;87414947;2.32;-0.24;-0.010
20250523;4.21;4.12;4.25;4.09;27015123;112547918;2.93;-1.9;-0.080
20250522;4.31;4.2;4.38;4.18;35261640;150593134;3.83;-3.0;-0.130
20250521;4.36;4.33;4.4;4.29;38764259;167773536;4.21;-1.81;-0.080
20250520;4.29;4.41;4.44;4.26;55266267;241680559;6.0;2.8;0.120
20250519;4.25;4.29;4.32;4.19;35577849;151360079;3.86;0.0;0.000
20250516;4.16;4.29;4.31;4.08;56181303;236970091;6.1;3.37;0.140
20250515;4.19;4.15;4.23;4.13;29441400;122723758;3.2;-1.89;-0.080
20250514;4.12;4.23;4.33;4.09;43780848;184818220;4.76;2.42;0.100
20250513;4.12;4.13;4.2;4.11;26447961;109756858;2.87;0.49;0.020
20250512;4.13;4.11;4.15;4.06;22733030;93133156;2.47;0.74;0.030
20250509;4.23;4.08;4.23;4.07;25390220;104046188;2.76;-2.63;-0.110
20250508;4.17;4.19;4.25;4.13;34561128;145322054;3.75;0.24;0.010
20250507;4.27;4.18;4.39;4.15;60086100;256036058;6.53;1.46;0.060
20250506;3.96;4.12;4.12;3.96;35590205;144923371;3.87;4.3;0.170
20250430;3.94;3.95;4.05;3.91;24175023;96117692;2.63;1.28;0.050
20250429;3.9;3.9;3.94;3.86;21426691;83782689;2.33;-0.26;-0.010
20250428;4.13;3.91;4.15;3.91;47976400;190570380;5.21;-5.56;-0.230
20250425;4.05;4.14;4.38;4.01;61218009;255034269;6.65;2.99;0.120
20250424;4.2;4.02;4.22;4.02;49624846;203697232;5.39;-5.19;-0.220
20250423;4.22;4.24;4.59;4.21;61064883;263487605;6.63;-0.47;-0.020
20250422;4.2;4.26;4.38;4.12;73683358;311698085;8.0;0.95;0.040
20250421;4.21;4.22;4.39;4.03;93505549;392777676;10.16;-1.63;-0.070
20250418;4.19;4.29;4.46;4.19;122665895;536537108;13.32;5.93;0.240
20250417;3.82;4.05;4.24;3.79;79937140;325645096;8.68;5.19;0.200
20250416;3.93;3.85;4.02;3.81;34949080;136031020;3.8;-2.78;-0.110
20250415;4.05;3.96;4.12;3.93;34450900;137245482;3.74;0.25;0.010
20250414;3.9;3.95;4.0;3.84;41405508;163192194;4.5;3.13;0.120
20250411;3.87;3.83;3.97;3.83;55582094;215964316;6.04;-3.04;-0.120
20250410;3.69;3.95;3.95;3.63;50131677;192893566;5.44;10.03;0.360
20250409;3.51;3.59;3.62;3.2;40403010;139185088;4.39;1.41;0.050
20250408;3.5;3.54;3.69;3.45;34358714;122135617;3.73;-2.48;-0.090
20250407;3.8;3.63;3.85;3.63;22929828;84306775;2.49;-9.93;-0.400
20250403;4.0;4.03;4.09;3.98;23028966;92834434;2.5;-0.25;-0.010
20250402;4.04;4.04;4.1;4.02;18334500;74361741;1.99;-0.25;-0.010
20250401;4.1;4.05;4.15;4.04;28032510;114886742;3.04;-1.22;-0.050
20250331;4.05;4.1;4.11;4.01;28655520;116521272;3.11;0.74;0.030
20250328;4.24;4.07;4.26;4.06;42577943;176414792;4.62;-4.24;-0.180
20250327;4.38;4.25;4.44;4.25;47713880;205811847;5.18;-4.06;-0.180
20250326;4.55;4.43;4.63;4.41;57248393;259352041;6.22;-4.73;-0.220
20250325;4.48;4.65;4.65;4.2;93653158;418338388;10.17;3.79;0.170
20250324;4.33;4.48;4.54;4.28;56711018;249462225;6.16;2.05;0.090
20250321;4.64;4.39;4.64;4.39;66994781;302421881;7.28;-8.16;-0.390
20250320;4.63;4.78;4.9;4.57;106015505;496863661;11.51;0.84;0.040
20250319;4.98;4.74;5.05;4.71;128714169;626843678;13.98;-8.85;-0.460
20250318;5.59;5.2;5.76;5.09;193035588;1040314410;20.97;-6.98;-0.390
20250317;5.56;5.59;5.59;5.33;68811701;381233128;7.47;10.04;0.510
20250314;4.76;5.08;5.08;4.43;120101883;567351207;13.04;9.96;0.460
20250313;4.43;4.62;4.81;4.34;115352601;530860163;12.53;2.67;0.120
20250312;4.54;4.5;4.56;4.38;103279167;459990615;11.22;-1.32;-0.060
20250311;4.38;4.56;4.85;4.38;144246651;657959933;15.67;-4.8;-0.230
20250310;4.78;4.79;4.79;4.66;45130264;215835283;4.9;10.11;0.440
20250307;3.98;4.35;4.35;3.94;90380422;379553739;9.82;10.13;0.400
20250306;3.98;3.95;4.0;3.86;62977987;247454753;6.84;0.0;0.000
20250305;4.0;3.95;4.31;3.86;79605454;319790937;8.65;-1.0;-0.040
20250304;4.0;3.99;4.11;3.95;78619727;314742840;8.54;-3.62;-0.150
20250303;3.84;4.14;4.38;3.78;127180525;509405498;13.81;3.76;0.150
20250228;3.92;3.99;4.17;3.7;132588307;526865926;14.4;5.28;0.200
20250227;3.74;3.79;3.98;3.72;59837509;227772183;6.51;1.88;0.070
20250226;3.69;3.72;3.75;3.68;19570787;72611489;2.13;1.92;0.070
20250225;3.61;3.65;3.71;3.58;21169194;77591881;2.3;0.27;0.010
20250224;3.61;3.64;3.67;3.58;17205390;62380932;1.87;1.11;0.040
20250221;3.69;3.6;3.7;3.58;24791843;89554180;2.7;-2.7;-0.100
20250220;3.64;3.7;3.71;3.63;22193270;81628827;2.41;1.65;0.060
20250219;3.64;3.64;3.69;3.62;25107236;91461618;2.73;0.0;0.000
20250218;3.8;3.64;3.85;3.61;25451623;94570646;2.77;-3.96;-0.150
20250217;3.67;3.79;3.81;3.67;28952363;108931915;3.15;2.71;0.100
20250214;3.68;3.69;3.8;3.67;27306450;101864548;2.97;0.27;0.010
20250213;3.64;3.68;3.74;3.6;18446311;67615346;2.01;0.82;0.030
20250212;3.63;3.65;3.67;3.59;14447368;52435827;1.57;0.55;0.020
20250211;3.68;3.63;3.71;3.58;14902476;53866859;1.62;-1.09;-0.040
20250210;3.57;3.67;3.67;3.56;27140486;98322586;2.95;3.97;0.140
20250207;3.47;3.53;3.56;3.46;19187253;67408588;2.09;2.02;0.070
20250206;3.38;3.46;3.46;3.3;16756778;56814956;1.82;2.37;0.080
20250205;3.3;3.38;3.41;3.29;15206780;51246900;1.65;2.74;0.090
20250127;3.36;3.29;3.42;3.29;17233436;57783407;1.87;-1.5;-0.050
20250124;3.33;3.34;3.37;3.28;21389150;71116224;2.33;-1.76;-0.060
20250123;3.45;3.4;3.51;3.4;14932637;51588807;1.62;-0.29;-0.010
20250122;3.46;3.41;3.48;3.39;12724880;43582192;1.38;-2.29;-0.080
20250121;3.61;3.49;3.63;3.47;18389203;64625184;2.0;-2.24;-0.080
20250120;3.57;3.57;3.62;3.49;22704400;81162737;2.47;1.13;0.040
20250117;3.59;3.53;3.6;3.51;21969503;77714262;2.39;-1.94;-0.070
20250116;3.55;3.6;3.65;3.54;27039093;97257014;2.94;0.84;0.030
20250115;3.52;3.57;3.63;3.47;33354950;118430385;3.63;0.85;0.030
20250114;3.36;3.54;3.55;3.34;37606130;129509274;4.09;5.99;0.200
20250113;3.27;3.34;3.36;3.21;30501387;100654560;3.32;-0.6;-0.020
20250110;3.66;3.36;3.72;3.35;59064315;206691621;6.42;-6.93;-0.250
20250109;3.56;3.61;3.85;3.55;85396576;311329397;9.29;-3.48;-0.130
20250108;3.7;3.74;3.74;3.61;42328399;157817752;4.6;10.0;0.340
20250107;3.31;3.4;3.4;3.27;17571279;58458514;1.91;3.66;0.120
20250106;3.29;3.28;3.33;3.15;18547446;60355955;2.02;-0.61;-0.020
20250103;3.53;3.3;3.58;3.28;31578223;106442235;3.43;-5.98;-0.210
20250102;3.45;3.51;3.65;3.44;33042373;118210551;3.59;1.45;0.050