20251022;26.97;26.96;27.09;26.84;586260;15814699;0.26;0.19;0.050
20251021;26.82;26.91;26.99;26.72;475303;12776394;0.21;0.45;0.120
20251020;26.78;26.79;26.88;26.59;780009;20838756;0.35;0.04;0.010
20251017;26.97;26.78;27.09;26.64;695780;18713117;0.31;-1.0;-0.270
20251016;27.07;27.05;27.25;26.93;639300;17309890;0.28;-0.22;-0.060
20251015;27.1;27.11;27.11;26.86;680539;18383819;0.3;0.33;0.090
20251014;26.95;27.02;27.14;26.91;852020;23016623;0.38;0.26;0.070
20251013;26.96;26.95;27.21;26.85;1069020;28885445;0.47;-0.44;-0.120
20251010;26.61;27.07;27.08;26.61;840484;22634880;0.37;1.35;0.360
20251009;26.78;26.71;26.78;26.45;707600;18848356;0.31;0.04;0.010
20250930;26.65;26.7;26.77;26.56;553950;14784272;0.25;0.11;0.030
20250929;26.55;26.67;26.7;26.23;575382;15236859;0.25;0.45;0.120
20250926;26.46;26.55;26.61;26.24;706075;18678849;0.31;0.0;0.000
20250925;26.81;26.55;26.86;26.41;821720;21864428;0.36;-0.93;-0.250
20250924;26.5;26.8;26.82;26.38;745020;19915541;0.33;0.9;0.240
20250923;26.84;26.56;26.84;26.15;1545130;40755026;0.68;-0.97;-0.260
20250922;26.99;26.82;27.14;26.7;785275;21090205;0.35;-0.78;-0.210
20250919;27.11;27.03;27.2;26.82;1377590;37162667;0.61;-0.55;-0.150
20250918;27.7;27.18;27.72;27.11;1739500;47706063;0.77;-2.02;-0.560
20250917;27.72;27.74;27.81;27.62;825520;22871474;0.37;0.0;0.000
20250916;27.66;27.74;27.74;27.51;850290;23490032;0.38;0.0;0.000
20250915;27.93;27.74;27.93;27.55;1429250;39558866;0.63;-0.68;-0.190
20250912;28.11;27.93;28.17;27.82;1247050;34845641;0.55;-0.6;-0.170
20250911;28.2;28.1;28.2;27.85;986564;27627986;0.44;-0.18;-0.050
20250910;28.25;28.15;28.32;28.06;774700;21815022;0.34;-0.57;-0.160
20250909;28.51;28.31;28.51;28.16;937000;26526726;0.41;-0.42;-0.120
20250908;28.19;28.43;28.49;28.13;1335519;37845601;0.59;1.17;0.330
20250905;27.82;28.1;28.1;27.7;1048536;29312584;0.46;1.08;0.300
20250904;27.72;27.8;28.01;27.55;1303374;36240122;0.58;0.36;0.100
20250903;28.21;27.7;28.33;27.64;1350729;37792274;0.6;-1.98;-0.560
20250902;28.56;28.26;28.75;28.01;1763575;49947028;0.78;-1.09;-0.310
20250901;28.69;28.57;28.75;27.53;2056921;58322303;0.91;0.42;0.120
20250829;28.36;28.45;28.7;28.36;1165646;33232536;0.52;-0.25;-0.070
20250828;28.7;28.52;28.84;27.85;2455870;69857571;1.09;-0.63;-0.180
20250827;29.44;28.7;29.52;28.68;2724980;79244232;1.21;-2.61;-0.770
20250826;29.45;29.47;29.54;29.36;1600730;47176805;0.71;0.17;0.050
20250825;29.31;29.42;29.5;29.23;1621720;47625118;0.72;0.44;0.130
20250822;29.49;29.29;29.53;29.1;1723465;50416314;0.76;-0.54;-0.160
20250821;29.51;29.45;29.7;29.38;1572529;46458965;0.7;-0.1;-0.030
20250820;29.36;29.48;29.57;29.2;1537730;45185723;0.68;0.41;0.120
20250819;29.25;29.36;29.65;29.2;1918237;56371326;0.85;0.38;0.110
20250818;29.19;29.25;29.41;29.13;2092960;61201519;0.93;0.24;0.070
20250815;29.01;29.18;29.23;28.95;1523807;44365271;0.67;0.55;0.160
20250814;29.34;29.02;29.54;28.95;2228383;65105656;0.99;-1.02;-0.300
20250813;29.51;29.32;29.74;29.18;2063349;60568836;0.91;-0.51;-0.150
20250812;29.67;29.47;29.94;29.44;1664477;49302907;0.74;-0.67;-0.200
20250811;29.5;29.67;29.95;29.33;2251750;66693370;1.0;0.41;0.120
20250808;29.5;29.55;29.57;29.17;1612205;47415698;0.71;0.17;0.050
20250807;29.63;29.5;30.38;29.46;2330650;69265003;1.03;-0.61;-0.180
20250806;29.8;29.68;29.92;29.44;2223874;65794627;0.98;-0.74;-0.220
20250805;30.0;29.9;30.19;29.75;2262160;67596696;1.0;-0.27;-0.080
20250804;29.37;29.98;30.42;29.35;4436350;132460529;1.96;1.59;0.470
20250801;29.22;29.51;29.97;29.22;2733800;81016894;1.21;0.07;0.020
20250731;29.93;29.49;30.01;29.35;3770665;112039213;1.67;-1.63;-0.490
20250730;29.48;29.98;30.01;29.31;3956852;117772841;1.75;1.52;0.450
20250729;29.75;29.53;29.75;29.24;2161989;63622418;0.96;-0.71;-0.210
20250728;29.58;29.74;29.8;29.43;2911143;86291992;1.29;0.57;0.170
20250725;29.51;29.57;29.87;29.43;2168188;64186073;0.96;-0.24;-0.070
20250724;29.38;29.64;29.79;29.2;2796993;82578193;1.24;1.13;0.330
20250723;29.17;29.31;29.6;29.16;2341350;68770326;1.04;0.03;0.010
20250722;29.26;29.3;29.63;29.26;2123100;62451001;0.94;-0.41;-0.120
20250721;29.88;29.42;29.88;29.17;3491990;102896085;1.55;-0.24;-0.070
20250718;29.27;29.49;29.56;29.01;1573880;46121729;0.7;0.65;0.190
20250717;29.3;29.3;29.4;29.07;1799655;52652287;0.8;0.55;0.160
20250716;28.75;29.34;29.44;28.74;2453961;71626408;1.09;1.88;0.540
20250715;28.83;28.8;28.88;28.39;1673134;47970978;0.74;-0.1;-0.030
20250714;28.81;28.83;29.1;28.75;1352195;39082542;0.6;0.07;0.020
20250711;29.01;28.81;29.01;28.63;2326300;67066906;1.03;-0.62;-0.180
20250710;29.17;28.99;29.28;28.96;1808336;52608144;0.8;-0.69;-0.200
20250709;29.07;29.19;29.46;29.06;1575680;46062290;0.7;0.41;0.120
20250708;29.13;29.07;29.3;28.88;1490000;43275516;0.66;-0.21;-0.060
20250707;29.16;29.13;29.62;29.12;1564500;45930394;0.69;-0.17;-0.050
20250704;29.29;29.18;29.42;29.07;1351729;39477905;0.6;-0.41;-0.120
20250703;28.95;29.3;29.58;28.94;1927254;56559169;0.85;1.03;0.300
20250702;29.36;29.0;29.38;28.88;2318940;67421529;1.03;-1.46;-0.430
20250701;28.52;29.43;30.81;28.32;4097504;120603085;1.81;3.23;0.920
20250630;28.4;28.51;28.55;28.33;913210;25980745;0.4;0.35;0.100
20250627;28.38;28.41;28.48;28.29;865530;24560511;0.38;0.11;0.030
20250626;28.51;28.38;28.61;28.26;772850;21972376;0.34;-0.46;-0.130
20250625;28.48;28.51;28.57;28.27;1034500;29416837;0.46;0.18;0.050
20250624;28.24;28.46;28.47;28.21;814385;23098379;0.36;0.92;0.260
20250623;27.98;28.2;28.2;27.63;925500;25874911;0.41;0.82;0.230
20250620;28.0;27.97;28.18;27.94;540598;15166580;0.24;-0.25;-0.070
20250619;28.24;28.04;28.34;27.94;903098;25424546;0.4;-0.71;-0.200
20250618;28.42;28.24;28.53;28.11;1091100;30844429;0.48;-1.4;-0.400
20250617;28.62;28.64;28.96;28.47;1256405;35995682;0.56;0.07;0.020
20250616;28.6;28.62;28.86;28.45;1091000;31200832;0.48;-0.38;-0.110
20250613;29.27;28.73;29.46;28.68;1657132;47966142;0.73;-1.84;-0.540
20250612;28.94;29.27;29.46;28.94;1314500;38406125;0.58;0.79;0.230
20250611;29.22;29.04;29.37;29.0;1362463;39742498;0.6;-0.68;-0.200
20250610;29.84;29.24;29.97;28.89;2283710;66990055;1.01;-0.17;-0.050
20250609;29.24;29.29;29.52;29.0;1809507;52962643;0.8;0.03;0.010
20250606;29.11;29.28;29.58;29.07;1754699;51336582;0.78;1.39;0.400
20250605;29.67;28.88;29.77;28.85;2279980;66337322;1.01;-2.66;-0.790
20250604;29.08;29.67;29.79;29.0;3299540;97162729;1.46;1.47;0.430
20250603;28.58;29.24;29.37;28.49;2672284;77493660;1.18;2.49;0.710
20250530;28.51;28.53;28.88;28.45;1941630;55617098;0.86;0.07;0.020
20250529;28.24;28.51;28.53;28.08;1344420;38166791;0.59;0.81;0.230
20250528;28.4;28.28;28.59;28.18;996312;28230028;0.44;-0.74;-0.210
20250527;28.03;28.49;28.57;28.03;1542840;43820659;0.68;1.32;0.370
20250526;28.04;28.12;28.23;27.83;1358815;38071418;0.6;0.0;0.000
20250523;28.37;28.12;28.63;28.1;1986010;56366704;0.88;-0.85;-0.240
20250522;28.51;28.36;28.69;28.18;2011800;57189143;0.89;-1.29;-0.370
20250521;29.2;28.73;29.88;28.68;3726515;108655487;1.65;-1.81;-0.530
20250520;28.49;29.26;29.34;28.44;3611720;104410526;1.6;2.52;0.720
20250519;28.4;28.54;28.63;28.3;1593220;45398468;0.7;0.49;0.140
20250516;28.06;28.4;28.7;27.89;2020554;57240098;0.89;1.54;0.430
20250515;27.9;27.97;28.16;27.79;1195645;33449871;0.53;0.39;0.110
20250514;28.14;27.86;28.14;27.75;1516895;42273568;0.67;-1.0;-0.280
20250513;28.12;28.14;28.35;28.04;1555400;43881073;0.69;0.07;0.020
20250512;28.21;28.12;28.21;27.7;2136790;59611599;0.95;-0.32;-0.090
20250509;28.15;28.21;28.46;28.08;1620500;45794816;0.72;-0.04;-0.010
20250508;28.2;28.22;28.28;28.08;1291195;36393104;0.57;0.18;0.050
20250507;28.49;28.17;28.53;28.06;1809782;51124817;0.8;-0.42;-0.120
20250506;28.07;28.29;28.29;27.88;2028642;57038255;0.9;1.65;0.460
20250430;27.8;27.83;28.14;27.8;1580591;44186324;0.7;-0.18;-0.050
20250429;27.7;27.88;27.95;27.51;1599101;44342434;0.71;0.76;0.210
20250428;28.06;27.67;28.06;27.66;2237385;62149015;0.99;-1.39;-0.390
20250425;28.28;28.06;28.43;27.74;2998125;83933740;1.33;-0.74;-0.210
20250424;28.29;28.27;28.85;28.16;3285390;93604555;1.45;0.04;0.010
20250423;28.98;28.26;29.15;28.23;4334243;123851964;1.92;-2.72;-0.790
20250422;29.24;29.05;29.55;28.85;2957075;86124348;1.31;-0.82;-0.240
20250421;28.68;29.29;29.35;28.58;3033450;88266331;1.34;2.09;0.600
20250418;28.81;28.69;29.25;28.48;3249980;93420472;1.44;-1.34;-0.390
20250417;28.93;29.08;29.46;28.61;5002149;145018245;2.21;-0.17;-0.050
20250416;29.65;29.13;30.3;28.82;5010198;147046964;2.22;-3.13;-0.940
20250415;30.48;30.07;30.7;29.8;4753881;143211393;2.1;-1.99;-0.610
20250414;29.51;30.68;30.8;29.5;7240690;219906213;3.2;1.89;0.570
20250411;31.01;30.11;32.18;29.89;9615636;295127531;4.25;-4.35;-1.370
20250410;31.0;31.48;31.76;30.51;10834353;338977032;4.79;-1.13;-0.360
20250409;31.36;31.84;32.48;29.71;13294484;418889751;5.88;-3.52;-1.160
20250408;31.67;33.0;33.56;30.51;19595048;627868397;8.67;8.16;2.490
20250407;29.99;30.51;30.51;28.34;12568799;381742903;5.56;9.99;2.770
20250403;27.58;27.74;27.92;27.51;917960;25434629;0.41;0.04;0.010
20250402;28.14;27.73;28.18;27.62;1334310;37164062;0.59;-1.11;-0.310
20250401;27.02;28.04;28.19;27.02;2396495;66868551;1.06;3.89;1.050
20250331;27.42;26.99;27.42;26.71;1122710;30288810;0.5;-1.89;-0.520
20250328;27.39;27.51;27.91;27.36;1358930;37539174;0.6;0.0;0.000
20250327;27.2;27.51;27.6;26.94;1345520;36794253;0.6;1.1;0.300
20250326;27.3;27.21;27.47;27.07;1014070;27633372;0.45;-0.29;-0.080
20250325;26.85;27.29;27.34;26.78;1034400;28019882;0.46;1.53;0.410
20250324;27.06;26.88;27.23;26.53;1083480;29130316;0.48;-0.67;-0.180
20250321;27.3;27.06;27.45;26.92;924584;25149403;0.41;-0.7;-0.190
20250320;27.5;27.25;27.59;27.21;990000;27076228;0.44;-1.27;-0.350
20250319;28.03;27.6;28.15;27.52;1077200;29901242;0.48;-1.78;-0.500
20250318;27.88;28.1;28.58;27.61;1863345;52602938;0.82;1.15;0.320
20250317;27.03;27.78;28.15;26.88;2698779;74160446;1.19;2.93;0.790
20250314;26.49;26.99;27.04;26.4;1490870;39951519;0.66;1.85;0.490
20250313;26.65;26.5;26.76;26.3;1021500;27020558;0.45;-0.56;-0.150
20250312;26.75;26.65;26.86;26.58;650160;17334530;0.29;-0.3;-0.080
20250311;26.42;26.73;26.75;26.35;814490;21682263;0.36;0.56;0.150
20250310;26.44;26.58;26.72;26.4;923434;24516756;0.41;0.61;0.160
20250307;26.63;26.42;26.84;26.3;1308100;34815626;0.58;-0.75;-0.200
20250306;26.29;26.62;26.66;26.15;1100831;29086525;0.49;1.26;0.330
20250305;26.54;26.29;26.6;26.11;690020;18116112;0.31;-0.79;-0.210
20250304;26.3;26.5;26.66;26.21;560109;14831040;0.25;0.68;0.180
20250303;26.03;26.32;26.68;26.03;1034320;27340241;0.46;0.84;0.220
20250228;26.54;26.1;26.85;26.01;1063610;27990263;0.47;-2.21;-0.590
20250227;26.65;26.69;26.79;26.36;945480;25147785;0.42;0.11;0.030
20250226;26.23;26.66;27.19;26.23;1163745;31018184;0.51;1.68;0.440
20250225;26.66;26.22;26.66;26.21;943790;24916725;0.42;-1.72;-0.460
20250224;26.77;26.68;26.9;26.57;699230;18682221;0.31;-0.34;-0.090
20250221;26.91;26.77;27.17;26.63;1027014;27479586;0.45;-0.48;-0.130
20250220;26.58;26.9;27.1;26.57;807740;21745424;0.36;1.01;0.270
20250219;26.6;26.63;26.9;26.45;1323110;35197912;0.59;0.0;0.000
20250218;26.92;26.63;27.21;26.57;978950;26317768;0.43;-1.63;-0.440
20250217;27.18;27.07;27.28;26.92;1185115;32116940;0.52;-0.11;-0.030
20250214;26.43;27.1;27.39;26.43;1835860;49502941;0.81;2.11;0.560
20250213;26.57;26.54;26.7;26.38;1100270;29214654;0.49;-0.11;-0.030
20250212;26.79;26.57;26.83;26.41;1091230;29005417;0.48;-0.82;-0.220
20250211;27.0;26.79;27.07;26.66;795880;21349366;0.35;-0.89;-0.240
20250210;26.9;27.03;27.12;26.86;856440;23121731;0.38;0.15;0.040
20250207;26.8;26.99;27.1;26.6;1509730;40587841;0.67;0.71;0.190
20250206;26.74;26.8;26.83;26.41;762370;20296800;0.34;0.11;0.030
20250205;26.79;26.77;26.96;26.43;738730;19704979;0.33;0.22;0.060
20250127;26.74;26.71;27.1;26.67;715490;19232066;0.32;-0.11;-0.030
20250124;26.66;26.74;26.85;26.38;636100;16940213;0.28;0.07;0.020
20250123;26.88;26.72;26.95;26.62;735800;19717535;0.33;0.64;0.170
20250122;26.53;26.55;26.66;26.33;364384;9651429;0.16;-0.26;-0.070
20250121;26.64;26.62;26.93;26.51;742875;19806861;0.33;0.3;0.080
20250120;26.3;26.54;26.6;26.3;519890;13773140;0.23;1.03;0.270
20250117;26.08;26.27;26.44;26.03;461090;12087029;0.2;0.34;0.090
20250116;26.49;26.18;26.66;25.97;754210;19845377;0.33;-0.98;-0.260
20250115;26.5;26.44;26.59;26.28;525700;13902509;0.23;-0.23;-0.060
20250114;25.98;26.5;26.5;25.97;866558;22795387;0.38;2.08;0.540
20250113;25.44;25.96;26.02;25.36;609650;15690827;0.27;1.41;0.360
20250110;25.97;25.6;26.11;25.6;595520;15399065;0.26;-1.69;-0.440
20250109;25.97;26.04;26.33;25.83;581150;15183643;0.26;-0.15;-0.040
20250108;26.15;26.08;26.35;25.61;867731;22605026;0.38;-0.69;-0.180
20250107;26.46;26.26;26.52;25.9;941688;24644295;0.42;-1.46;-0.390
20250106;25.94;26.65;27.27;25.92;1112210;29503948;0.49;2.15;0.560
20250103;26.47;26.09;26.83;26.03;897810;23742325;0.4;-1.47;-0.390
20250102;26.97;26.48;27.4;26.32;1117840;29993132;0.49;-1.96;-0.530