20251022;16.69;16.51;16.9;16.48;4754058;79011075;1.03;-1.43;-0.240
20251021;16.7;16.75;16.93;16.67;4048151;68057212;0.88;-0.12;-0.020
20251020;16.76;16.77;16.86;16.58;5547300;92666984;1.21;1.27;0.210
20251017;17.44;16.56;17.45;16.56;11945411;202086096;2.6;-5.26;-0.920
20251016;17.68;17.48;18.24;17.46;10724824;191193192;2.33;-1.08;-0.190
20251015;17.54;17.67;17.8;17.39;5904276;103797596;1.28;0.97;0.170
20251014;17.39;17.5;17.7;17.29;8237042;144064309;1.79;1.45;0.250
20251013;17.11;17.25;17.48;16.83;8660100;149038534;1.88;-2.54;-0.450
20251010;17.15;17.7;17.85;17.1;13930128;245723762;3.03;3.03;0.520
20251009;17.12;17.18;17.42;16.79;9681500;164536486;2.11;0.64;0.110
20250930;16.95;17.07;17.3;16.83;8875308;151891921;1.93;1.19;0.200
20250929;16.82;16.87;16.95;16.65;5695242;95821673;1.24;0.36;0.060
20250926;16.88;16.81;17.07;16.8;6040700;102207262;1.31;-0.36;-0.060
20250925;17.15;16.87;17.24;16.8;7492800;127181576;1.63;-1.63;-0.280
20250924;17.01;17.15;17.19;16.91;6326807;108033238;1.38;0.47;0.080
20250923;17.11;17.07;17.17;16.78;7215985;122440384;1.57;-0.35;-0.060
20250922;17.3;17.13;17.38;16.98;6958800;119207575;1.51;-0.98;-0.170
20250919;17.52;17.3;17.58;17.22;8390295;145606524;1.83;-1.7;-0.300
20250918;17.91;17.6;18.02;17.35;13445025;237891264;2.93;-1.68;-0.300
20250917;17.71;17.9;18.18;17.52;12215207;218141803;2.66;1.02;0.180
20250916;17.7;17.72;17.78;17.48;11571900;203707136;2.52;0.11;0.020
20250915;17.87;17.7;18.06;17.64;10850701;193170314;2.36;-1.01;-0.180
20250912;18.39;17.88;18.41;17.85;14821494;267645990;3.23;-2.83;-0.520
20250911;18.9;18.9;19.1;18.5;18197981;342201259;3.96;-0.84;-0.160
20250910;18.87;19.06;19.4;18.65;30527517;577779827;6.64;0.95;0.180
20250909;17.5;18.88;19.25;17.49;42499134;798948543;9.25;7.89;1.380
20250908;17.2;17.5;17.53;17.09;13583766;235296703;2.96;0.98;0.170
20250905;16.88;17.33;17.48;16.86;16183237;278630031;3.52;2.67;0.450
20250904;16.88;16.88;17.2;16.58;11345173;192136765;2.47;-0.06;-0.010
20250903;16.8;16.89;17.4;16.71;15470800;264473340;3.34;0.84;0.140
20250902;16.83;16.75;16.83;16.41;8151929;135415795;1.76;-0.36;-0.060
20250901;17.0;16.81;17.07;16.78;6838465;115572575;1.48;-1.06;-0.180
20250829;17.05;16.99;17.33;16.92;6739600;115334565;1.45;-0.93;-0.160
20250828;16.85;17.15;17.38;16.62;10908039;185282165;2.35;1.84;0.310
20250827;17.36;16.84;17.78;16.82;13984460;243017396;3.02;-2.43;-0.420
20250826;17.01;17.26;17.28;16.91;10057831;172499308;2.17;0.82;0.140
20250825;17.26;17.12;17.34;16.96;9875786;168917728;2.13;-0.64;-0.110
20250822;17.4;17.23;17.45;17.13;7426497;128033132;1.6;-1.03;-0.180
20250821;17.3;17.41;17.47;17.18;8542618;148232695;1.84;0.35;0.060
20250820;16.92;17.35;17.43;16.7;10742700;183969625;2.32;2.54;0.430
20250819;17.06;16.92;17.17;16.85;8211267;139526695;1.77;-0.7;-0.120
20250818;17.18;17.04;17.29;16.92;9175629;156393495;1.98;-0.99;-0.170
20250815;16.72;17.21;17.44;16.72;9091484;155570630;1.96;2.75;0.460
20250814;17.27;16.75;17.35;16.72;10600391;179493614;2.29;-2.95;-0.510
20250813;17.36;17.26;17.45;17.1;8964500;154403249;1.94;-0.86;-0.150
20250812;17.17;17.41;17.56;17.06;12306971;213151778;2.66;1.22;0.210
20250811;16.73;17.2;17.45;16.66;13282855;226796735;2.87;3.06;0.510
20250808;16.5;16.69;16.92;16.41;8867260;148057516;1.91;0.97;0.160
20250807;16.58;16.53;16.64;16.36;6732370;110765979;1.45;-0.3;-0.050
20250806;16.51;16.58;16.65;16.41;7899776;130755002;1.71;0.42;0.070
20250805;16.27;16.51;16.65;16.21;9835199;161786819;2.12;2.04;0.330
20250804;15.97;16.18;16.39;15.85;5615711;90707153;1.21;0.87;0.140
20250801;16.11;16.04;16.45;16.0;6588205;106307740;1.42;-0.43;-0.070
20250731;16.39;16.11;16.48;16.11;9316864;151720237;2.01;-1.95;-0.320
20250730;16.16;16.43;16.53;15.94;12239958;199132378;2.64;1.67;0.270
20250729;16.16;16.16;16.28;15.94;6343699;102072953;1.37;0.0;0.000
20250728;16.45;16.16;16.5;16.1;8541604;138648043;1.84;-1.76;-0.290
20250725;16.26;16.45;16.8;16.21;12974167;213847538;2.8;1.17;0.190
20250724;16.04;16.26;16.28;16.02;6789449;109635255;1.47;0.93;0.150
20250723;16.17;16.11;16.58;16.03;7932160;128665307;1.71;-0.12;-0.020
20250722;16.16;16.13;16.19;16.02;6592901;106096772;1.42;-0.43;-0.070
20250721;15.97;16.2;16.25;15.96;8279542;133302923;1.79;1.19;0.190
20250718;16.11;16.01;16.14;15.93;8353406;133572369;1.83;-0.74;-0.120
20250717;16.22;16.13;16.35;16.08;11009933;177910176;2.41;-1.47;-0.240
20250716;16.7;16.37;16.91;16.27;15318300;252706080;3.35;-1.74;-0.290
20250715;16.28;16.66;16.96;16.2;19209300;319629073;4.2;2.08;0.340
20250714;16.18;16.32;16.57;16.06;10444600;170710576;2.28;0.93;0.150
20250711;16.05;16.17;16.45;16.05;10887300;176446630;2.38;0.5;0.080
20250710;15.89;16.09;16.47;15.72;12770374;205981389;2.79;1.32;0.210
20250709;16.07;15.88;16.11;15.83;10234971;163354412;2.24;-1.31;-0.210
20250708;16.03;16.09;16.12;15.88;10112640;161988629;2.21;-0.25;-0.040
20250707;16.15;16.13;16.23;15.91;14573652;233508544;3.19;-0.74;-0.120
20250704;16.65;16.25;16.69;16.12;23373235;382734807;5.11;-2.58;-0.430
20250703;15.23;16.68;16.68;15.17;24031002;385506288;5.25;10.03;1.520
20250702;15.26;15.16;15.26;15.06;4866604;73667511;1.06;-0.59;-0.090
20250701;15.01;15.25;15.35;14.97;6514488;99096222;1.42;1.67;0.250
20250630;14.93;15.0;15.02;14.87;4677302;70034460;1.02;0.54;0.080
20250627;14.87;14.92;15.12;14.84;5964001;89494769;1.3;0.13;0.020
20250626;15.1;14.9;15.14;14.9;6182500;92611046;1.35;-1.26;-0.190
20250625;15.03;15.09;15.1;14.81;5657600;84744114;1.24;0.47;0.070
20250624;14.82;15.02;15.04;14.82;6809225;101963449;1.49;1.62;0.240
20250623;14.74;14.78;14.82;14.55;5364506;78806935;1.17;-0.61;-0.090
20250620;14.99;14.87;15.08;14.83;3459400;51544384;0.76;-0.8;-0.120
20250619;15.1;14.99;15.24;14.99;5405700;81474868;1.18;-0.99;-0.150
20250618;15.19;15.14;15.5;15.06;5124266;77994459;1.12;-0.2;-0.030
20250617;15.36;15.17;15.39;15.08;3641808;55319704;0.8;-0.2;-0.030
20250616;15.21;15.2;15.33;15.09;5811919;88418620;1.27;0.46;0.070
20250613;15.5;15.13;15.57;15.11;5045637;76886301;1.1;-2.45;-0.380
20250612;15.5;15.51;15.56;15.32;3917977;60621720;0.86;-0.45;-0.070
20250611;15.55;15.58;15.83;15.52;4590579;71776109;1.0;0.19;0.030
20250610;15.71;15.55;16.14;15.41;7742692;121522136;1.69;-0.77;-0.120
20250609;15.79;15.67;15.89;15.63;5044666;79284544;1.1;-0.82;-0.130
20250606;16.05;15.8;16.16;15.79;8024398;127815877;1.75;-1.56;-0.250
20250605;15.58;16.05;16.23;15.31;15251403;242114861;3.33;3.02;0.470
20250604;14.8;15.58;15.9;14.71;19575912;302367232;4.28;5.48;0.810
20250603;14.88;14.77;14.94;14.71;5211254;77093187;1.14;-1.4;-0.210
20250530;15.2;14.98;15.2;14.95;4027700;60551052;0.88;-1.32;-0.200
20250529;15.14;15.18;15.37;15.1;5781100;87939664;1.26;0.8;0.120
20250528;15.19;15.46;15.72;15.17;8469558;131002442;1.85;2.05;0.310
20250527;15.24;15.15;15.29;15.02;4040723;61072096;0.88;-0.66;-0.100
20250526;15.61;15.25;15.62;15.09;8594667;131364977;1.88;-1.99;-0.310
20250523;15.6;15.56;15.9;15.56;5458293;85826007;1.19;-0.58;-0.090
20250522;15.82;15.65;15.95;15.63;5406190;85331245;1.18;-1.32;-0.210
20250521;16.05;15.86;16.05;15.84;6033077;96004797;1.32;-1.37;-0.220
20250520;16.31;16.08;16.31;15.96;8353188;134251249;1.83;-1.29;-0.210
20250519;15.96;16.29;16.45;15.65;10463548;168428490;2.29;2.65;0.420
20250516;15.76;15.87;16.0;15.69;3646538;57911168;0.8;0.7;0.110
20250515;15.9;15.76;15.99;15.73;4307519;68139510;0.94;-1.07;-0.170
20250514;15.81;15.93;16.09;15.75;5920018;94243782;1.29;0.38;0.060
20250513;16.2;15.87;16.2;15.82;4989316;79474498;1.09;-1.06;-0.170
20250512;15.9;16.04;16.15;15.82;5957024;95228039;1.3;2.04;0.320
20250509;16.0;15.72;16.0;15.5;6097400;95719067;1.33;-1.75;-0.280
20250508;15.65;16.0;16.25;15.61;8231045;131878925;1.8;2.17;0.340
20250507;15.83;15.66;16.07;15.52;5631122;88646072;1.23;0.13;0.020
20250506;15.16;15.64;15.7;15.16;7389438;114605877;1.62;3.23;0.490
20250430;15.05;15.15;15.25;14.97;6159790;93014328;1.35;1.0;0.150
20250429;15.08;15.0;15.3;14.94;5914550;89166207;1.29;-1.12;-0.170
20250428;15.55;15.17;16.04;15.14;7221868;111387566;1.58;-3.01;-0.470
20250425;15.77;15.64;15.83;15.62;4729910;74316433;1.03;-0.38;-0.060
20250424;15.87;15.7;15.96;15.58;6250422;98528929;1.37;-1.01;-0.160
20250423;15.8;15.86;16.2;15.75;12794025;203863639;2.8;0.13;0.020
20250422;16.28;15.84;16.35;15.55;23641290;373146141;5.17;-7.96;-1.370
20250421;16.44;17.21;17.25;16.22;7394713;124044343;1.62;4.68;0.770
20250418;16.16;16.44;16.58;16.11;3230900;52822909;0.71;1.23;0.200
20250417;15.98;16.24;16.34;15.98;2346701;38128596;0.51;0.81;0.130
20250416;16.56;16.11;16.56;15.94;5001800;80762877;1.09;-2.72;-0.450
20250415;16.44;16.56;16.56;16.12;4896101;80319061;1.07;0.73;0.120
20250414;16.68;16.44;17.09;16.38;8587201;142975884;1.88;0.55;0.090
20250411;15.93;16.35;16.57;15.93;5381990;87957791;1.17;1.3;0.210
20250410;16.0;16.14;16.6;16.0;7881742;128359018;1.71;4.67;0.720
20250409;15.07;15.42;15.6;14.39;8392928;127005065;1.82;-0.06;-0.010
20250408;15.44;15.43;15.6;14.86;10634087;160757550;2.31;-0.06;-0.010
20250407;16.2;15.44;16.48;15.44;8145172;127144555;1.77;-9.97;-1.710
20250403;17.68;17.15;17.89;17.13;8997934;155667957;1.95;-4.03;-0.720
20250402;17.91;17.87;18.0;17.8;4675482;83672302;1.01;-0.39;-0.070
20250401;18.1;17.94;18.35;17.88;7104300;128504891;1.54;-1.1;-0.200
20250331;17.89;18.14;18.25;17.78;6638801;119811454;1.44;0.95;0.170
20250328;17.9;17.97;18.07;17.81;3929601;70592945;0.85;0.17;0.030
20250327;17.86;17.94;18.14;17.84;3595000;64708772;0.78;-0.06;-0.010
20250326;17.81;17.95;18.05;17.72;4853600;86776286;1.05;0.39;0.070
20250325;18.09;17.88;18.3;17.67;6301900;112861688;1.37;-1.16;-0.210
20250324;18.01;18.09;18.45;17.96;8010656;145544266;1.74;0.44;0.080
20250321;18.55;18.01;18.64;17.99;5832634;106413319;1.27;-3.43;-0.640
20250320;18.73;18.65;18.87;18.62;3524686;66038924;0.76;-0.53;-0.100
20250319;18.83;18.75;18.91;18.59;3513800;65844017;0.76;-0.58;-0.110
20250318;19.13;18.86;19.21;18.79;7341596;139137530;1.59;-1.31;-0.250
20250317;18.88;19.11;19.15;18.57;5783267;109567824;1.25;1.22;0.230
20250314;18.22;18.88;18.99;18.22;5534001;103036559;1.2;2.72;0.500
20250313;18.39;18.38;18.51;18.12;3220833;58893674;0.7;-0.65;-0.120
20250312;18.42;18.5;18.63;18.33;5104200;94480680;1.11;0.65;0.120
20250311;18.11;18.38;18.38;17.91;4232685;76951551;0.92;1.04;0.190
20250310;18.3;18.19;18.38;18.07;4046987;73583037;0.88;-0.71;-0.130
20250307;18.4;18.32;18.59;18.18;5132061;94244359;1.11;-0.81;-0.150
20250306;18.5;18.47;18.75;18.39;5626889;104286086;1.22;0.65;0.120
20250305;18.22;18.35;18.58;18.19;4556100;83808194;0.99;0.66;0.120
20250304;18.06;18.23;18.52;18.06;5453973;100020527;1.18;0.22;0.040
20250303;18.1;18.19;18.48;18.01;5666901;103720940;1.23;0.78;0.140
20250228;18.36;18.05;18.43;17.94;6024514;109401204;1.31;-1.69;-0.310
20250227;18.61;18.36;18.65;18.1;6248414;114694668;1.36;-1.34;-0.250
20250226;18.7;18.61;18.94;18.43;5545968;103725244;1.2;-0.32;-0.060
20250225;18.7;18.67;18.93;18.56;4569099;85508890;0.99;-1.22;-0.230
20250224;19.32;18.9;19.39;18.84;7330256;139837007;1.59;-2.48;-0.480
20250221;19.41;19.38;19.6;19.22;5165407;100137360;1.12;-0.1;-0.020
20250220;19.39;19.4;19.66;19.2;5274759;102213215;1.14;0.26;0.050
20250219;19.19;19.35;19.43;19.1;4633327;89380120;1.01;0.78;0.150
20250218;19.35;19.2;19.65;19.05;4998348;96755275;1.08;-1.13;-0.220
20250217;19.29;19.42;19.67;19.21;5772833;112097060;1.25;0.21;0.040
20250214;19.2;19.38;19.75;19.2;5244641;102024648;1.14;0.57;0.110
20250213;19.83;19.27;19.83;19.21;6174647;120119455;1.34;-2.77;-0.550
20250212;19.94;19.82;20.08;19.65;6647699;131897412;1.44;-1.49;-0.300
20250211;19.57;20.12;20.34;19.36;9658041;192456273;2.1;3.44;0.670
20250210;19.71;19.45;19.74;19.04;8268082;160636210;1.79;-0.97;-0.190
20250207;19.85;19.64;19.92;19.4;8718652;171574885;1.89;-1.16;-0.230
20250206;19.64;19.87;20.26;19.6;8301300;164757072;1.8;1.07;0.210
20250205;19.88;19.66;20.11;19.55;7618000;150573729;1.65;-1.31;-0.260
20250127;19.76;19.92;20.1;19.63;7468187;148570841;1.62;0.91;0.180
20250124;19.38;19.74;19.95;19.38;8361700;164741325;1.81;1.23;0.240
20250123;19.61;19.5;20.09;19.37;12178173;239970507;2.64;-1.07;-0.210
20250122;19.25;19.71;20.1;19.12;18472516;362833085;4.01;3.03;0.580
20250121;18.84;19.13;19.23;18.42;9549708;180638994;2.07;1.81;0.340
20250120;18.82;18.79;19.33;18.7;12865737;243801148;2.79;0.54;0.100
20250117;17.66;18.69;18.74;17.6;13992505;256755988;3.04;5.47;0.970
20250116;17.6;17.72;18.0;17.54;7660068;136029189;1.66;1.61;0.280
20250115;17.35;17.44;17.86;17.33;8135912;143120625;1.76;-0.85;-0.150
20250114;16.58;17.59;17.65;16.4;12609400;217020844;2.74;6.74;1.110
20250113;16.36;16.48;17.02;16.08;11774707;195400207;2.55;-3.17;-0.540
20250110;18.3;17.02;18.31;17.02;15313572;270103972;3.32;-7.45;-1.370
20250109;18.65;18.39;18.8;18.27;13177100;243569602;2.86;-2.6;-0.490
20250108;18.8;18.88;18.98;18.37;16808823;314390808;3.65;-0.74;-0.140
20250107;17.86;19.02;19.11;17.73;22728227;424753536;4.93;5.78;1.040
20250106;18.03;17.98;18.48;17.62;15375834;276838521;3.34;-1.43;-0.260
20250103;17.8;18.24;18.62;17.72;15506533;280918626;3.36;3.05;0.540
20250102;17.95;17.7;18.33;17.51;10350286;185368604;2.25;-1.72;-0.310