20251022;6.63;6.7;6.72;6.59;11713650;78121046;1.34;0.3;0.020
20251021;6.58;6.68;6.7;6.55;12816365;85378406;1.47;1.37;0.090
20251020;6.46;6.59;6.64;6.41;12648900;82743465;1.45;2.49;0.160
20251017;6.57;6.43;6.67;6.41;13114000;85302379;1.51;-2.28;-0.150
20251016;6.69;6.58;6.75;6.53;12517850;82951760;1.44;-1.79;-0.120
20251015;6.63;6.7;6.74;6.61;13867090;92681028;1.59;0.9;0.060
20251014;6.78;6.64;6.82;6.6;20710089;138766615;2.38;-1.78;-0.120
20251013;6.51;6.76;6.77;6.38;23691975;156494860;2.72;1.81;0.120
20251010;6.56;6.64;6.65;6.49;15124200;99804946;1.74;0.3;0.020
20251009;6.45;6.62;6.62;6.39;24020414;157293167;2.76;3.6;0.230
20250930;6.37;6.39;6.47;6.33;10396700;66391145;1.19;0.0;0.000
20250929;6.33;6.39;6.4;6.21;13732750;86925767;1.58;1.59;0.100
20250926;6.25;6.29;6.38;6.22;10851765;68546934;1.25;0.32;0.020
20250925;6.38;6.27;6.49;6.26;16393900;103751675;1.88;-1.57;-0.100
20250924;6.41;6.37;6.53;6.27;21426650;136341514;2.46;-1.85;-0.120
20250923;6.69;6.49;6.71;6.3;24958250;160856858;2.87;-2.84;-0.190
20250922;6.81;6.78;6.88;6.7;23138216;156679415;2.66;-1.17;-0.080
20250919;6.58;6.86;6.88;6.52;31123025;208970498;3.57;3.63;0.240
20250918;6.81;6.62;6.84;6.52;29894244;200707694;3.43;-3.36;-0.230
20250917;6.53;6.85;6.88;6.53;39696849;269242983;4.56;4.58;0.300
20250916;6.45;6.55;6.57;6.37;15266799;98738582;1.76;1.71;0.110
20250915;6.5;6.44;6.57;6.4;17089800;110128208;1.97;-2.13;-0.140
20250912;6.48;6.58;6.62;6.47;19223600;126124121;2.21;1.39;0.090
20250911;6.42;6.49;6.5;6.36;13798750;88897270;1.59;0.78;0.050
20250910;6.54;6.44;6.59;6.41;15886809;102866092;1.83;-1.53;-0.100
20250909;6.58;6.54;6.64;6.52;16545497;108802992;1.9;-0.61;-0.040
20250908;6.56;6.58;6.62;6.5;16226629;106268494;1.87;-0.15;-0.010
20250905;6.54;6.59;6.6;6.48;18288003;119873873;2.1;0.15;0.010
20250904;6.37;6.58;6.61;6.37;27801685;180740587;3.2;3.46;0.220
20250903;6.59;6.36;6.66;6.32;21227110;137187072;2.44;-1.24;-0.080
20250902;6.48;6.44;6.5;6.3;20919205;133591057;2.41;-0.77;-0.050
20250901;6.51;6.49;6.55;6.43;18268437;118607754;2.1;0.15;0.010
20250829;6.58;6.48;6.64;6.46;22586809;147620609;2.6;-1.97;-0.130
20250828;6.6;6.61;6.67;6.42;34691676;227396707;3.99;0.0;0.000
20250827;6.78;6.61;6.88;6.59;43554882;294252220;5.01;-2.94;-0.200
20250826;6.89;6.81;6.91;6.73;54753070;373100011;6.3;-3.54;-0.250
20250825;6.77;7.06;7.32;6.58;89633743;615943160;10.31;5.37;0.360
20250822;6.25;6.7;6.91;6.25;84314291;566002814;9.7;6.69;0.420
20250821;6.24;6.28;6.34;6.18;18437390;115301852;2.12;0.64;0.040
20250820;6.16;6.24;6.27;6.13;15498683;96384260;1.78;1.3;0.080
20250819;6.08;6.16;6.16;6.06;13972600;85362532;1.61;1.32;0.080
20250818;6.18;6.08;6.22;6.07;22935700;140198757;2.64;-1.62;-0.100
20250815;6.07;6.18;6.2;6.07;11513200;70981016;1.32;1.31;0.080
20250814;6.23;6.1;6.36;6.1;16275100;100823638;1.87;-1.77;-0.110
20250813;6.09;6.21;6.21;6.09;12758422;78616845;1.47;1.97;0.120
20250812;6.14;6.09;6.14;6.09;7679000;46878982;0.88;-0.81;-0.050
20250811;6.14;6.14;6.17;6.09;9697050;59392792;1.12;0.0;0.000
20250808;6.09;6.14;6.16;6.07;10245785;62807035;1.18;0.82;0.050
20250807;6.08;6.09;6.1;6.02;10560738;64119447;1.21;0.16;0.010
20250806;6.05;6.08;6.11;6.02;11446250;69619150;1.32;0.66;0.040
20250805;6.02;6.04;6.06;5.99;9666943;58264993;1.11;0.5;0.030
20250804;5.9;6.01;6.05;5.89;13251325;79165868;1.52;1.52;0.090
20250801;5.89;5.92;5.95;5.88;8185158;48413991;0.94;0.17;0.010
20250731;6.06;5.91;6.08;5.91;16778455;100086633;1.93;-0.67;-0.040
20250730;5.97;5.95;6.0;5.9;9249411;55059302;1.06;-0.34;-0.020
20250729;6.02;5.97;6.03;5.92;9769950;58297666;1.12;-0.67;-0.040
20250728;6.06;6.01;6.07;6.0;8952438;53903851;1.03;-0.83;-0.050
20250725;6.06;6.06;6.08;6.03;7839362;47513572;0.9;0.17;0.010
20250724;6.06;6.05;6.08;6.02;12777412;77253753;1.47;-0.17;-0.010
20250723;6.07;6.06;6.11;6.04;9792529;59543279;1.13;-0.33;-0.020
20250722;6.05;6.08;6.09;6.01;10397106;62948601;1.2;0.83;0.050
20250721;6.01;6.03;6.05;5.99;10215400;61510451;1.18;0.5;0.030
20250718;5.92;6.0;6.02;5.9;12175218;72716296;1.4;1.52;0.090
20250717;5.9;5.91;5.93;5.88;5340315;31576213;0.61;0.0;0.000
20250716;5.92;5.91;5.94;5.88;5495740;32486605;0.63;-0.34;-0.020
20250715;5.98;5.93;6.03;5.88;8906250;52879262;1.02;-0.5;-0.030
20250714;5.91;5.96;6.02;5.91;10340535;61901415;1.19;0.68;0.040
20250711;5.86;5.92;5.95;5.85;10778100;63666979;1.24;0.85;0.050
20250710;5.85;5.87;5.88;5.81;6763800;39548311;0.78;0.51;0.030
20250709;5.9;5.84;5.91;5.83;7312300;42890304;0.84;-0.68;-0.040
20250708;5.85;5.88;5.89;5.85;6676900;39236372;0.77;0.51;0.030
20250707;5.8;5.85;5.86;5.8;5170850;30178028;0.6;0.34;0.020
20250704;5.86;5.83;5.86;5.81;5883500;34330427;0.68;-0.68;-0.040
20250703;5.9;5.87;5.92;5.82;7100700;41615223;0.82;-0.34;-0.020
20250702;5.85;5.89;5.9;5.82;8673850;50963440;1.0;0.51;0.030
20250701;5.83;5.86;5.87;5.79;7248156;42221071;0.83;0.51;0.030
20250630;5.84;5.83;5.88;5.8;7171200;41828341;0.82;-0.17;-0.010
20250627;5.76;5.84;5.85;5.76;10258268;59757181;1.18;1.39;0.080
20250626;5.78;5.76;5.79;5.74;7260499;41867127;0.84;0.17;0.010
20250625;5.73;5.75;5.77;5.7;7474450;42940400;0.86;1.05;0.060
20250624;5.59;5.69;5.69;5.55;5360752;30312019;0.62;1.97;0.110
20250623;5.54;5.58;5.59;5.49;5517658;30587345;0.63;0.54;0.030
20250620;5.56;5.55;5.62;5.53;4620050;25709216;0.53;-0.54;-0.030
20250619;5.68;5.58;5.69;5.56;6415108;35955734;0.74;-1.59;-0.090
20250618;5.71;5.67;5.74;5.64;5254250;29804934;0.6;-1.05;-0.060
20250617;5.76;5.73;5.77;5.7;5717400;32774014;0.66;-0.17;-0.010
20250616;5.73;5.74;5.84;5.7;7922452;45649019;0.91;-0.35;-0.020
20250613;5.73;5.76;5.78;5.71;9211138;52982507;1.06;0.35;0.020
20250612;5.72;5.74;5.75;5.68;5995556;34310414;0.69;0.35;0.020
20250611;5.63;5.72;5.74;5.63;9420650;53816966;1.08;1.24;0.070
20250610;5.73;5.65;5.77;5.59;12230436;69322265;1.41;-1.57;-0.090
20250609;5.75;5.74;5.76;5.7;7899303;45230742;0.91;-0.17;-0.010
20250606;5.81;5.75;5.85;5.73;10948738;63297628;1.26;-0.86;-0.050
20250605;5.82;5.8;5.84;5.78;5536112;32140159;0.64;-0.68;-0.040
20250604;5.77;5.84;5.85;5.76;4732737;27533026;0.54;1.39;0.080
20250603;5.75;5.76;5.79;5.72;4687988;26997975;0.54;-0.35;-0.020
20250530;5.82;5.78;5.83;5.77;4438453;25739099;0.51;-0.52;-0.030
20250529;5.85;5.81;5.85;5.75;7652450;44526379;0.88;0.0;0.000
20250528;5.9;6.01;6.07;5.9;9125800;54560260;1.05;1.35;0.080
20250527;5.96;5.93;5.97;5.9;4573900;27087266;0.53;-0.67;-0.040
20250526;5.95;5.97;6.02;5.93;3823200;22842414;0.44;0.17;0.010
20250523;5.97;5.96;6.03;5.95;5588650;33514440;0.64;-0.33;-0.020
20250522;6.06;5.98;6.09;5.97;6166803;37104685;0.71;-1.32;-0.080
20250521;6.1;6.06;6.13;6.05;5152703;31288700;0.59;-1.14;-0.070
20250520;6.12;6.13;6.16;6.08;6142900;37556449;0.71;-0.49;-0.030
20250519;6.11;6.16;6.16;6.03;9422337;57596472;1.08;1.32;0.080
20250516;6.05;6.08;6.15;6.02;7494500;45721217;0.86;0.66;0.040
20250515;6.1;6.04;6.1;6.03;6041137;36592066;0.69;-1.15;-0.070
20250514;6.12;6.11;6.12;6.06;6114304;37273149;0.7;0.33;0.020
20250513;6.21;6.09;6.21;6.07;7590039;46376627;0.87;-0.98;-0.060
20250512;6.08;6.15;6.17;6.04;10670545;65254625;1.23;1.32;0.080
20250509;6.03;6.07;6.09;6.01;10284050;62241053;1.18;0.0;0.000
20250508;5.87;6.07;6.14;5.86;15604938;94419706;1.8;2.71;0.160
20250507;5.87;5.91;5.94;5.86;9951500;58759336;1.14;1.03;0.060
20250506;5.8;5.85;5.88;5.8;11017628;64346958;1.27;1.39;0.080
20250430;5.92;5.77;5.95;5.75;12571800;73515945;1.45;-2.7;-0.160
20250429;5.91;5.93;5.98;5.89;4924720;29280014;0.57;0.0;0.000
20250428;5.96;5.93;5.98;5.89;6564500;39019701;0.76;-0.84;-0.050
20250425;6.0;5.98;6.01;5.95;6519000;39027110;0.75;-0.33;-0.020
20250424;5.98;6.0;6.05;5.92;6813050;40859648;0.78;0.67;0.040
20250423;6.03;5.96;6.07;5.95;7882147;47087816;0.91;-1.16;-0.070
20250422;6.06;6.03;6.1;5.9;10148350;60718025;1.17;-1.31;-0.080
20250421;6.05;6.11;6.12;6.0;5904940;35999377;0.68;1.16;0.070
20250418;6.01;6.04;6.07;5.97;4167301;25083724;0.48;-0.17;-0.010
20250417;5.99;6.05;6.09;5.96;6641700;40221169;0.76;0.83;0.050
20250416;6.08;6.0;6.11;5.9;7037950;42130166;0.81;-1.15;-0.070
20250415;6.09;6.07;6.13;6.02;6904903;41870369;0.79;-0.49;-0.030
20250414;6.03;6.1;6.15;6.0;9407455;57280510;1.08;2.35;0.140
20250411;5.9;5.96;6.02;5.88;11120600;66474395;1.28;0.51;0.030
20250410;5.94;5.93;6.06;5.89;13147853;78336540;1.51;0.85;0.050
20250409;5.72;5.88;5.92;5.45;13572000;77769246;1.56;1.38;0.080
20250408;5.73;5.8;5.89;5.64;20287950;117409756;2.33;0.87;0.050
20250407;6.06;5.75;6.06;5.75;19884800;116183751;2.29;-10.02;-0.640
20250403;6.3;6.39;6.45;6.26;13517453;86133145;1.56;0.47;0.030
20250402;6.32;6.36;6.41;6.3;8904427;56653178;1.02;0.16;0.010
20250401;6.25;6.35;6.39;6.24;10587368;67125621;1.22;1.11;0.070
20250331;6.27;6.28;6.33;6.13;11155151;69475929;1.28;-0.79;-0.050
20250328;6.33;6.33;6.37;6.25;12558829;79028879;1.45;0.0;0.000
20250327;6.44;6.33;6.45;6.27;14385326;91100017;1.66;-2.31;-0.150
20250326;6.39;6.48;6.53;6.38;19711119;127682462;2.27;0.93;0.060
20250325;6.31;6.42;6.5;6.27;26412048;169436985;3.04;1.74;0.110
20250324;6.39;6.31;6.43;6.21;18517548;116918789;2.13;-1.41;-0.090
20250321;6.31;6.4;6.44;6.24;24918412;157916641;2.87;1.75;0.110
20250320;6.2;6.29;6.49;6.18;21943257;138833246;2.53;1.45;0.090
20250319;6.25;6.2;6.25;6.16;7092472;43875038;0.82;-0.64;-0.040
20250318;6.22;6.24;6.25;6.18;9711972;60427973;1.12;0.65;0.040
20250317;6.24;6.2;6.25;6.16;8507845;52736596;0.98;0.0;0.000
20250314;6.13;6.2;6.26;6.11;10209410;62924711;1.18;1.14;0.070
20250313;6.16;6.13;6.21;6.07;8289550;50687324;0.95;-0.81;-0.050
20250312;6.23;6.18;6.25;6.16;7335100;45410932;0.84;-0.8;-0.050
20250311;6.19;6.23;6.24;6.13;9556350;59048264;1.1;-0.16;-0.010
20250310;6.21;6.24;6.29;6.15;11840715;73681744;1.36;0.65;0.040
20250307;6.17;6.2;6.29;6.15;13753319;85709957;1.58;0.49;0.030
20250306;6.21;6.17;6.22;6.13;11958614;73729872;1.38;-0.32;-0.020
20250305;6.06;6.19;6.28;5.96;16995550;104074690;1.96;2.31;0.140
20250304;5.95;6.05;6.06;5.95;6543100;39443580;0.75;1.17;0.070
20250303;5.95;5.98;6.05;5.93;9076465;54547867;1.04;0.84;0.050
20250228;5.94;5.93;6.05;5.91;9257126;55263646;1.07;-1.0;-0.060
20250227;6.06;5.99;6.08;5.91;8923426;53322609;1.03;-1.16;-0.070
20250226;5.9;6.06;6.15;5.9;12971834;78227869;1.49;2.89;0.170
20250225;5.99;5.89;5.99;5.88;6912800;41059029;0.8;-1.67;-0.100
20250224;5.99;5.99;6.02;5.92;8450411;50530093;0.97;0.17;0.010
20250221;6.02;5.98;6.04;5.97;6886250;41260144;0.79;-0.66;-0.040
20250220;5.96;6.02;6.03;5.95;7035000;42175016;0.81;0.5;0.030
20250219;5.91;5.99;6.0;5.9;7560476;45035481;0.87;1.18;0.070
20250218;6.08;5.92;6.09;5.89;11410271;68298274;1.31;-2.63;-0.160
20250217;6.35;6.08;6.35;6.04;12269800;75120216;1.41;0.83;0.050
20250214;6.1;6.03;6.1;6.0;6720050;40643961;0.77;-0.99;-0.060
20250213;6.18;6.09;6.18;6.08;6304450;38564277;0.73;-0.98;-0.060
20250212;6.16;6.15;6.19;6.11;8149400;50011365;0.94;-0.16;-0.010
20250211;6.03;6.16;6.28;6.02;19473985;120351503;2.24;2.16;0.130
20250210;6.06;6.03;6.06;5.96;6736305;40404476;0.78;0.0;0.000
20250207;5.98;6.03;6.07;5.93;8425095;50682724;0.97;0.84;0.050
20250206;5.87;5.98;5.98;5.85;6333750;37531864;0.73;1.87;0.110
20250205;5.91;5.87;5.96;5.83;5885800;34640168;0.68;-0.51;-0.030
20250127;5.88;5.9;5.97;5.88;5315600;31532100;0.61;0.34;0.020
20250124;5.78;5.88;5.89;5.78;5443057;31788036;0.63;1.2;0.070
20250123;5.91;5.81;5.97;5.79;7992600;47077167;0.92;-0.85;-0.050
20250122;5.85;5.86;5.89;5.83;4179225;24486854;0.48;-0.34;-0.020
20250121;5.99;5.88;5.99;5.84;6267575;36776388;0.72;-0.51;-0.030
20250120;5.95;5.91;5.96;5.86;5876225;34772044;0.68;-0.17;-0.010
20250117;5.91;5.92;5.94;5.85;4992772;29459030;0.57;0.0;0.000
20250116;5.83;5.92;5.96;5.82;7713547;45592299;0.89;1.54;0.090
20250115;5.83;5.83;5.87;5.73;8475865;49137131;0.98;0.17;0.010
20250114;5.69;5.82;5.83;5.66;10751651;62021183;1.24;2.28;0.130
20250113;5.56;5.69;5.71;5.46;7936351;44558958;0.91;1.43;0.080
20250110;5.75;5.61;5.79;5.61;7000350;39841060;0.81;-1.75;-0.100
20250109;5.68;5.71;5.79;5.62;7833052;44864907;0.9;0.18;0.010
20250108;5.86;5.7;5.86;5.56;16351200;92602669;1.88;-2.56;-0.150
20250107;5.9;5.85;5.95;5.8;10120208;59220486;1.16;-0.34;-0.020
20250106;5.9;5.87;6.02;5.77;10057432;59460951;1.16;-0.51;-0.030
20250103;6.1;5.9;6.17;5.88;10698761;64397210;1.23;-2.96;-0.180
20250102;6.13;6.08;6.27;6.02;13009757;80137171;1.5;-1.3;-0.080