20251022;4.61;4.61;4.64;4.57;11853742;54670561;1.06;-0.22;-0.010
20251021;4.56;4.62;4.62;4.54;14452220;66401582;1.29;1.32;0.060
20251020;4.54;4.56;4.59;4.53;13560383;61769224;1.21;0.44;0.020
20251017;4.61;4.54;4.65;4.53;16862480;77261630;1.51;-2.16;-0.100
20251016;4.69;4.64;4.75;4.63;18571100;86677943;1.66;-1.07;-0.050
20251015;4.69;4.69;4.72;4.64;20502885;95698220;1.83;-0.42;-0.020
20251014;4.74;4.71;4.76;4.68;21178700;99967257;1.89;-0.42;-0.020
20251013;4.61;4.73;4.73;4.52;23114362;107837437;2.07;0.85;0.040
20251010;4.68;4.69;4.72;4.65;18027402;84535031;1.61;0.0;0.000
20251009;4.66;4.69;4.7;4.62;18027346;84171807;1.61;0.86;0.040
20250930;4.61;4.65;4.68;4.61;16675632;77461236;1.49;1.09;0.050
20250929;4.61;4.6;4.62;4.52;15850240;72612559;1.42;-0.22;-0.010
20250926;4.62;4.61;4.68;4.57;13953030;64514178;1.25;-0.86;-0.040
20250925;4.72;4.65;4.73;4.62;19069756;89029385;1.7;-1.69;-0.080
20250924;4.67;4.73;4.73;4.62;18545108;87282100;1.66;1.5;0.070
20250923;4.77;4.66;4.78;4.55;27855117;128863145;2.49;-2.71;-0.130
20250922;4.87;4.79;4.87;4.75;23779875;113768208;2.13;-1.84;-0.090
20250919;4.92;4.88;4.96;4.86;20558872;100715339;1.84;-1.01;-0.050
20250918;4.98;4.93;5.0;4.9;29879331;148061644;2.67;-1.0;-0.050
20250917;5.0;4.98;5.01;4.96;21547483;107344287;1.93;-0.6;-0.030
20250916;4.97;5.01;5.01;4.94;21323891;106165099;1.91;0.8;0.040
20250915;4.95;4.97;5.04;4.93;19796800;98545902;1.77;-0.2;-0.010
20250912;4.99;4.98;5.0;4.95;21738316;108180204;1.94;-0.4;-0.020
20250911;4.95;5.0;5.0;4.9;22314809;110623479;1.99;0.81;0.040
20250910;4.96;4.96;5.01;4.95;16087924;79961629;1.44;-0.2;-0.010
20250909;5.04;4.97;5.05;4.95;19861470;98995408;1.78;-1.39;-0.070
20250908;4.99;5.04;5.05;4.95;25614118;128185191;2.29;1.0;0.050
20250905;4.94;4.99;4.99;4.88;26524961;131219218;2.37;1.01;0.050
20250904;4.94;4.94;5.01;4.88;35195300;174132745;3.15;-0.4;-0.020
20250903;5.19;4.96;5.19;4.93;46104573;231770999;4.12;-3.88;-0.200
20250902;5.39;5.16;5.39;5.04;80371286;415154368;7.18;-4.44;-0.240
20250901;5.45;5.4;5.46;5.34;52054002;280208063;4.65;-1.82;-0.100
20250829;5.53;5.5;5.59;5.46;61470684;339326321;5.49;-0.72;-0.040
20250828;5.38;5.54;5.57;5.16;92802531;499643906;8.29;3.36;0.180
20250827;5.53;5.36;5.61;5.35;97794058;537952766;8.74;-2.9;-0.160
20250826;5.43;5.52;5.55;5.36;80833407;443198045;7.23;1.28;0.070
20250825;5.4;5.45;5.46;5.33;75720984;409694729;6.77;0.93;0.050
20250822;5.34;5.4;5.4;5.29;53699710;287185640;4.8;0.93;0.050
20250821;5.41;5.35;5.45;5.32;45581652;244634233;4.07;-1.11;-0.060
20250820;5.4;5.41;5.41;5.31;48988085;263004848;4.38;0.37;0.020
20250819;5.42;5.39;5.44;5.34;48561090;261738098;4.34;-0.37;-0.020
20250818;5.36;5.41;5.47;5.36;64487096;349292933;5.76;0.93;0.050
20250815;5.34;5.36;5.38;5.29;62841546;334934294;5.62;-0.19;-0.010
20250814;5.59;5.37;5.63;5.36;91003677;495032767;8.13;-3.94;-0.220
20250813;5.38;5.59;5.68;5.37;144701126;806549306;12.93;3.9;0.210
20250812;5.45;5.38;5.6;5.37;67015390;364830859;5.99;-1.28;-0.070
20250811;5.42;5.45;5.5;5.42;77854118;424874792;6.96;-0.18;-0.010
20250808;5.42;5.46;5.61;5.38;101669765;558770868;9.09;0.37;0.020
20250807;5.49;5.44;5.52;5.41;96491610;525148016;8.63;-1.09;-0.060
20250806;5.32;5.5;5.61;5.26;193707303;1057273014;17.33;0.36;0.020
20250805;5.1;5.48;5.58;5.08;248028676;1362514292;22.19;8.09;0.410
20250804;4.9;5.07;5.07;4.88;38736943;194483817;3.47;2.84;0.140
20250801;4.99;4.93;5.0;4.86;28700223;141108092;2.57;-1.2;-0.060
20250731;5.03;4.99;5.08;4.96;31748000;158988768;2.84;-1.19;-0.060
20250730;5.13;5.05;5.16;5.0;38946145;197404992;3.48;-1.37;-0.070
20250729;5.13;5.12;5.13;5.04;29163270;148115138;2.61;0.0;0.000
20250728;5.08;5.12;5.17;5.05;35478874;181635273;3.17;1.39;0.070
20250725;5.08;5.05;5.09;5.03;20526944;103664264;1.84;-0.59;-0.030
20250724;4.96;5.08;5.09;4.95;41619120;209620778;3.72;2.63;0.130
20250723;5.05;4.95;5.08;4.95;55870258;279731998;5.0;-2.94;-0.150
20250722;4.99;5.1;5.15;4.99;53892979;273032198;4.82;-1.35;-0.070
20250721;5.11;5.17;5.18;5.08;27627300;142366861;2.47;0.98;0.050
20250718;5.15;5.12;5.18;5.05;24294810;124146724;2.17;-0.39;-0.020
20250717;5.04;5.14;5.14;5.03;30712896;156608878;2.75;2.19;0.110
20250716;5.02;5.03;5.06;4.97;26393293;132748101;2.36;0.0;0.000
20250715;5.19;5.03;5.19;4.98;77095060;389203334;6.9;-5.81;-0.310
20250714;5.37;5.34;5.38;5.3;25823500;137618053;2.31;-0.56;-0.030
20250711;5.36;5.37;5.43;5.3;46183100;247644975;4.13;0.19;0.010
20250710;5.31;5.36;5.37;5.26;30106140;160442228;2.69;0.56;0.030
20250709;5.39;5.33;5.45;5.31;42334630;227572614;3.79;-1.3;-0.070
20250708;5.37;5.4;5.41;5.34;31939780;171846654;2.86;0.56;0.030
20250707;5.44;5.37;5.44;5.34;34761867;187108242;3.11;-1.1;-0.060
20250704;5.55;5.43;5.58;5.41;60164314;330242004;5.38;-2.86;-0.160
20250703;5.43;5.59;5.78;5.42;97518166;548062049;8.72;2.95;0.160
20250702;5.5;5.43;5.55;5.4;63837016;348725170;5.71;-2.34;-0.130
20250701;5.61;5.56;5.65;5.5;81341070;451714614;7.28;-0.54;-0.030
20250630;5.46;5.59;5.65;5.46;101113893;564702925;9.05;2.38;0.130
20250627;5.47;5.46;5.61;5.43;99901616;548855140;8.94;-0.18;-0.010
20250626;5.4;5.47;5.68;5.4;146579074;812586158;13.11;1.48;0.080
20250625;5.21;5.39;5.49;5.18;135618378;729124542;12.13;3.65;0.190
20250624;5.13;5.2;5.21;5.06;67501500;347219771;6.04;-0.38;-0.020
20250623;4.84;5.22;5.29;4.82;95964896;492085521;8.58;7.85;0.380
20250620;4.97;4.84;5.0;4.83;44115200;215810876;3.95;-3.59;-0.180
20250619;5.16;5.02;5.23;4.98;62002996;315044398;5.55;-4.02;-0.210
20250618;5.03;5.23;5.44;4.99;97442633;511939533;8.72;3.98;0.200
20250617;5.1;5.03;5.1;4.96;37635947;188567208;3.37;-1.37;-0.070
20250616;5.11;5.1;5.17;5.03;38177040;194437401;3.42;-0.78;-0.040
20250613;5.09;5.14;5.21;5.02;63865140;326564900;5.71;1.58;0.080
20250612;5.07;5.06;5.1;5.04;34111200;172743175;3.05;-0.78;-0.040
20250611;5.21;5.1;5.24;5.08;54166030;277487288;4.85;-1.16;-0.060
20250610;5.29;5.16;5.42;5.14;79536365;419634962;7.11;-2.64;-0.140
20250609;5.29;5.3;5.33;5.21;62314158;327747137;5.57;0.19;0.010
20250606;5.18;5.29;5.58;5.13;116778598;620782494;10.45;2.32;0.120
20250605;5.13;5.17;5.29;5.1;53387460;276025970;4.78;0.39;0.020
20250604;5.08;5.15;5.18;5.06;47202662;241659406;4.22;0.59;0.030
20250603;5.03;5.12;5.14;5.02;52212170;265573096;4.67;2.2;0.110
20250530;5.13;5.01;5.15;5.01;54640580;276209164;4.89;-3.09;-0.160
20250529;5.12;5.17;5.21;5.08;83272370;429010892;7.45;-0.58;-0.030
20250528;4.97;5.2;5.25;4.97;118769112;609887309;10.62;3.38;0.170
20250527;5.05;5.03;5.11;4.91;89741620;451301520;8.03;1.21;0.060
20250526;4.91;4.97;4.99;4.86;83667410;412788449;7.48;0.0;0.000
20250523;5.06;4.97;5.3;4.92;191640424;971667308;17.14;-2.17;-0.110
20250522;4.61;5.08;5.08;4.56;125104532;625908201;11.19;9.96;0.460
20250521;4.68;4.62;4.69;4.6;22504500;104114019;2.01;-1.7;-0.080
20250520;4.69;4.7;4.73;4.66;25471292;119208283;2.28;-0.63;-0.030
20250519;4.66;4.73;4.76;4.63;35448480;166713115;3.17;2.16;0.100
20250516;4.63;4.63;4.71;4.61;24948440;116349355;2.23;-0.43;-0.020
20250515;4.73;4.65;4.75;4.63;28379060;132340919;2.54;-2.31;-0.110
20250514;4.8;4.76;4.83;4.73;38285100;182373257;3.42;-1.24;-0.060
20250513;4.92;4.82;4.96;4.8;62920317;306260048;5.63;-2.03;-0.100
20250512;4.71;4.92;4.99;4.71;100914812;494601788;9.03;3.14;0.150
20250509;4.93;4.77;5.03;4.76;136679640;667776600;12.23;-3.25;-0.160
20250508;4.49;4.93;4.93;4.47;78149810;378775766;6.99;10.04;0.450
20250507;4.49;4.48;4.54;4.41;44751500;200163293;4.0;2.28;0.100
20250506;4.22;4.38;4.38;4.22;26121150;112807915;2.34;5.04;0.210
20250430;4.13;4.17;4.22;4.13;19495363;81477593;1.74;0.97;0.040
20250429;4.09;4.13;4.17;4.06;22457250;92627938;2.01;0.24;0.010
20250428;4.26;4.12;4.26;4.1;30114200;124611505;2.69;-3.51;-0.150
20250425;4.23;4.27;4.36;4.19;41237645;175967369;3.69;-2.73;-0.120
20250424;4.49;4.39;4.49;4.35;24687825;108748925;2.21;-2.01;-0.090
20250423;4.47;4.48;4.49;4.44;20519617;91689022;1.84;1.13;0.050
20250422;4.46;4.43;4.49;4.41;18796000;83534368;1.68;-1.34;-0.060
20250421;4.42;4.49;4.49;4.38;15663027;69866024;1.4;1.58;0.070
20250418;4.39;4.42;4.44;4.37;14183390;62509724;1.27;0.23;0.010
20250417;4.36;4.41;4.46;4.35;17469017;77425741;1.56;-0.23;-0.010
20250416;4.52;4.42;4.55;4.35;28082950;124426630;2.51;-2.43;-0.110
20250415;4.56;4.53;4.59;4.5;22042200;99955324;1.97;-0.44;-0.020
20250414;4.54;4.55;4.61;4.52;33182230;151531998;2.97;1.34;0.060
20250411;4.43;4.49;4.54;4.39;30710350;137825834;2.75;0.22;0.010
20250410;4.47;4.48;4.63;4.45;59402487;269539097;5.31;-0.44;-0.020
20250409;4.1;4.5;4.57;3.83;70774224;305361439;6.33;7.4;0.310
20250408;4.36;4.19;4.42;4.05;47371344;199525000;4.24;-4.77;-0.210
20250407;4.6;4.4;4.62;4.4;34752900;154966749;3.11;-10.02;-0.490
20250403;4.88;4.89;4.95;4.86;19564010;95789546;1.75;-0.41;-0.020
20250402;4.9;4.91;4.93;4.87;17683677;86712533;1.58;-0.2;-0.010
20250401;4.91;4.92;4.97;4.89;24520200;120889511;2.19;0.82;0.040
20250331;4.95;4.88;4.96;4.79;39704352;192776652;3.55;-2.2;-0.110
20250328;5.1;4.99;5.14;4.99;37498400;189191959;3.35;-2.35;-0.120
20250327;5.22;5.11;5.25;5.06;44984524;230837942;4.02;-2.48;-0.130
20250326;5.2;5.24;5.37;5.15;43751210;230911059;3.91;0.0;0.000
20250325;5.16;5.24;5.4;5.13;58355790;306984873;5.22;1.35;0.070
20250324;5.4;5.17;5.4;4.99;87175683;450791851;7.8;-4.79;-0.260
20250321;5.4;5.43;5.6;5.34;104787314;574468782;9.37;-0.18;-0.010
20250320;5.15;5.44;5.54;5.13;118836049;638208342;10.63;5.22;0.270
20250319;5.23;5.17;5.23;5.15;32077910;165772275;2.87;-1.15;-0.060
20250318;5.21;5.23;5.25;5.18;39039909;203496594;3.49;0.38;0.020
20250317;5.24;5.21;5.28;5.19;34869060;182277183;3.12;-0.57;-0.030
20250314;5.15;5.24;5.24;5.1;39956102;207221151;3.57;1.16;0.060
20250313;5.26;5.18;5.29;5.1;40416384;208676280;3.62;-1.71;-0.090
20250312;5.27;5.27;5.37;5.26;53652742;284903873;4.8;0.19;0.010
20250311;5.13;5.26;5.29;5.1;55321128;289013389;4.95;1.54;0.080
20250310;5.12;5.18;5.22;5.1;49248720;254247421;4.41;1.37;0.070
20250307;5.13;5.11;5.21;5.06;47410160;243225629;4.24;-1.16;-0.060
20250306;5.14;5.17;5.2;5.13;42134266;217527993;3.77;0.98;0.050
20250305;5.09;5.12;5.13;5.02;33884657;172293329;3.03;0.2;0.010
20250304;4.92;5.11;5.13;4.9;49735310;251042853;4.45;3.65;0.180
20250303;4.99;4.93;5.05;4.93;37460540;187138138;3.35;-1.2;-0.060
20250228;5.19;4.99;5.22;4.99;48989650;249000222;4.38;-4.59;-0.240
20250227;5.33;5.23;5.38;5.12;58409528;305805423;5.23;-0.57;-0.030
20250226;5.26;5.26;5.3;5.2;49715212;260683046;4.45;0.57;0.030
20250225;5.12;5.23;5.29;5.08;66001547;345168668;5.9;0.97;0.050
20250224;5.13;5.18;5.2;5.07;50731676;260738324;4.54;0.78;0.040
20250221;5.18;5.14;5.18;5.06;49328928;252447771;4.41;0.0;0.000
20250220;5.04;5.14;5.14;4.98;57276210;291575832;5.12;1.98;0.100
20250219;4.88;5.04;5.05;4.86;48706930;243038744;4.36;3.28;0.160
20250218;5.09;4.88;5.1;4.85;50182910;249443733;4.49;-3.56;-0.180
20250217;4.95;5.06;5.12;4.95;50101364;252276972;4.48;2.22;0.110
20250214;5.06;4.95;5.07;4.91;47871610;238332145;4.28;-2.37;-0.120
20250213;5.18;5.07;5.2;5.02;54874760;279080901;4.91;-1.74;-0.090
20250212;5.1;5.16;5.22;5.06;44671711;230317512;4.0;0.78;0.040
20250211;5.24;5.12;5.24;5.1;58052152;298683814;5.19;-1.35;-0.070
20250210;5.02;5.19;5.2;5.02;73433208;375086854;6.57;4.01;0.200
20250207;4.9;4.99;5.13;4.89;109575124;551071924;9.8;0.6;0.030
20250206;4.84;4.96;4.98;4.68;153358021;739749277;13.72;2.9;0.140
20250205;4.82;4.82;4.82;4.82;10905800;52565956;0.98;-9.91;-0.530
20250127;5.35;5.35;5.35;5.35;8300400;44407140;0.74;-9.93;-0.590
20250124;5.87;5.94;5.94;5.84;22203690;131180712;1.99;1.02;0.060
20250123;5.95;5.88;6.03;5.88;28402550;169301304;2.54;0.17;0.010
20250122;5.91;5.87;5.94;5.83;19172900;112811607;1.72;-1.34;-0.080
20250121;6.0;5.95;6.02;5.88;20110483;119433088;1.8;-0.5;-0.030
20250120;6.01;5.98;6.04;5.93;23721050;142027132;2.12;0.17;0.010
20250117;5.92;5.97;5.99;5.88;21116521;125448815;1.89;0.0;0.000
20250116;5.93;5.97;6.02;5.88;25890390;154239499;2.32;1.36;0.080
20250115;5.93;5.89;5.97;5.86;24032022;142361976;2.15;-1.01;-0.060
20250114;5.65;5.95;5.97;5.64;36866441;215769068;3.3;5.68;0.320
20250113;5.58;5.63;5.72;5.45;28290335;158260837;2.53;-1.23;-0.070
20250110;5.82;5.7;6.01;5.7;35907865;210768040;3.21;-2.73;-0.160
20250109;5.75;5.86;5.91;5.74;27062293;158636595;2.42;0.86;0.050
20250108;5.75;5.81;5.94;5.53;36640593;209852347;3.28;0.52;0.030
20250107;5.64;5.78;5.78;5.61;24602883;140004341;2.2;2.66;0.150
20250106;5.63;5.63;5.74;5.47;25610900;143887515;2.29;0.18;0.010
20250103;5.81;5.62;5.86;5.6;31673083;180814773;2.83;-3.1;-0.180
20250102;5.9;5.8;6.04;5.74;33661920;197603836;3.01;-2.36;-0.140