20251022;15.85;16.02;16.11;15.7;19971011;317402498;3.55;0.13;0.020
20251021;15.71;16.0;16.07;15.6;25578765;406227504;4.55;2.56;0.400
20251020;15.89;15.6;15.95;15.52;22392295;351847917;3.99;-0.45;-0.070
20251017;16.9;15.67;16.97;15.66;47570897;767245431;8.47;-6.89;-1.160
20251016;17.33;16.83;17.35;16.7;31219241;528338959;5.56;-2.83;-0.490
20251015;16.8;17.32;17.6;16.57;41496486;711403570;7.39;2.97;0.500
20251014;17.66;16.82;17.7;16.71;46237195;790624929;8.23;-3.11;-0.540
20251013;16.75;17.36;17.48;16.41;50562773;865413676;9.0;-3.39;-0.610
20251010;18.05;17.97;18.52;17.9;64182822;1161867284;11.42;-2.6;-0.480
20251009;18.06;18.45;19.0;18.03;129177459;2391096456;22.99;0.87;0.160
20250930;16.68;18.29;18.29;16.68;96842922;1704470057;17.24;9.98;1.660
20250929;16.57;16.63;16.88;16.29;27680675;458444986;4.93;0.73;0.120
20250926;17.03;16.51;17.11;16.48;37660035;628919491;6.7;-3.9;-0.670
20250925;17.15;17.18;17.6;17.08;53180750;917976192;9.47;-0.81;-0.140
20250924;17.11;17.32;17.48;16.49;67586675;1146355194;12.03;1.23;0.210
20250923;18.04;17.11;18.22;16.7;98336958;1695411207;17.5;-3.28;-0.580
20250922;17.01;17.69;17.69;16.98;35746501;625964417;6.36;10.01;1.610
20250919;16.45;16.08;16.65;16.04;22511896;365778946;4.01;-2.25;-0.370
20250918;16.67;16.45;16.99;16.3;34441601;573893654;6.13;-2.37;-0.400
20250917;16.81;16.85;17.19;16.72;34633938;585610035;6.16;0.12;0.020
20250916;16.35;16.83;17.36;16.25;43206863;724079236;7.69;2.56;0.420
20250915;16.32;16.41;16.75;16.24;31007887;511489145;5.52;1.8;0.290
20250912;16.29;16.12;16.36;16.09;18558800;301061673;3.3;-1.23;-0.200
20250911;15.89;16.32;16.33;15.7;23153781;372474022;4.12;2.06;0.330
20250910;16.25;15.99;16.35;15.98;21268265;343214483;3.79;-1.6;-0.260
20250909;16.72;16.25;16.79;16.17;22560627;369677310;4.02;-3.22;-0.540
20250908;16.93;16.79;17.15;16.68;25458700;428818526;4.53;-1.0;-0.170
20250905;16.16;16.96;16.98;16.0;39230471;651823689;6.98;5.15;0.830
20250904;16.2;16.13;16.67;15.85;34753700;567591959;6.19;-0.37;-0.060
20250903;16.74;16.19;16.85;16.12;20401124;335876049;3.63;-2.94;-0.490
20250902;17.2;16.68;17.23;16.46;28867888;483333153;5.14;-3.36;-0.580
20250901;17.47;17.26;17.85;17.14;25619916;444563417;4.56;-0.52;-0.090
20250829;17.69;17.35;17.71;17.27;26139416;454587037;4.65;-1.98;-0.350
20250828;17.65;17.7;17.94;17.01;49753988;871459476;8.86;-0.28;-0.050
20250827;17.9;17.75;18.58;17.71;71927492;1309789757;12.8;-0.28;-0.050
20250826;17.2;17.8;18.05;17.1;53921577;952698306;9.6;2.24;0.390
20250825;17.65;17.41;17.85;17.26;46741362;816659300;8.32;-1.3;-0.230
20250822;17.54;17.64;17.72;17.44;39934057;701962077;7.11;-0.4;-0.070
20250821;17.97;17.71;18.14;17.5;56628230;1010847790;10.08;-0.51;-0.090
20250820;17.1;17.8;17.97;16.98;68805627;1214498046;12.25;3.97;0.680
20250819;16.97;17.12;17.29;16.86;39901752;682240890;7.1;1.06;0.180
20250818;16.7;16.94;17.17;16.69;47603470;808627430;8.47;1.44;0.240
20250815;16.62;16.7;17.0;16.62;51738307;868626715;9.21;-0.71;-0.120
20250814;16.79;16.82;17.03;16.45;63431327;1064995814;11.29;2.19;0.360
20250813;16.5;16.46;16.8;16.37;35670987;589111672;6.35;0.3;0.050
20250812;16.35;16.41;16.45;16.21;23429588;382898405;4.17;0.31;0.050
20250811;16.11;16.36;16.4;16.11;26147797;426954085;4.65;1.55;0.250
20250808;16.28;16.11;16.49;16.0;32258453;522774723;5.74;-1.95;-0.320
20250807;16.34;16.43;16.65;16.16;62384185;1024493256;11.1;1.67;0.270
20250806;15.5;16.16;16.79;15.39;74444606;1207402606;13.25;4.26;0.660
20250805;15.39;15.5;15.6;15.33;18084030;279382431;3.22;0.85;0.130
20250804;15.23;15.37;15.37;15.07;15506470;236315121;2.76;0.0;0.000
20250801;15.42;15.37;15.6;15.2;22045100;338706690;3.92;-0.13;-0.020
20250731;15.85;15.39;16.08;15.33;28126623;440125906;5.01;-2.53;-0.400
20250730;15.97;15.79;16.3;15.66;21682155;344656790;3.86;-0.63;-0.100
20250729;15.8;15.89;15.91;15.51;20098289;315951570;3.58;0.13;0.020
20250728;16.04;15.87;16.04;15.84;16165001;257117222;2.88;-0.25;-0.040
20250725;15.83;15.91;15.95;15.76;19780079;314006456;3.52;0.38;0.060
20250724;15.58;15.85;15.85;15.52;25315610;398635033;4.51;2.26;0.350
20250723;15.7;15.5;15.77;15.46;14632030;228269048;2.6;-0.9;-0.140
20250722;15.7;15.64;15.74;15.47;16745320;261050240;2.98;-0.82;-0.130
20250721;15.78;15.77;15.79;15.6;16123089;253243212;2.87;0.51;0.080
20250718;15.89;15.69;15.93;15.63;16832740;264747578;3.0;-1.32;-0.210
20250717;15.39;15.9;15.9;15.31;29664301;465422432;5.28;3.18;0.490
20250716;15.35;15.41;15.58;15.33;14816400;229364541;2.64;0.26;0.040
20250715;15.5;15.37;15.51;15.14;15959300;244439296;2.84;-0.32;-0.050
20250714;15.52;15.42;15.57;15.4;11198900;172911360;1.99;-0.77;-0.120
20250711;15.45;15.54;15.6;15.28;15246630;235718040;2.71;0.58;0.090
20250710;15.59;15.45;15.61;15.3;16411301;252783781;2.92;-0.77;-0.120
20250709;15.69;15.57;15.8;15.55;18679400;292332484;3.32;-0.76;-0.120
20250708;15.55;15.69;15.73;15.48;15210756;238097962;2.71;1.16;0.180
20250707;15.64;15.51;15.69;15.45;14807900;230119048;2.64;-1.27;-0.200
20250704;16.01;15.71;16.04;15.67;25618401;404359914;4.56;-2.3;-0.370
20250703;15.74;16.08;16.15;15.71;33271155;532035555;5.92;2.16;0.340
20250702;16.01;15.74;16.05;15.64;22663855;357836217;4.03;-2.36;-0.380
20250701;15.98;16.12;16.15;15.73;25277755;403545338;4.5;1.0;0.160
20250630;15.88;15.96;16.25;15.88;26437844;423081027;4.71;0.31;0.050
20250627;15.93;15.91;16.35;15.51;32926540;523669958;5.86;0.76;0.120
20250626;16.07;15.79;16.13;15.77;25960583;413244676;4.62;-1.74;-0.280
20250625;15.76;16.07;16.08;15.7;29328996;467223862;5.22;2.16;0.340
20250624;15.38;15.73;15.73;15.36;19866000;310447496;3.54;2.54;0.390
20250623;14.72;15.34;15.36;14.71;22218300;337848311;3.95;2.47;0.370
20250620;15.4;14.97;15.59;14.96;24824965;375396852;4.42;-3.23;-0.500
20250619;15.85;15.47;16.24;15.41;30117175;474367919;5.36;-3.19;-0.510
20250618;15.88;15.98;16.35;15.83;30314281;486711604;5.4;-0.37;-0.060
20250617;15.6;16.04;16.33;15.58;40297764;646698557;7.17;2.95;0.460
20250616;15.49;15.58;15.81;15.41;19539381;305631477;3.48;-0.38;-0.060
20250613;15.97;15.64;16.06;15.52;37985812;598459520;6.76;-3.4;-0.550
20250612;16.19;16.19;16.58;16.15;39311251;640702810;7.0;0.43;0.070
20250611;15.9;16.12;16.38;15.86;29887501;482003309;5.32;1.19;0.190
20250610;16.14;15.93;16.34;15.72;33044700;529424498;5.88;-1.24;-0.200
20250609;16.0;16.13;16.16;15.88;24856485;399307652;4.42;1.57;0.250
20250606;16.01;15.88;16.04;15.81;22455614;357289170;4.0;-1.73;-0.280
20250605;15.9;16.16;16.25;15.8;36715700;589544332;6.53;1.32;0.210
20250604;15.59;15.95;16.0;15.5;30047299;476620556;5.35;2.31;0.360
20250603;15.21;15.59;16.16;15.14;35867550;561078224;6.38;1.83;0.280
20250530;15.87;15.31;16.02;15.25;39699100;614983003;7.07;-4.31;-0.690
20250529;15.63;16.0;16.25;15.63;47045000;752650230;8.37;1.65;0.260
20250528;16.06;15.74;16.54;15.71;59741300;961746557;10.63;-1.25;-0.200
20250527;16.21;15.94;16.3;15.81;48944852;781981233;8.71;-1.67;-0.270
20250526;15.69;16.21;16.39;15.36;75644903;1202429574;13.46;1.76;0.280
20250523;16.0;15.93;16.65;15.75;110009806;1792086088;19.58;-1.48;-0.240
20250522;14.62;16.17;16.17;14.48;56777690;893907477;10.11;10.0;1.470
20250521;14.82;14.7;14.85;14.62;12956350;190599402;2.31;-1.47;-0.220
20250520;14.8;14.92;15.07;14.56;16309850;242166668;2.9;0.81;0.120
20250519;14.66;14.8;14.82;14.44;13591000;199055191;2.42;0.2;0.030
20250516;14.61;14.77;14.98;14.59;13077500;194088618;2.33;0.0;0.000
20250515;15.05;14.77;15.05;14.73;14496852;215180087;2.58;-2.38;-0.360
20250514;15.29;15.13;15.34;15.02;21936400;331935662;3.9;-0.53;-0.080
20250513;15.99;15.21;15.99;15.18;36602800;564639554;6.51;-1.62;-0.250
20250512;15.35;15.46;15.48;15.15;30853275;472429930;5.49;2.59;0.390
20250509;15.15;15.07;15.28;14.84;29969952;451240840;5.33;-0.33;-0.050
20250508;14.8;15.12;15.19;14.71;26532100;399209365;4.72;2.02;0.300
20250507;15.2;14.82;15.2;14.6;29697644;440870719;5.29;-0.2;-0.030
20250506;14.34;14.85;14.86;14.25;28824600;421146396;5.13;4.58;0.650
20250430;13.88;14.2;14.3;13.88;31033906;438903843;5.52;3.65;0.500
20250429;13.61;13.7;13.85;13.44;16363455;224265819;2.91;0.66;0.090
20250428;13.75;13.61;13.96;13.58;16097100;221008220;2.87;-2.23;-0.310
20250425;13.95;13.92;14.13;13.9;16890058;236597763;3.01;-0.29;-0.040
20250424;14.26;13.96;14.38;13.92;20190000;284265812;3.59;-2.45;-0.350
20250423;14.28;14.31;14.66;14.24;28588097;411493149;5.09;2.51;0.350
20250422;14.11;13.96;14.24;13.95;17967900;252556561;3.2;-1.62;-0.230
20250421;13.74;14.19;14.21;13.61;22915506;320342519;4.08;3.28;0.450
20250418;13.67;13.74;13.82;13.6;15329675;210146897;2.73;0.15;0.020
20250417;13.6;13.72;14.04;13.6;20238414;280435033;3.6;-0.07;-0.010
20250416;14.0;13.73;14.04;13.4;25449818;349702583;4.53;-2.14;-0.300
20250415;14.05;14.03;14.32;13.84;27090304;379899003;4.82;-0.64;-0.090
20250414;14.5;14.12;14.58;14.07;53004994;755979615;9.43;2.62;0.360
20250411;13.31;13.76;14.0;13.28;41291298;566230773;7.35;1.55;0.210
20250410;13.63;13.55;13.89;13.4;48816900;668003689;8.69;3.91;0.510
20250409;12.34;13.04;13.31;11.47;61433530;749622281;10.93;2.35;0.300
20250408;13.1;12.74;13.85;12.74;39846100;517719216;7.09;-9.96;-1.410
20250407;14.15;14.15;14.29;14.15;8993300;127341497;1.6;-9.99;-1.570
20250403;16.08;15.72;16.51;15.58;42404923;678848758;7.55;-6.21;-1.040
20250402;16.82;16.76;17.05;16.7;18870100;318439702;3.36;-0.48;-0.080
20250401;17.25;16.84;17.36;16.66;32705713;554901771;5.82;-1.98;-0.340
20250331;18.2;17.18;18.3;16.84;55283601;954651400;9.84;-7.14;-1.320
20250328;18.45;18.5;19.05;18.3;31198629;581547983;5.55;-0.11;-0.020
20250327;18.9;18.52;19.23;18.5;37550374;704400648;6.68;-3.39;-0.650
20250326;18.61;19.17;19.4;18.29;58277532;1104799464;10.37;0.79;0.150
20250325;18.7;19.02;19.6;18.5;78317895;1504865929;13.94;0.74;0.140
20250324;18.1;18.88;19.3;18.1;58700103;1103916080;10.45;4.54;0.820
20250321;18.8;18.06;19.05;18.01;50048939;917280075;8.91;-5.49;-1.050
20250320;18.62;19.11;19.66;18.6;84736575;1633943323;15.08;2.08;0.390
20250319;17.93;18.72;19.25;17.86;74750017;1396208072;13.3;3.71;0.670
20250318;17.87;18.05;18.19;17.71;27073650;486245694;4.82;1.52;0.270
20250317;17.73;17.78;17.9;17.64;14978505;266194012;2.67;0.51;0.090
20250314;17.42;17.69;17.73;17.21;19512900;342076589;3.47;1.49;0.260
20250313;17.69;17.43;17.71;17.09;23777100;412527089;4.23;-1.8;-0.320
20250312;17.76;17.75;18.08;17.6;21220398;378101561;3.78;0.34;0.060
20250311;17.52;17.69;17.84;17.42;14946900;263705109;2.66;-0.56;-0.100
20250310;17.9;17.79;18.0;17.63;21561400;383113750;3.84;-1.6;-0.290
20250307;17.89;18.08;18.38;17.8;34807310;630873307;6.2;0.28;0.050
20250306;17.62;18.03;18.3;17.62;40139192;723845645;7.14;3.03;0.530
20250305;17.45;17.5;17.75;17.38;24953979;438568306;4.44;0.29;0.050
20250304;17.22;17.45;17.46;17.15;20030100;347408683;3.57;0.11;0.020
20250303;17.16;17.43;17.62;16.95;28466790;493026875;5.07;1.16;0.200
20250228;18.2;17.23;18.21;17.02;42490480;751219373;7.56;-7.02;-1.300
20250227;19.13;18.53;19.14;18.11;46305000;856334525;8.24;-2.01;-0.380
20250226;18.39;18.91;19.28;18.2;62043377;1164431152;11.04;2.72;0.500
20250225;18.4;18.41;18.88;18.2;43936040;813976741;7.82;-1.81;-0.340
20250224;18.85;18.75;18.88;18.4;43609954;811697378;7.76;-0.69;-0.130
20250221;19.08;18.88;19.23;18.61;77843476;1469999783;13.86;-1.56;-0.300
20250220;18.79;19.18;19.7;18.59;99643771;1902627803;17.74;6.03;1.090
20250219;17.41;18.09;18.1;17.33;39890300;713936505;7.1;4.03;0.700
20250218;18.35;17.39;18.54;17.34;43635225;781769563;7.77;-5.23;-0.960
20250217;17.95;18.35;18.45;17.95;41067657;750530111;7.31;2.23;0.400
20250214;18.7;17.95;18.7;17.79;57045568;1030518746;10.15;-4.01;-0.750
20250213;19.25;18.7;19.36;18.58;53973594;1018185894;9.61;-3.41;-0.660
20250212;18.85;19.36;19.73;18.68;65257901;1247365622;11.62;0.73;0.140
20250211;19.75;19.22;20.4;18.96;83513960;1645106560;14.86;-2.29;-0.450
20250210;19.6;19.67;19.97;19.11;73588109;1441628372;13.1;0.05;0.010
20250207;19.62;19.66;20.5;19.22;88612136;1755556528;15.77;0.31;0.060
20250206;18.62;19.6;20.18;18.55;82934825;1624173003;14.76;4.26;0.800
20250205;18.48;18.8;19.15;18.37;67074300;1262177531;11.94;3.58;0.650
20250127;18.45;18.15;18.92;18.06;48583590;899193986;8.65;-1.52;-0.280
20250124;17.69;18.43;18.49;17.45;64197209;1157540533;11.43;3.19;0.570
20250123;18.9;17.86;19.15;17.85;73568874;1364277046;13.09;-5.15;-0.970
20250122;18.45;18.83;19.15;18.07;81174348;1514693431;14.45;0.8;0.150
20250121;18.56;18.68;19.28;18.31;95584657;1786682189;17.01;3.84;0.690
20250120;18.0;17.99;18.34;17.45;67670066;1213264357;12.04;0.45;0.080
20250117;17.58;17.91;18.36;17.34;82605969;1479850445;14.7;2.17;0.380
20250116;17.93;17.53;18.2;17.39;61551400;1093298492;10.96;0.52;0.090
20250115;17.79;17.44;17.92;17.28;53709211;940618106;9.56;-2.52;-0.450
20250114;16.72;17.89;17.89;16.6;65413215;1142392497;11.64;6.49;1.090
20250113;16.27;16.8;16.84;15.75;50759464;831482373;9.03;0.3;0.050
20250110;18.0;16.75;18.34;16.6;77570911;1354261659;13.81;-7.61;-1.380
20250109;17.31;18.13;18.66;17.31;94696265;1715816698;16.85;3.01;0.530
20250108;18.02;17.6;18.29;16.75;110623014;1930717572;19.69;-3.98;-0.730
20250107;18.0;18.33;19.4;17.9;124247077;2289377357;22.11;-7.84;-1.560
20250106;21.16;19.89;21.37;19.89;59705847;1196902571;10.63;-10.0;-2.210
20250103;22.48;22.1;23.65;21.16;131466518;2959352215;23.4;-0.23;-0.050
20250102;21.62;22.15;22.44;20.79;94778048;2044342192;16.7;2.12;0.460