20251022;17.12;17.24;17.76;17.01;4198448;72969914;5.98;0.52;0.090
20251021;16.91;17.15;17.19;16.74;2019600;34358282;2.88;1.78;0.300
20251020;16.65;16.85;16.85;16.41;2748000;45965136;3.92;3.12;0.510
20251017;17.17;16.34;17.2;16.29;3296100;54919370;4.7;-5.33;-0.920
20251016;17.39;17.26;17.58;17.17;2884111;50003062;4.11;-0.12;-0.020
20251015;16.83;17.28;17.31;16.7;3195515;54466253;4.55;2.49;0.420
20251014;17.09;16.86;17.38;16.77;3366142;57401307;4.8;-0.88;-0.150
20251013;16.7;17.01;17.11;16.1;3284700;55109332;4.68;-0.93;-0.160
20251010;17.42;17.17;17.43;17.08;3700277;63804021;5.27;-0.69;-0.120
20251009;17.34;17.29;17.52;17.19;3189627;55276667;4.55;-0.12;-0.020
20250930;17.7;17.31;17.81;17.31;2977900;52279429;4.24;-1.2;-0.210
20250929;17.33;17.52;17.65;17.18;2775600;48532220;3.96;0.81;0.140
20250926;17.56;17.38;17.84;17.38;2494460;43816335;3.55;-1.81;-0.320
20250925;17.85;17.7;18.11;17.67;2787165;49875112;3.97;-0.78;-0.140
20250924;17.71;17.84;17.87;17.46;2684016;47498963;3.82;0.9;0.160
20250923;17.87;17.68;17.96;17.2;3782188;66124647;5.39;-1.06;-0.190
20250922;17.78;17.87;18.1;17.72;2399380;42851896;3.42;0.34;0.060
20250919;18.11;17.81;18.37;17.71;4079397;73304281;5.81;-2.41;-0.440
20250918;18.4;18.25;18.95;18.03;6695218;123522836;9.54;-1.03;-0.190
20250917;18.05;18.44;18.56;18.02;4322300;79477587;6.16;1.6;0.290
20250916;17.86;18.15;18.18;17.7;2748900;49380441;3.92;1.68;0.300
20250915;18.04;17.85;18.12;17.79;2337200;41844406;3.33;-1.22;-0.220
20250912;18.25;18.07;18.35;18.01;3009683;54610938;4.29;-1.42;-0.260
20250911;17.75;18.33;18.33;17.6;4138268;74705487;5.9;2.75;0.490
20250910;17.8;17.84;18.02;17.7;2523475;44999847;3.6;0.39;0.070
20250909;17.9;17.77;18.24;17.69;3652800;65486725;5.21;-1.0;-0.180
20250908;17.9;17.95;18.06;17.73;3019700;54035449;4.3;0.34;0.060
20250905;17.25;17.89;17.89;17.18;4990800;87933295;7.11;4.13;0.710
20250904;17.3;17.18;17.66;16.84;4772625;82864294;6.8;-0.23;-0.040
20250903;17.73;17.22;18.07;17.18;5162700;90495814;7.36;-3.1;-0.550
20250902;17.86;17.77;18.23;17.3;5562328;98267618;7.93;-0.5;-0.090
20250901;18.13;17.86;18.31;17.8;4850145;87389391;6.91;-0.89;-0.160
20250829;18.28;18.02;18.54;17.95;6746067;122366613;9.61;-2.22;-0.410
20250828;18.51;18.43;18.97;17.8;9171331;168786869;13.07;-1.5;-0.280
20250827;18.57;18.71;19.55;18.57;12565469;239410929;17.91;0.27;0.050
20250826;18.6;18.66;18.85;18.52;3844200;71945569;5.48;-0.37;-0.070
20250825;18.78;18.73;18.94;18.54;5777858;108318977;8.23;-0.27;-0.050
20250822;18.71;18.78;18.87;18.56;5531988;103464752;7.88;0.43;0.080
20250821;19.3;18.7;19.46;18.68;7784142;147167728;11.09;-2.04;-0.390
20250820;18.96;19.09;19.15;18.78;7011403;133188756;9.99;-0.37;-0.070
20250819;18.81;19.16;19.98;18.75;13059984;251598873;18.61;1.59;0.300
20250818;18.7;18.86;19.05;18.56;8664524;163164716;12.35;1.4;0.260
20250815;17.87;18.6;18.75;17.87;10092509;186274700;14.38;3.85;0.690
20250814;18.41;17.91;18.49;17.88;7136700;128973889;10.17;-2.66;-0.490
20250813;18.31;18.4;18.49;18.21;6151000;112727866;8.77;0.16;0.030
20250812;18.58;18.37;18.95;18.3;8360434;154820326;11.91;-1.71;-0.320
20250811;18.6;18.69;18.99;18.37;14927274;277945515;21.27;1.08;0.200
20250808;18.89;18.49;19.1;18.25;16885430;312619558;24.06;-4.2;-0.810
20250807;17.6;19.3;20.56;17.55;25348585;486264062;36.12;9.22;1.630
20250806;17.5;17.67;17.71;17.48;3957504;69750459;5.64;0.51;0.090
20250805;17.42;17.58;17.58;17.35;3744808;65606015;5.34;1.27;0.220
20250804;17.09;17.36;17.39;17.09;2123327;36734715;3.03;0.93;0.160
20250801;16.9;17.2;17.23;16.82;3127397;53442180;4.46;1.3;0.220
20250731;17.13;16.98;17.41;16.93;3647981;62626717;5.2;-1.39;-0.240
20250730;17.44;17.22;17.45;17.04;3987824;68739265;5.68;-1.26;-0.220
20250729;17.39;17.44;17.56;17.22;3729974;64770152;5.32;-0.63;-0.110
20250728;17.3;17.55;17.71;17.22;5021331;87943460;7.16;1.45;0.250
20250725;17.46;17.3;17.47;17.18;4569800;78873473;6.51;-0.75;-0.130
20250724;17.22;17.43;17.48;17.21;4206833;73209814;5.99;0.4;0.070
20250723;17.9;17.36;17.95;17.3;6965581;121801208;9.93;-2.69;-0.480
20250722;17.58;17.84;17.96;17.32;8691504;153361685;12.39;1.54;0.270
20250721;17.48;17.57;17.63;17.37;5613630;98426297;8.0;-0.06;-0.010
20250718;17.65;17.58;17.79;17.47;5814753;102298336;8.29;-0.96;-0.170
20250717;17.61;17.75;17.75;17.34;8359733;146785777;11.91;0.62;0.110
20250716;17.75;17.64;17.9;17.51;8848983;156336810;12.61;-1.34;-0.240
20250715;18.37;17.88;18.49;17.65;15108920;270682035;21.53;-3.66;-0.680
20250714;17.1;18.56;20.54;16.94;22788777;430347811;32.47;8.41;1.440
20250711;17.1;17.12;17.43;16.79;6200000;105779123;8.83;-0.23;-0.040
20250710;17.37;17.16;17.66;17.07;8087016;139964798;11.52;-2.22;-0.390
20250709;17.1;17.55;18.35;17.06;12670164;223682107;18.05;2.21;0.380
20250708;16.8;17.17;17.35;16.64;6251552;106716861;8.91;2.51;0.420
20250707;16.41;16.75;16.94;16.38;4182437;69768468;5.96;1.03;0.170
20250704;16.88;16.58;17.29;16.48;5544824;93355680;7.9;-0.9;-0.150
20250703;16.7;16.73;16.83;16.56;3698037;61663953;5.27;-0.06;-0.010
20250702;17.18;16.74;17.18;16.65;6774337;114118852;9.65;-3.68;-0.640
20250701;16.7;17.38;17.56;16.44;9892585;169199468;14.1;4.07;0.680
20250630;16.88;16.7;16.97;16.56;5326405;88845570;7.59;-0.24;-0.040
20250627;16.46;16.74;16.81;16.41;6075821;101315517;8.66;1.7;0.280
20250626;16.43;16.46;16.75;16.32;5791800;95509861;8.25;0.18;0.030
20250625;16.38;16.43;16.49;16.22;5986002;97971643;8.53;0.18;0.030
20250624;16.17;16.4;16.45;16.06;6836408;111224906;9.74;1.3;0.210
20250623;16.02;16.19;16.27;15.82;6096855;97891037;8.69;0.25;0.040
20250620;15.78;16.15;16.59;15.78;7695377;124763828;10.97;1.13;0.180
20250619;15.8;15.97;16.26;15.59;6169204;98359329;8.79;0.57;0.090
20250618;15.5;15.88;16.15;15.41;5880685;93025516;8.38;2.32;0.360
20250617;15.4;15.52;15.62;15.2;1878577;28960232;2.68;0.32;0.050
20250616;15.17;15.47;15.5;15.11;2121200;32697939;3.02;1.84;0.280
20250613;15.45;15.19;15.6;15.15;2632200;40318639;3.75;-2.38;-0.370
20250612;15.61;15.56;15.72;15.48;1969300;30684544;2.81;-0.64;-0.100
20250611;15.58;15.66;15.81;15.55;2067000;32499343;2.95;0.19;0.030
20250610;15.82;15.63;15.83;15.4;2845821;44508593;4.06;-1.2;-0.190
20250609;15.57;15.82;15.83;15.55;2457252;38656546;3.5;1.61;0.250
20250606;15.68;15.57;15.76;15.53;1979900;30938653;2.82;-0.7;-0.110
20250605;15.5;15.68;15.71;15.46;2464369;38462177;3.51;0.64;0.100
20250604;15.39;15.58;15.65;15.39;2456200;38245778;3.5;1.43;0.220
20250603;15.2;15.36;15.42;15.15;2045200;31353243;2.91;0.26;0.040
20250530;15.68;15.32;15.68;15.19;3021548;46285721;4.31;-2.3;-0.360
20250529;15.56;15.68;15.74;15.55;3232700;50613363;4.61;0.32;0.050
20250528;15.61;15.63;15.92;15.56;3714656;58326203;5.29;0.06;0.010
20250527;15.87;15.62;15.88;15.46;3931738;61344658;5.6;-1.51;-0.240
20250526;15.11;15.86;16.05;15.11;7209400;113025760;10.27;5.17;0.780
20250523;15.46;15.08;15.5;15.05;3244148;49506409;4.62;-1.76;-0.270
20250522;15.49;15.35;16.13;15.35;4528625;70913663;6.45;-1.03;-0.160
20250521;15.61;15.51;15.81;15.45;3548670;55321557;5.06;-0.89;-0.140
20250520;15.38;15.65;15.68;15.15;3471455;53659899;4.95;1.76;0.270
20250519;15.35;15.38;15.44;15.08;3030204;46367346;4.32;0.13;0.020
20250516;15.25;15.36;15.64;15.15;4377867;67622020;6.24;0.46;0.070
20250515;16.03;15.29;16.35;15.27;7186550;111792699;10.24;-5.03;-0.810
20250514;15.5;16.1;17.68;15.5;10032611;162956779;14.3;5.3;0.810
20250513;15.41;15.29;15.63;15.17;3407304;52401750;4.86;0.07;0.010
20250512;15.17;15.28;15.35;15.08;1933900;29431723;2.76;1.93;0.290
20250509;15.24;14.99;15.3;14.91;2036977;30625448;2.9;-1.9;-0.290
20250508;14.81;15.28;15.29;14.81;2927100;44252727;4.17;2.34;0.350
20250507;14.99;14.93;15.12;14.73;2804112;41799818;4.0;0.2;0.030
20250506;14.36;14.9;14.98;14.3;4008277;59054559;5.71;4.93;0.700
20250430;14.1;14.2;14.29;14.1;1948800;27711643;2.78;0.85;0.120
20250429;13.81;14.08;14.35;13.81;2137630;30251587;3.05;0.43;0.060
20250428;14.2;14.02;14.3;13.88;2199800;30961419;3.13;-1.34;-0.190
20250425;14.18;14.21;14.38;14.11;2037237;29003384;2.9;0.07;0.010
20250424;14.73;14.2;14.73;14.13;2275599;32579788;3.24;-2.14;-0.310
20250423;14.8;14.51;14.8;14.45;2094800;30458937;2.99;0.48;0.070
20250422;14.37;14.44;14.5;14.27;1737233;25018954;2.48;0.28;0.040
20250421;14.26;14.4;14.43;14.18;1817700;26072511;2.59;0.63;0.090
20250418;14.08;14.31;14.32;13.95;1981637;28064900;2.82;1.78;0.250
20250417;13.99;14.06;14.25;13.97;1527000;21580936;2.18;0.0;0.000
20250416;14.27;14.06;14.38;13.81;2094672;29489796;2.98;-2.16;-0.310
20250415;14.38;14.37;14.47;14.18;1981869;28344735;2.82;0.07;0.010
20250414;14.33;14.36;14.52;14.31;2468808;35571819;3.52;1.7;0.240
20250411;14.22;14.12;14.33;14.01;2666605;37869495;3.8;-0.63;-0.090
20250410;14.15;14.21;14.64;14.15;4138724;59578298;5.9;1.14;0.160
20250409;13.19;14.05;14.13;12.53;4984100;66901364;7.1;4.31;0.580
20250408;13.02;13.47;13.79;13.02;5023272;67419666;7.16;4.34;0.560
20250407;14.56;12.91;15.2;12.9;6598027;90649040;9.4;-19.91;-3.210
20250403;16.01;16.12;16.41;16.01;1907576;30925433;2.72;-1.04;-0.170
20250402;16.36;16.29;16.56;16.26;1433612;23528359;2.04;-0.79;-0.130
20250401;16.18;16.42;16.54;16.18;2009500;32916725;2.86;1.73;0.280
20250331;16.35;16.14;16.55;15.92;2808404;45292289;4.0;-2.18;-0.360
20250328;16.85;16.5;17.02;16.46;2914900;48622209;4.15;-2.31;-0.390
20250327;17.24;16.89;17.24;16.73;3099400;52419098;4.42;-2.54;-0.440
20250326;16.93;17.33;17.49;16.61;3257700;56279375;4.64;1.35;0.230
20250325;16.85;17.1;17.39;16.8;3745757;64162668;5.34;1.24;0.210
20250324;17.57;16.89;17.67;16.45;4672057;79335068;6.66;-3.82;-0.670
20250321;17.7;17.56;18.08;17.48;4169685;73911077;5.94;-1.35;-0.240
20250320;17.78;17.8;18.01;17.66;3809904;67993539;5.43;-0.22;-0.040
20250319;18.2;17.84;18.23;17.67;5562900;99328989;7.93;-1.98;-0.360
20250318;18.03;18.2;18.71;17.99;9078604;166998187;12.94;1.96;0.350
20250317;17.92;17.85;18.05;17.79;3824500;68444159;5.45;-0.34;-0.060
20250314;17.7;17.91;17.93;17.32;4723800;83593212;6.73;1.19;0.210
20250313;17.95;17.7;18.18;17.43;4809777;85312972;6.85;-2.05;-0.370
20250312;17.63;18.07;18.37;17.63;7919801;143182411;11.29;2.9;0.510
20250311;17.29;17.56;17.57;17.2;3035977;52818556;4.33;0.11;0.020
20250310;17.4;17.54;17.57;17.29;2849800;49721768;4.06;0.52;0.090
20250307;17.81;17.45;17.89;17.22;5784141;101590729;8.24;-2.79;-0.500
20250306;17.57;17.95;18.08;17.55;5904900;105739913;8.41;2.28;0.400
20250305;17.47;17.55;17.59;17.23;3308700;57568824;4.71;0.11;0.020
20250304;17.18;17.53;17.54;17.02;3353900;58205290;4.78;1.51;0.260
20250303;17.35;17.27;17.68;17.1;3841141;66680594;5.47;0.35;0.060
20250228;17.92;17.21;18.12;17.13;5991807;105522856;8.54;-5.13;-0.930
20250227;18.18;18.14;18.35;17.71;6326013;114149636;9.01;-0.82;-0.150
20250226;18.4;18.29;18.53;18.05;7600100;138532459;10.83;-0.38;-0.070
20250225;18.62;18.36;18.64;18.2;9085996;167144899;12.95;-2.81;-0.530
20250224;17.91;18.89;19.27;17.87;16681689;310025212;23.77;5.53;0.990
20250221;17.31;17.9;18.37;17.1;13253008;236951202;18.89;3.71;0.640
20250220;17.1;17.26;17.31;16.95;4745998;81320105;6.76;0.35;0.060
20250219;16.6;17.2;17.28;16.55;5218055;88993871;7.44;2.99;0.500
20250218;17.35;16.7;17.47;16.67;6127780;104570884;8.73;-3.97;-0.690
20250217;16.71;17.39;17.55;16.62;8979998;154720849;12.8;4.07;0.680
20250214;16.88;16.71;16.96;16.63;4362480;73049771;6.22;-1.12;-0.190
20250213;17.2;16.9;17.27;16.88;5043311;86021893;7.19;-2.26;-0.390
20250212;16.73;17.29;17.29;16.71;6761941;115723772;9.64;3.41;0.570
20250211;16.93;16.72;16.93;16.7;3899708;65436835;5.56;-1.42;-0.240
20250210;17.06;16.96;17.06;16.71;4436003;74848233;6.32;1.56;0.260
20250207;16.51;16.7;16.94;16.44;6000945;100285677;8.55;1.09;0.180
20250206;16.25;16.52;16.52;16.12;4579924;75143760;6.53;1.66;0.270
20250205;16.14;16.25;16.27;16.02;3064904;49515046;4.37;1.56;0.250
20250127;16.62;16.0;16.69;16.0;4128800;67014539;5.88;-3.32;-0.550
20250124;16.31;16.55;16.6;16.21;3999354;65950488;5.7;0.36;0.060
20250123;17.16;16.49;17.53;16.49;6661012;113658280;9.49;-0.54;-0.090
20250122;16.52;16.58;17.22;16.52;5127792;85708561;7.31;-1.78;-0.300
20250121;17.09;16.88;17.39;16.62;4764804;80402107;6.79;-1.4;-0.240
20250120;16.8;17.12;17.4;16.67;6995200;119641610;9.97;2.7;0.450
20250117;16.8;16.67;17.16;16.62;5092832;85448922;7.26;-2.34;-0.400
20250116;17.19;17.07;17.32;16.5;6428815;109153323;9.16;0.35;0.060
20250115;17.3;17.01;17.43;16.88;4889812;83486099;6.97;-1.68;-0.290
20250114;16.43;17.3;17.38;16.39;6561500;111396481;9.35;5.62;0.920
20250113;16.0;16.38;16.78;15.74;4606066;74923011;6.56;0.8;0.130
20250110;17.0;16.25;17.31;16.21;6070733;101862579;8.65;-5.3;-0.910
20250109;17.1;17.16;18.17;17.02;7198100;125821749;10.26;-0.35;-0.060
20250108;17.51;17.22;17.82;16.44;8804281;150821816;12.55;-1.66;-0.290
20250107;16.46;17.51;17.68;16.26;10712306;184136645;15.27;7.29;1.190
20250106;16.24;16.32;16.8;15.6;5374100;87766235;7.66;-0.67;-0.110
20250103;18.53;16.43;18.7;16.36;12110400;209467916;17.26;-11.33;-2.100
20250102;19.8;18.53;20.19;18.31;11423019;218375929;17.49;-3.99;-0.770