20251022;35.21;35.97;36.13;35.04;734900;26282945;0.95;1.84;0.650
20251021;35.36;35.32;35.85;35.0;781706;27635486;1.01;0.48;0.170
20251020;35.39;35.15;36.18;35.0;944687;33651438;1.22;0.83;0.290
20251017;36.28;34.86;36.33;34.83;1003987;35595366;1.3;-3.7;-1.340
20251016;37.59;36.2;37.78;35.6;1406501;50970103;1.81;-2.92;-1.090
20251015;36.0;37.29;37.33;35.43;1255306;46015555;1.62;3.58;1.290
20251014;37.59;36.0;38.1;35.82;1513200;56018344;1.95;-3.74;-1.400
20251013;36.73;37.4;37.73;35.55;1325809;48966892;1.71;-0.9;-0.340
20251010;37.58;37.74;38.66;37.31;1699993;64523479;2.19;0.43;0.160
20251009;38.07;37.58;38.28;37.1;1767794;66236142;2.28;-1.16;-0.440
20250930;37.91;38.02;38.91;36.71;3044669;114583277;3.93;1.28;0.480
20250929;36.64;37.54;38.24;36.55;1622936;60882459;2.09;2.65;0.970
20250926;37.1;36.57;37.67;36.24;1340943;49500490;1.73;-2.22;-0.830
20250925;37.8;37.4;37.8;37.03;1414323;52783159;1.83;-0.85;-0.320
20250924;37.31;37.72;38.3;36.92;1687493;63684160;2.18;0.61;0.230
20250923;38.0;37.49;38.09;36.53;2389759;89347392;3.08;-0.66;-0.250
20250922;34.38;37.74;38.43;33.8;3605512;132478396;4.65;9.55;3.290
20250919;35.32;34.45;35.63;34.44;1129200;39352717;1.46;-2.46;-0.870
20250918;36.22;35.32;36.5;34.75;1910359;68114662;2.47;-2.91;-1.060
20250917;36.0;36.38;37.29;35.81;1346981;49079714;1.74;1.06;0.380
20250916;36.12;36.0;36.34;35.52;1318937;47448065;1.7;-0.28;-0.100
20250915;36.87;36.1;37.38;36.01;1636340;59695407;2.11;-2.27;-0.840
20250912;37.2;36.94;37.49;36.01;1851945;68143482;2.39;0.46;0.170
20250911;36.81;36.77;37.34;35.55;3566119;130506116;4.6;-0.92;-0.340
20250910;37.45;37.11;39.2;37.06;4627260;175895052;5.97;-1.09;-0.410
20250909;37.44;37.52;39.5;37.43;2891089;110908601;3.73;-1.47;-0.560
20250908;37.88;38.08;39.36;37.88;2710859;103963807;3.58;-0.94;-0.360
20250905;38.66;38.44;38.96;37.78;3556345;135993464;4.69;-1.44;-0.560
20250904;36.08;39.0;39.08;35.56;5337293;201474667;7.05;7.85;2.840
20250903;37.78;36.16;38.0;35.82;1935147;71238297;2.55;-4.14;-1.560
20250902;37.99;37.72;38.36;36.8;2776560;104089365;3.67;-1.18;-0.450
20250901;36.3;38.17;38.9;36.0;6758564;254681927;8.92;5.73;2.070
20250829;34.63;36.1;36.5;34.53;3326251;118368640;4.39;3.32;1.160
20250828;35.5;34.94;35.97;33.3;2964558;102112949;3.91;-0.94;-0.330
20250827;35.85;35.27;36.99;35.13;2748594;99196450;3.63;-1.37;-0.490
20250826;35.59;35.76;36.8;35.34;3201783;115768242;4.23;0.48;0.170
20250825;34.72;35.59;35.69;34.71;2673041;94501010;3.53;2.3;0.800
20250822;35.45;34.79;35.78;34.35;2838397;99355727;3.75;-2.33;-0.830
20250821;35.22;35.62;35.62;34.81;2958588;104334341;3.91;1.51;0.530
20250820;36.9;35.09;36.9;34.92;4278508;151138533;5.65;-5.42;-2.010
20250819;37.67;37.1;38.5;36.74;5085372;191032837;6.71;-4.5;-1.750
20250818;36.5;38.85;38.88;35.3;8282625;304694344;10.93;4.97;1.840
20250815;34.31;37.01;37.21;34.31;7913532;286302195;10.45;2.29;0.830
20250814;33.98;36.18;39.9;33.98;9054356;335995237;11.95;8.06;2.700
20250813;32.42;33.48;33.72;32.0;5178922;170415159;6.84;3.59;1.160
20250812;31.18;32.32;34.51;31.1;5728823;187889503;7.56;3.46;1.080
20250811;31.1;31.24;31.37;30.84;1895641;59097128;2.5;1.69;0.520
20250808;30.82;30.72;30.94;30.39;2340415;71761331;3.09;0.07;0.020
20250807;30.96;30.7;31.27;30.7;1929521;59635829;2.55;-0.84;-0.260
20250806;30.72;30.96;31.1;30.22;2272800;70079673;3.0;1.51;0.460
20250805;30.34;30.5;30.54;30.1;1831316;55499340;2.42;0.66;0.200
20250804;29.85;30.3;30.3;29.6;1501300;45171911;1.98;0.9;0.270
20250801;29.1;30.03;30.47;29.1;2758660;82525955;3.64;2.49;0.730
20250731;29.0;29.3;29.85;29.0;1690373;49807209;2.23;0.34;0.100
20250730;29.59;29.2;30.8;29.07;1958287;58127558;2.59;-0.82;-0.240
20250729;29.2;29.44;29.58;29.1;1127672;33056917;1.49;0.55;0.160
20250728;29.38;29.28;29.98;29.24;1293480;38127338;1.71;0.14;0.040
20250725;29.57;29.24;29.72;28.92;1319700;38485740;1.74;-1.12;-0.330
20250724;29.61;29.57;30.19;29.23;1652300;48884460;2.18;1.27;0.370
20250723;30.31;29.2;30.31;29.2;1520700;45027260;2.01;-3.69;-1.120
20250722;30.18;30.32;30.44;29.75;2207300;66410779;2.91;0.1;0.030
20250721;29.63;30.29;30.53;29.36;3337994;100435913;4.41;3.27;0.960
20250718;29.12;29.33;29.7;28.73;1509300;43939797;1.99;0.69;0.200
20250717;29.06;29.13;29.44;28.9;1067500;31079458;1.41;0.31;0.090
20250716;28.74;29.04;29.37;28.52;1279080;37061313;1.69;1.08;0.310
20250715;29.3;28.73;29.3;28.2;2229666;63997672;2.94;-2.91;-0.860
20250714;28.91;29.59;29.9;28.84;1813700;53290571;2.39;2.39;0.690
20250711;28.95;28.9;29.23;28.53;1239900;35763762;1.64;0.07;0.020
20250710;29.48;28.88;29.56;28.61;1694120;48976103;2.24;-1.77;-0.520
20250709;29.61;29.4;29.95;29.2;1685025;49785545;2.22;-0.64;-0.190
20250708;29.49;29.59;29.99;29.49;2127825;63132086;2.81;0.0;0.000
20250707;29.2;29.59;30.4;28.75;3413401;100481492;4.51;1.34;0.390
20250704;30.36;29.2;30.88;29.14;4882640;145845156;6.45;-3.82;-1.160
20250703;27.9;30.36;32.24;27.9;7997344;243686052;10.56;9.29;2.580
20250702;28.06;27.78;28.06;27.5;1045500;29017563;1.38;-0.75;-0.210
20250701;28.3;27.99;28.46;27.81;1495800;42070659;1.97;-0.74;-0.210
20250630;28.0;28.2;28.3;27.8;1549717;43597140;2.05;1.37;0.380
20250627;28.0;27.82;28.02;27.65;1009100;28014634;1.33;0.14;0.040
20250626;27.77;27.78;28.0;27.51;1390400;38656659;1.84;-0.25;-0.070
20250625;27.7;27.85;28.0;27.48;1621900;45048020;2.14;0.65;0.180
20250624;27.17;27.67;27.83;27.14;1862388;51334185;2.46;1.54;0.420
20250623;25.67;27.25;27.9;25.59;3008057;81303918;3.97;5.66;1.460
20250620;26.08;25.79;26.6;25.73;1257982;32779814;1.66;-1.0;-0.260
20250619;27.05;26.05;27.62;26.0;2285488;60908229;3.02;-4.02;-1.090
20250618;27.05;27.14;27.32;26.69;1227629;33134508;1.62;-0.37;-0.100
20250617;27.63;27.24;27.73;26.97;1793824;48832226;2.37;-1.41;-0.390
20250616;27.48;27.63;27.96;26.9;2043452;56027632;2.7;0.55;0.150
20250613;28.69;27.48;29.07;27.21;2860437;79608571;3.78;-5.01;-1.450
20250612;29.84;28.93;29.96;28.72;3538113;103519901;4.67;-3.73;-1.120
20250611;28.48;30.05;30.1;28.01;5305362;155447043;7.0;4.52;1.300
20250610;27.79;28.75;29.08;27.36;4903808;139307567;6.47;3.9;1.080
20250609;27.51;27.67;27.88;27.36;1621610;44698869;2.14;0.33;0.090
20250606;27.29;27.58;27.99;27.21;2016800;55730446;2.66;0.73;0.200
20250605;27.17;27.38;28.1;26.75;2447612;67070423;3.23;1.75;0.470
20250604;27.1;27.21;27.45;27.01;1111700;30316957;1.47;0.59;0.160
20250603;26.41;27.05;27.25;26.41;1369162;36958185;1.81;1.54;0.410
20250530;27.33;26.64;27.36;26.62;1816660;48710882;2.4;-2.95;-0.810
20250529;27.39;27.45;27.9;27.31;1895600;52022019;2.5;-0.04;-0.010
20250528;27.22;27.46;27.94;27.22;2754760;75883839;3.64;1.1;0.300
20250527;27.24;27.16;27.38;26.8;1259855;34235022;1.66;-0.29;-0.080
20250526;26.87;27.24;27.38;26.75;1514202;41071959;2.0;1.0;0.270
20250523;27.77;26.97;27.98;26.91;2209188;60527648;2.92;-1.21;-0.330
20250522;27.89;27.3;28.21;27.28;2439500;67380292;3.22;-1.73;-0.480
20250521;28.33;27.78;28.4;27.69;2254890;62975502;2.98;-2.15;-0.610
20250520;28.68;28.39;28.9;28.02;2308981;65586466;3.05;-0.8;-0.230
20250519;28.5;28.62;28.68;27.96;2648783;75301242;3.5;0.46;0.130
20250516;28.26;28.49;28.86;28.26;3219526;91837452;4.25;-1.28;-0.370
20250515;29.77;28.86;29.83;28.76;3979819;115497596;5.26;-5.25;-1.600
20250514;29.51;30.46;31.3;28.88;6569552;195789158;8.68;0.83;0.250
20250513;31.79;30.21;31.79;30.13;6919494;212389963;9.14;-7.33;-2.390
20250512;32.04;32.6;32.6;30.11;11179764;346256289;14.77;-0.18;-0.060
20250509;27.53;32.66;32.66;27.53;7870045;242228584;10.4;19.99;5.440
20250508;25.33;27.22;27.68;25.22;5167866;138092503;6.83;7.55;1.910
20250507;25.43;25.31;25.94;24.99;1697287;43182289;2.24;0.64;0.160
20250506;25.03;25.15;25.23;24.9;1524785;38281936;2.01;1.95;0.480
20250430;24.48;24.67;24.95;24.3;1308800;32192599;1.73;1.56;0.380
20250429;24.19;24.29;24.8;23.84;1135587;27751880;1.5;0.41;0.100
20250428;24.58;24.19;24.67;23.89;1301493;31590426;1.72;-0.41;-0.100
20250425;24.53;24.29;24.68;24.02;1444873;35119684;1.91;-0.16;-0.040
20250424;24.94;24.33;25.29;24.07;1574045;38837814;2.08;-2.37;-0.590
20250423;24.78;24.92;25.3;24.51;2240400;55828285;2.96;2.42;0.590
20250422;24.49;24.33;24.5;23.98;1152701;27903112;1.52;0.41;0.100
20250421;23.8;24.23;24.25;23.33;1321801;31726454;1.75;2.24;0.530
20250418;23.35;23.7;24.0;23.05;1500500;35378486;1.98;0.94;0.220
20250417;23.5;23.48;23.9;23.03;1188600;28028371;1.57;-0.04;-0.010
20250416;24.39;23.49;24.39;22.96;1255100;29577227;1.66;-2.81;-0.680
20250415;23.9;24.17;24.3;23.58;1260500;30181257;1.67;0.83;0.200
20250414;24.2;23.97;24.48;23.84;1446665;34892712;1.91;1.44;0.340
20250411;22.85;23.63;23.96;22.85;1726091;40750393;2.28;2.16;0.500
20250410;22.68;23.13;23.83;22.68;2441917;57017305;3.23;4.85;1.070
20250409;21.0;22.06;22.4;19.25;2772826;58229633;3.66;3.13;0.670
20250408;21.5;21.39;22.8;20.67;3354756;72920824;4.43;2.94;0.610
20250407;23.6;20.78;24.31;20.61;4282579;93654884;5.66;-19.33;-4.980
20250403;26.28;25.76;26.47;25.4;2180466;56574100;2.88;-2.79;-0.740
20250402;26.3;26.5;26.99;26.3;1819964;48459398;2.4;-0.08;-0.020
20250401;26.48;26.52;26.96;26.36;2102276;55923669;2.66;0.38;0.100
20250331;26.98;26.42;26.98;25.66;2945051;77178540;3.72;-2.08;-0.560
20250328;26.8;26.98;28.1;26.28;4449792;120698303;5.62;0.56;0.150
20250327;27.72;26.83;27.79;26.73;3346414;90659724;4.23;-3.87;-1.080
20250326;27.65;27.91;28.48;27.35;4134332;115492076;5.22;-1.41;-0.400
20250325;29.0;28.31;29.0;26.91;6115201;170322781;7.72;-2.04;-0.590
20250324;30.5;28.9;30.96;27.5;6334837;181645179;8.0;-7.01;-2.180
20250321;32.0;31.08;33.29;30.7;6774465;216662749;8.56;-8.13;-2.750
20250320;32.45;33.83;34.65;30.67;9849798;317313000;12.44;2.3;0.760
20250319;28.46;33.07;33.6;28.46;10398135;324390714;13.13;15.83;4.520
20250318;27.34;28.55;30.48;27.34;10821918;311036875;13.67;3.14;0.870
20250317;23.12;27.68;27.68;22.8;8042646;208159440;10.16;19.98;4.610
20250314;22.59;23.07;23.3;22.27;1862028;42618963;2.35;1.1;0.250
20250313;23.56;22.82;23.59;22.23;2779793;63608381;3.51;-4.08;-0.970
20250312;22.99;23.79;23.8;22.77;3373641;78443489;4.26;3.17;0.730
20250311;23.6;23.06;23.6;22.56;2692700;61589226;3.4;-1.24;-0.290
20250310;24.28;23.35;24.32;23.2;3125615;73785957;3.95;-1.89;-0.450
20250307;23.07;23.8;23.8;22.81;1253051;28957982;1.58;3.12;0.720
20250306;22.52;23.08;23.1;22.4;1088000;24890644;1.37;2.76;0.620
20250305;22.49;22.46;22.69;22.0;705412;15734710;0.89;-0.62;-0.140
20250304;22.11;22.6;22.85;21.91;991369;22374631;1.25;2.22;0.490
20250303;22.02;22.11;22.65;21.82;840663;18768321;1.06;0.36;0.080
20250228;22.33;22.03;22.57;21.81;1114698;24684029;1.41;-2.39;-0.540
20250227;22.5;22.57;22.97;22.0;934400;20893545;1.18;-0.18;-0.040
20250226;22.38;22.61;22.84;22.38;845200;19147023;1.07;1.03;0.230
20250225;22.23;22.38;22.48;22.0;857800;19110342;1.08;-0.93;-0.210
20250224;23.44;22.59;23.44;22.11;1234700;27837953;1.56;1.07;0.240
20250221;22.21;22.35;22.39;21.91;778400;17267845;0.98;0.59;0.130
20250220;22.21;22.22;22.44;22.06;631936;14016785;0.8;0.18;0.040
20250219;21.87;22.18;22.45;21.63;621800;13833602;0.79;1.42;0.310
20250218;22.17;21.87;22.65;21.78;723113;16069858;0.91;-2.06;-0.460
20250217;22.03;22.33;22.64;21.89;878503;19544457;1.11;1.41;0.310
20250214;21.77;22.02;22.18;21.72;585759;12899440;0.74;1.15;0.250
20250213;22.17;21.77;22.17;21.58;755900;16517183;0.95;-1.4;-0.310
20250212;22.1;22.08;22.22;21.88;691300;15209786;0.87;-0.05;-0.010
20250211;22.1;22.09;22.19;21.89;474200;10433181;0.6;-0.41;-0.090
20250210;21.95;22.18;22.26;21.59;780700;17133145;0.99;1.6;0.350
20250207;22.08;21.83;22.38;21.61;888600;19574725;1.12;-1.18;-0.260
20250206;21.52;22.09;22.1;21.3;1241200;27149131;1.57;2.65;0.570
20250205;21.43;21.52;21.88;21.42;784076;16968312;0.99;0.99;0.210
20250127;21.08;21.31;21.72;21.08;841800;18064608;1.06;1.24;0.260
20250124;20.91;21.05;21.06;20.5;737300;15346436;0.93;1.06;0.220
20250123;21.0;20.83;21.25;20.65;864200;18094754;1.09;1.26;0.260
20250122;20.49;20.57;20.76;20.27;616600;12673677;0.78;-0.29;-0.060
20250121;20.8;20.63;20.8;20.3;658903;13542349;0.83;0.49;0.100
20250120;20.17;20.53;20.68;20.02;847100;17357567;1.07;2.34;0.470
20250117;20.0;20.06;20.2;19.69;596400;11905332;0.75;0.15;0.030
20250116;20.07;20.03;20.4;19.81;897831;18013564;1.13;-0.2;-0.040
20250115;19.85;20.07;20.25;19.42;1040800;20773799;1.31;1.67;0.330
20250114;18.58;19.74;19.8;18.57;1353500;26179920;1.71;6.24;1.160
20250113;17.95;18.58;18.59;17.38;988100;17913197;1.25;1.92;0.350
20250110;18.75;18.23;19.28;18.21;744700;13914022;0.94;-2.77;-0.520
20250109;18.7;18.75;19.05;18.7;509200;9606634;0.64;-0.53;-0.100
20250108;18.95;18.85;19.09;18.28;662500;12439056;0.84;-0.42;-0.080
20250107;18.32;18.93;18.94;18.25;794400;14803591;1.0;3.78;0.690
20250106;18.21;18.24;18.39;17.34;911200;16402852;1.15;0.0;0.000
20250103;19.46;18.24;19.46;18.2;1042246;19455745;1.32;-4.9;-0.940
20250102;19.51;19.18;19.92;18.93;946400;18427327;1.2;-1.69;-0.330