20251022;74.28;72.0;74.28;71.5;12934088;935260201;6.86;-2.79;-2.070
20251021;74.74;74.07;75.73;73.44;15871189;1179823271;8.42;-0.39;-0.290
20251020;71.71;74.36;75.0;69.7;20535587;1496248832;10.9;4.22;3.010
20251017;71.0;71.35;71.93;69.7;12953108;916147416;6.87;-0.14;-0.100
20251016;70.07;71.45;72.72;69.5;18527618;1324955949;9.83;2.92;2.030
20251015;65.67;69.42;70.84;64.88;15560064;1066212826;8.26;5.71;3.750
20251014;68.23;65.67;68.8;65.37;9387440;629867244;4.98;-3.75;-2.560
20251013;64.5;68.23;68.5;64.18;9007878;604195973;4.78;1.32;0.890
20251010;68.5;67.34;68.59;67.0;9218947;625887514;4.89;0.24;0.160
20251009;66.01;67.18;67.5;65.9;8727750;583188789;4.63;2.21;1.450
20250930;64.98;65.73;65.98;64.78;5630550;369416152;2.99;1.25;0.810
20250929;65.62;64.92;65.98;63.6;7945008;512806874;4.22;-1.04;-0.680
20250926;67.0;65.6;67.0;65.57;6364570;419859106;3.38;-2.03;-1.360
20250925;66.66;66.96;68.32;66.66;7799723;526228127;4.14;-0.51;-0.340
20250924;65.78;67.3;67.36;65.19;7993720;534108209;4.24;2.76;1.810
20250923;68.0;66.19;68.2;64.41;12546065;828167138;6.66;-2.96;-2.020
20250922;68.4;68.21;69.26;66.91;10854149;738950208;5.76;-0.47;-0.320
20250919;71.6;68.53;71.69;67.85;16184596;1123729721;8.59;-4.3;-3.080
20250918;73.0;71.61;74.01;70.94;15560624;1130330966;8.26;-1.9;-1.390
20250917;71.68;73.0;73.81;71.44;13621420;991730926;7.23;1.87;1.340
20250916;71.08;71.66;72.23;70.69;8184026;583713885;4.34;0.58;0.410
20250915;72.33;71.25;72.6;71.17;8178128;585677981;4.34;-1.48;-1.070
20250912;72.67;72.32;73.3;71.16;12667016;915675432;6.72;0.07;0.050
20250911;70.0;72.27;72.27;67.33;14379680;1015095965;7.63;1.65;1.170
20250910;71.68;71.1;72.45;70.42;10401703;741431320;5.52;-0.92;-0.660
20250909;73.0;71.76;75.77;71.36;18149317;1334872318;9.63;-2.1;-1.540
20250908;72.5;73.3;74.56;72.2;15303659;1123563644;8.12;1.73;1.250
20250905;71.74;72.05;72.99;70.15;18031571;1291691438;9.57;1.19;0.850
20250904;74.8;71.2;76.37;69.28;24084024;1753594019;12.78;-4.09;-3.040
20250903;77.02;74.24;78.38;73.87;20614907;1561930604;10.94;-3.04;-2.330
20250902;77.52;76.57;80.08;75.8;31539204;2445995641;16.74;-1.25;-0.970
20250901;66.7;77.54;79.02;66.66;38714924;2843337403;20.54;14.65;9.910
20250829;68.7;67.63;70.0;67.56;20598130;1412151738;10.93;-1.56;-1.070
20250828;69.01;68.7;72.78;68.3;31883905;2239022785;16.92;3.71;2.460
20250827;65.18;66.24;67.15;65.09;14293874;944455328;7.58;0.81;0.530
20250826;67.0;65.71;67.56;65.0;15712570;1041289360;8.34;-2.74;-1.850
20250825;66.82;67.56;68.55;65.98;15763873;1060151691;8.36;0.87;0.580
20250822;67.89;66.98;68.07;66.3;14374236;960814087;7.63;-0.74;-0.500
20250821;64.73;67.48;68.47;64.26;22774737;1519374420;12.09;4.69;3.020
20250820;63.62;64.46;65.67;63.4;11638326;750989621;6.18;0.26;0.170
20250819;63.61;64.29;66.21;63.61;16862284;1094647875;8.95;0.5;0.320
20250818;63.38;63.97;64.42;62.57;14692523;930322412;7.8;1.3;0.820
20250815;61.8;63.15;63.63;61.61;11294427;710575172;5.99;1.85;1.150
20250814;64.51;62.0;64.59;61.99;14842319;935816077;7.88;-3.64;-2.340
20250813;62.8;64.34;65.0;62.11;16878131;1076293418;8.96;3.29;2.050
20250812;62.5;62.29;63.1;61.88;8035385;501030697;4.26;-0.26;-0.160
20250811;61.06;62.45;62.5;61.05;10058090;621784486;5.34;2.26;1.380
20250808;61.1;61.07;62.0;60.67;8855669;543197042;4.7;-0.26;-0.160
20250807;61.9;61.23;62.7;60.95;12613032;775986823;6.69;-1.94;-1.210
20250806;63.13;62.44;64.65;62.14;13130943;831251482;6.97;-0.64;-0.400
20250805;62.98;62.84;63.4;62.0;10638096;665777238;5.65;-0.27;-0.170
20250804;61.29;63.01;63.2;60.22;13532650;839777190;7.18;2.04;1.260
20250801;64.0;61.75;64.9;61.57;18579127;1165249325;9.86;-4.31;-2.780
20250731;64.09;64.53;66.28;63.29;19440951;1256964912;10.32;0.64;0.410
20250730;65.5;64.12;67.75;63.73;22109986;1449430880;11.73;-3.23;-2.140
20250729;62.52;66.26;69.8;61.29;27747983;1809220894;14.72;5.93;3.710
20250728;61.06;62.55;62.56;60.13;19954557;1227634400;10.59;2.63;1.600
20250725;58.42;60.95;62.82;57.81;27502595;1679369864;14.59;4.64;2.700
20250724;56.39;58.25;58.47;56.01;17024871;975717884;9.03;3.28;1.850
20250723;55.6;56.4;57.57;55.21;14764579;836905203;7.83;1.17;0.650
20250722;54.76;55.75;57.57;54.47;16679116;937816223;8.85;1.83;1.000
20250721;55.05;54.75;55.1;54.43;7530407;412472828;4.0;-0.99;-0.550
20250718;55.43;55.3;55.65;54.71;7468002;411257598;3.96;-0.09;-0.050
20250717;55.19;55.35;55.5;54.75;8256688;455076571;4.38;0.04;0.020
20250716;53.72;55.33;55.68;53.72;13198941;725753973;7.0;2.39;1.290
20250715;54.03;54.04;54.18;52.91;9072426;486204075;4.81;-0.5;-0.270
20250714;53.45;54.31;54.67;53.36;9450898;511021434;5.02;1.72;0.920
20250711;52.74;53.39;54.28;52.6;10408000;557177807;5.52;1.06;0.560
20250710;52.52;52.83;53.19;52.13;6346073;334045718;3.37;0.55;0.290
20250709;52.5;52.54;53.36;52.1;7580293;398748032;4.02;0.0;0.000
20250708;51.52;52.54;53.3;51.51;8213992;432302958;4.36;1.82;0.940
20250707;52.28;51.6;52.67;51.55;5378172;279478308;2.85;-1.3;-0.680
20250704;52.09;52.28;53.0;51.83;6139173;321146449;3.26;0.13;0.070
20250703;51.77;52.21;52.29;51.52;4573505;238313356;2.43;0.85;0.440
20250702;52.26;51.77;52.36;51.6;4815086;249804164;2.56;-1.37;-0.720
20250701;51.67;52.49;52.53;51.51;7805371;406768530;4.14;1.35;0.700
20250630;51.16;51.79;51.86;50.97;5565478;286854571;2.95;1.31;0.670
20250627;51.06;51.12;51.71;50.91;4837212;248298203;2.57;0.02;0.010
20250626;51.81;51.11;51.99;51.05;5269613;270938190;2.8;-1.39;-0.720
20250625;51.6;51.83;51.86;51.02;6784413;348854069;3.6;0.43;0.220
20250624;50.8;51.61;51.64;50.52;5630801;288812501;2.99;1.96;0.990
20250623;50.15;50.62;50.82;49.83;4832434;242982434;2.56;0.62;0.310
20250620;50.85;50.31;50.97;50.22;3504960;176799389;1.86;-0.95;-0.480
20250619;51.55;50.79;51.88;50.5;5043895;257455661;2.68;-1.86;-0.960
20250618;51.3;51.75;51.86;50.92;4019839;206602626;2.13;0.33;0.170
20250617;52.5;51.58;52.59;51.3;5731381;296697485;3.04;-1.19;-0.620
20250616;51.1;52.2;52.34;50.91;6651210;345224622;3.53;1.64;0.840
20250613;53.0;51.36;53.66;51.01;13069439;675958973;6.94;-3.26;-1.730
20250612;53.51;53.09;53.64;52.7;7446867;394747773;3.95;-1.08;-0.580
20250611;54.39;53.67;54.92;53.6;5971192;323132862;3.17;-1.67;-0.910
20250610;55.59;54.58;55.9;54.0;6715640;368905582;3.56;-1.82;-1.010
20250609;54.27;55.59;55.98;54.1;7258948;402445922;3.85;2.51;1.360
20250606;55.14;54.23;55.69;54.1;5541330;302409701;2.94;-1.86;-1.030
20250605;55.8;55.26;56.0;54.9;6475891;357680540;3.44;-1.53;-0.860
20250604;53.86;56.12;56.75;53.61;10716052;594853702;5.69;3.68;1.990
20250603;51.94;54.13;54.96;51.52;10243451;552135063;5.44;3.78;1.970
20250530;51.61;52.16;52.8;51.5;6186185;322669317;3.28;0.73;0.380
20250529;50.99;51.78;51.94;50.6;6669043;343647978;3.54;1.53;0.780
20250528;53.42;51.0;53.48;51.0;14226895;736608562;7.55;-6.92;-3.790
20250527;55.39;54.79;55.9;54.61;4914466;270886490;2.61;-1.47;-0.820
20250526;55.11;55.61;56.25;54.5;5863899;325121635;3.11;-0.22;-0.120
20250523;57.24;55.73;58.44;55.7;11227551;638269998;5.96;-2.64;-1.510
20250522;56.99;57.24;58.83;55.9;13164449;755603198;6.99;1.94;1.090
20250521;79.01;79.61;80.98;78.21;6940972;553257502;5.16;0.93;0.730
20250520;78.5;78.88;79.39;78.13;4714019;372386370;3.5;0.42;0.330
20250519;79.2;78.55;79.4;78.0;4269636;334826350;3.17;-0.48;-0.380
20250516;77.84;78.93;79.79;76.87;6074571;478787184;4.51;1.17;0.910
20250515;77.75;78.02;79.28;77.5;5703690;446623770;4.24;0.32;0.250
20250514;78.41;77.77;78.58;76.73;4687336;363529641;3.48;-0.64;-0.500
20250513;78.68;78.27;79.5;78.1;4248347;334372003;3.16;-0.36;-0.280
20250512;80.64;78.55;80.99;78.13;7506206;591580526;5.58;-2.59;-2.090
20250509;80.36;80.64;82.0;80.35;5221825;423359694;3.88;0.25;0.200
20250508;80.56;80.44;82.13;80.3;5360489;433446443;3.98;-0.57;-0.460
20250507;83.35;80.9;83.35;80.28;7282733;592685348;5.41;-2.2;-1.820
20250506;81.05;82.72;83.19;80.08;9515863;775787335;7.07;2.98;2.390
20250430;81.45;80.33;82.5;79.51;10587279;857294829;7.87;-2.26;-1.860
20250429;79.9;82.19;84.0;76.2;21529010;1730481082;15.99;14.14;10.180
20250428;70.5;72.01;72.17;69.58;4496931;320617968;3.34;2.33;1.640
20250425;70.75;70.37;70.95;70.06;2493589;175605745;1.85;-0.07;-0.050
20250424;70.73;70.42;71.26;70.28;3142735;222390411;2.33;-0.45;-0.320
20250423;72.0;70.74;72.9;69.96;5077428;360010080;3.77;-1.61;-1.160
20250422;71.2;71.9;74.59;71.2;6590482;480125688;4.89;0.31;0.220
20250421;72.57;71.68;72.65;71.41;3395410;244456798;2.52;-0.38;-0.270
20250418;72.61;71.95;73.39;71.08;3237877;232705132;2.4;-0.87;-0.630
20250417;72.22;72.58;73.85;72.1;2933936;214436864;2.18;-0.67;-0.490
20250416;74.2;73.07;74.4;72.01;3883380;283748005;2.88;-2.0;-1.490
20250415;74.78;74.56;75.18;73.5;3589734;266704114;2.66;-0.81;-0.610
20250414;74.7;75.17;76.45;73.59;6067554;454910918;4.5;2.27;1.670
20250411;73.1;73.5;75.3;73.05;5242416;387541347;3.89;0.01;0.010
20250410;73.8;73.49;74.36;72.76;6389251;469824060;4.74;2.1;1.510
20250409;69.4;71.98;72.5;66.46;7032932;492362922;5.22;2.46;1.730
20250408;72.0;70.25;72.67;69.0;8085194;571653951;6.0;1.01;0.700
20250407;74.0;69.55;75.5;66.81;10396710;742604892;7.71;-11.02;-8.610
20250403;77.94;78.16;79.88;77.5;4103125;322065976;3.04;-1.11;-0.880
20250402;80.17;79.04;81.56;78.35;6955735;556061411;5.16;-2.17;-1.750
20250401;77.72;80.79;81.68;77.72;9279156;746613394;6.88;3.23;2.530
20250331;77.27;78.26;78.87;74.95;7106451;545358050;5.27;1.28;0.990
20250328;78.65;77.27;81.3;77.01;8748604;691799634;6.49;-2.19;-1.730
20250327;80.8;79.0;81.6;78.2;8965902;709585565;6.65;-3.33;-2.720
20250326;83.8;81.72;85.0;80.88;11339543;933599701;8.41;-3.0;-2.530
20250325;80.6;84.25;84.53;79.61;15722331;1305439560;11.66;5.09;4.080
20250324;77.89;80.17;80.88;77.4;10779156;853359960;8.0;2.73;2.130
20250321;77.2;78.04;82.28;76.66;12897436;1022619577;9.57;0.21;0.160
20250320;80.0;77.88;81.5;77.7;11189458;885148223;8.3;-1.65;-1.310
20250319;73.65;79.19;80.93;73.18;20662130;1613897465;15.33;7.17;5.300
20250318;73.61;73.89;75.5;72.72;7107895;527674584;5.27;1.08;0.790
20250317;70.65;73.1;73.5;70.65;8116230;590251751;6.02;3.47;2.450
20250314;68.99;70.65;70.76;68.65;4787868;335612984;3.55;2.42;1.670
20250313;70.0;68.98;70.19;68.52;3450033;238632987;2.56;-1.37;-0.960
20250312;70.6;69.94;70.86;69.9;2626782;184296232;1.95;-0.79;-0.560
20250311;69.3;70.5;70.74;68.9;3608553;250981952;2.68;0.66;0.460
20250310;70.66;70.04;71.66;69.75;3065699;215644851;2.27;-0.31;-0.220
20250307;70.5;70.26;71.3;69.9;3584224;252719060;2.66;-0.86;-0.610
20250306;69.78;70.87;70.9;69.78;4463964;315053017;3.31;2.03;1.410
20250305;70.0;69.46;70.29;69.0;3804115;263602605;2.82;-1.05;-0.740
20250304;70.14;70.2;70.46;69.14;3544395;247466294;2.63;-0.24;-0.170
20250303;71.33;70.37;73.11;69.9;5586471;398879695;4.14;-1.17;-0.830
20250228;72.06;71.2;73.15;71.08;4914641;355107594;3.65;-1.89;-1.370
20250227;73.0;72.57;73.5;71.48;4725069;341468146;3.5;-0.55;-0.400
20250226;71.03;72.97;73.26;71.0;5763551;416287852;4.28;2.56;1.820
20250225;71.75;71.15;72.25;70.7;5157521;368120042;3.83;-1.82;-1.320
20250224;74.3;72.47;74.3;72.37;6622110;483930666;4.91;-2.89;-2.160
20250221;75.1;74.63;75.79;73.88;7254912;539442474;5.38;-1.63;-1.240
20250220;74.3;75.87;76.38;74.01;8352423;631328021;6.2;2.8;2.070
20250219;74.11;73.8;75.02;73.18;8836497;652918795;6.55;-1.59;-1.190
20250218;79.65;74.99;79.66;74.8;12802100;979585169;9.5;-6.26;-5.010
20250217;74.47;80.0;80.0;73.45;16775437;1288827620;12.44;8.02;5.940
20250214;72.27;74.06;74.3;72.0;10018584;737863988;7.43;2.42;1.750
20250213;71.68;72.31;73.67;71.64;7122916;517597094;5.28;0.89;0.640
20250212;71.5;71.67;71.74;70.58;4825338;342930679;3.58;-0.36;-0.260
20250211;73.0;71.93;73.23;71.21;4904650;352493207;3.64;-1.67;-1.220
20250210;72.42;73.15;73.27;71.7;5147986;373472976;3.82;0.67;0.490
20250207;71.2;72.66;73.55;70.8;7160845;519302383;5.31;2.05;1.460
20250206;69.92;71.2;71.2;68.8;4757503;333920098;3.53;1.86;1.300
20250205;69.88;69.9;70.5;68.5;3178091;222189057;2.36;0.14;0.100
20250127;70.88;69.8;71.68;69.7;3342264;235262152;2.48;-1.06;-0.750
20250124;70.02;70.55;70.97;69.68;3979484;280306216;2.95;0.48;0.340
20250123;70.87;70.21;72.18;70.21;5383620;383767858;3.99;0.11;0.080
20250122;71.11;70.13;71.11;69.8;3473680;244264083;2.58;-1.94;-1.390
20250121;71.6;71.52;72.18;70.15;4434417;316231970;3.29;0.13;0.090
20250120;70.33;71.43;73.86;70.33;6334513;456269962;4.7;2.19;1.530
20250117;69.82;69.9;70.4;69.35;3784396;264441723;2.81;-0.31;-0.220
20250116;71.03;70.12;71.65;69.49;5424805;382283297;4.02;-0.96;-0.680
20250115;72.26;70.8;72.26;70.66;6172118;438916038;4.58;-2.67;-1.940
20250114;71.96;72.74;73.07;70.5;8823706;634032317;6.55;1.65;1.180
20250113;70.02;71.56;72.89;69.48;10130493;721051848;7.51;2.21;1.550
20250110;66.6;70.01;71.98;65.88;11124503;771663253;8.25;5.39;3.580
20250109;66.33;66.43;67.65;66.07;3196961;214165840;2.37;-0.84;-0.560
20250108;66.48;66.99;67.48;65.03;4928632;327322437;3.66;0.18;0.120
20250107;67.84;66.87;67.85;65.33;5652111;374949236;4.19;-1.46;-0.990
20250106;67.47;67.86;68.31;66.81;4418389;299279013;3.28;1.0;0.670
20250103;68.64;67.19;69.3;66.98;4944704;336751247;3.67;-1.65;-1.130
20250102;69.77;68.32;71.44;67.83;5741899;399030999;4.29;-2.09;-1.460