20251022;58.79;63.01;64.88;57.75;5126825;313307528;8.64;5.93;3.530
20251021;58.28;59.48;61.26;57.0;4124469;241902839;6.95;1.95;1.140
20251020;57.14;58.34;60.49;57.11;3035621;179057086;5.11;3.88;2.180
20251017;59.69;56.16;59.69;56.1;2813580;161698597;4.74;-5.76;-3.430
20251016;61.4;59.59;62.0;59.27;2812180;170628582;4.74;-2.95;-1.810
20251015;59.69;61.4;61.53;58.53;2807353;168654704;4.73;2.85;1.700
20251014;61.69;59.7;62.0;59.14;3498938;210549193;5.89;-2.93;-1.800
20251013;57.67;61.5;62.7;57.67;3844748;232872456;6.48;1.07;0.650
20251010;59.63;60.85;62.39;58.79;4452937;271100051;7.5;2.11;1.260
20251009;57.77;59.59;59.81;57.22;4383429;257486639;7.39;2.62;1.520
20250930;54.93;58.07;58.85;54.37;4822094;277220072;8.12;5.75;3.160
20250929;55.86;54.91;56.18;54.0;3821083;209855722;6.44;-2.97;-1.680
20250926;55.58;56.59;57.0;54.65;3965927;222458630;6.68;1.45;0.810
20250925;56.58;55.78;59.85;55.53;7219640;414397063;12.16;-3.28;-1.890
20250924;56.0;57.67;57.87;55.05;4630255;264053801;7.8;3.0;1.680
20250923;55.99;55.99;57.1;54.8;5172975;289295733;8.72;-0.3;-0.170
20250922;52.0;56.16;56.28;51.76;6081819;331923631;10.25;7.26;3.800
20250919;52.7;52.36;53.4;51.37;3752361;196479227;6.32;-0.36;-0.190
20250918;51.61;52.55;55.55;51.61;6025689;321947011;10.15;1.49;0.770
20250917;50.31;51.78;53.5;50.25;4398197;229473647;7.41;2.13;1.080
20250916;50.68;50.7;51.43;49.51;3926627;198052956;6.62;0.76;0.380
20250915;52.0;50.32;52.5;50.0;3301400;168149848;5.56;-3.21;-1.670
20250912;51.77;51.99;52.67;50.83;3338595;172684375;5.62;-0.27;-0.140
20250911;50.59;52.13;53.48;50.59;5131376;266682968;8.65;3.51;1.770
20250910;51.01;50.36;51.85;49.9;2341266;118342890;3.94;-0.75;-0.380
20250909;51.0;50.74;52.47;50.01;3366423;172001806;5.67;-0.63;-0.320
20250908;49.8;51.06;51.34;49.47;3832860;193488093;6.46;2.53;1.260
20250905;47.81;49.8;49.8;47.16;3795780;184741192;6.4;4.91;2.330
20250904;47.03;47.47;49.28;46.52;4119080;198179255;6.94;0.96;0.450
20250903;48.04;47.02;49.1;46.88;3045640;146263557;5.13;-1.65;-0.790
20250902;49.59;47.81;49.79;47.3;3941159;189818460;6.64;-3.98;-1.980
20250901;50.65;49.79;51.49;49.48;4387039;220399601;7.39;-1.09;-0.550
20250829;48.14;50.34;50.98;47.51;5137685;256812102;8.66;5.12;2.450
20250828;48.13;47.89;48.95;46.21;4238487;201686667;7.14;-0.54;-0.260
20250827;50.38;48.15;52.67;48.01;7969696;403374035;13.43;-4.82;-2.440
20250826;49.06;50.59;50.99;47.88;6260484;311256496;10.55;5.79;2.770
20250825;46.35;47.82;48.67;46.31;4624206;219774127;7.79;3.02;1.400
20250822;46.56;46.42;46.97;46.2;2521580;117388446;4.25;-0.3;-0.140
20250821;46.8;46.56;48.5;46.39;3590022;169301253;6.05;-0.77;-0.360
20250820;47.58;46.92;47.86;46.3;3054399;143474375;5.15;-1.41;-0.670
20250819;46.1;47.59;48.06;45.5;4577954;215407407;7.71;3.03;1.400
20250818;45.5;46.19;47.1;45.11;3845761;177267526;6.48;1.96;0.890
20250815;44.4;45.3;45.55;44.4;2091970;94086265;3.52;1.18;0.530
20250814;45.9;44.77;46.13;44.68;3288690;148728492;5.54;-2.57;-1.180
20250813;43.8;45.95;46.49;43.8;4843534;220779080;8.16;4.41;1.940
20250812;44.4;44.01;44.5;43.35;2169700;95195290;3.66;-0.88;-0.390
20250811;44.19;44.4;44.85;43.77;2525340;112138103;4.25;1.39;0.610
20250808;45.0;43.79;45.0;43.77;2203180;96865155;3.71;-2.73;-1.230
20250807;44.1;45.02;45.37;44.1;2683295;119886248;4.52;1.49;0.660
20250806;44.08;44.36;44.44;43.77;1774325;78335364;2.99;0.2;0.090
20250805;44.24;44.27;44.54;43.98;1432260;63258872;2.41;0.07;0.030
20250804;43.69;44.24;44.26;43.05;1899565;83060735;3.2;0.14;0.060
20250801;44.65;44.18;45.24;43.47;2731240;121165189;4.6;-1.89;-0.850
20250731;44.1;45.03;45.97;44.03;3887310;175176873;6.55;1.26;0.560
20250730;44.3;44.47;44.8;43.84;3204750;141824522;5.4;0.25;0.110
20250729;45.0;44.36;46.48;43.62;6095830;270718880;10.27;-3.57;-1.640
20250728;48.24;46.0;48.72;45.82;6275400;291851603;10.57;-6.31;-3.100
20250725;50.4;49.1;52.8;49.01;6254258;316503851;10.54;-0.55;-0.270
20250724;48.28;49.37;49.37;47.23;4501660;219084037;7.58;3.41;1.630
20250723;46.7;47.74;48.82;46.01;4223160;201961711;7.12;1.79;0.840
20250722;45.47;46.9;48.69;45.0;5334660;250420536;8.99;2.65;1.210
20250721;46.5;45.69;47.23;45.32;3421520;158202832;5.76;1.99;0.890
20250718;45.64;44.8;45.64;43.96;2805260;125089274;4.73;-0.69;-0.310
20250717;44.1;45.11;46.0;43.72;3646060;164890704;6.14;2.41;1.060
20250716;43.21;44.05;45.57;43.21;3206820;142594788;5.4;0.89;0.390
20250715;43.82;43.66;44.68;42.93;3324681;145363528;5.6;-1.22;-0.540
20250714;47.41;44.2;47.78;42.91;6474412;286546301;10.91;-6.89;-3.270
20250711;47.8;47.47;48.05;46.16;4463420;209636557;7.52;-0.69;-0.330
20250710;42.13;47.8;49.66;41.9;9507199;437559477;16.02;13.62;5.730
20250709;42.82;42.07;43.09;42.01;1698380;72326085;2.86;-1.68;-0.720
20250708;42.61;42.79;42.95;42.39;1612389;68719814;2.72;-0.19;-0.080
20250707;42.29;42.87;42.88;41.78;1557132;65972216;2.62;0.97;0.410
20250704;43.01;42.46;43.45;42.07;1799460;76613761;3.03;-1.71;-0.740
20250703;42.81;43.2;43.45;42.7;1241820;53425087;2.09;1.05;0.450
20250702;43.98;42.75;43.98;42.36;3028120;130175716;5.1;-2.8;-1.230
20250701;44.58;43.98;45.57;43.6;2973160;131645402;5.01;-1.04;-0.460
20250630;43.2;44.44;44.99;43.2;3253660;143830973;5.48;2.54;1.100
20250627;43.28;43.34;43.58;42.89;3096945;133793990;5.22;-0.69;-0.300
20250626;44.0;43.64;44.99;43.35;3934740;172840125;6.63;-1.49;-0.660
20250625;45.28;44.3;45.93;43.68;5579720;248419250;9.4;-3.55;-1.630
20250624;48.9;45.93;50.6;45.52;7420192;350666608;12.5;3.91;1.730
20250623;43.13;44.2;44.9;43.02;1851120;81538419;3.12;1.49;0.650
20250620;44.54;43.55;45.21;43.4;2414144;105819862;4.07;-2.9;-1.300
20250619;45.55;44.85;47.45;44.63;3147200;145319719;5.3;-2.52;-1.160
20250618;45.91;46.01;46.99;45.36;2525397;116114022;4.25;-0.5;-0.230
20250617;46.42;46.24;47.97;45.86;3420560;159091008;5.76;-0.77;-0.360
20250616;45.0;46.6;47.08;45.0;4715796;218186264;7.95;2.76;1.250
20250613;49.75;45.35;51.4;45.07;7777597;365081086;13.1;-11.17;-5.700
20250612;48.36;51.05;53.53;48.35;8136559;415904657;13.71;4.18;2.050
20250611;47.64;49.0;49.88;47.0;5936401;288377850;10.0;2.83;1.350
20250610;48.18;47.65;49.31;46.5;6409501;308420187;10.8;-0.04;-0.020
20250609;67.02;66.63;67.43;65.67;3771356;250758929;8.87;-0.55;-0.370
20250606;68.5;67.0;69.78;66.66;3888300;265001555;9.15;-2.62;-1.800
20250605;75.64;68.8;75.98;67.89;6548218;460053621;15.41;-9.95;-7.600
20250604;81.0;76.4;81.0;74.6;5828475;447680584;13.71;-4.8;-3.850
20250603;83.0;80.25;87.52;79.06;5104016;423222121;12.01;-4.58;-3.850
20250530;85.11;84.1;90.0;82.7;6294184;538975951;14.81;-5.52;-4.910
20250529;74.04;89.01;92.0;73.51;9532384;776267705;22.43;15.24;11.770
20250528;83.01;77.24;83.05;75.0;8458100;668842443;19.9;0.31;0.240
20250527;78.6;77.0;86.86;73.33;9642985;771525499;22.69;5.39;3.940
20250526;66.5;73.06;77.28;66.1;7821981;564957707;18.4;13.45;8.660
20250523;70.22;64.4;70.22;64.08;4396484;294385895;10.34;-3.01;-2.000
20250522;60.0;66.4;69.88;60.0;5420662;356137803;12.75;8.2;5.030
20250521;65.38;61.37;66.81;61.11;3485320;221571323;8.2;-1.02;-0.630
20250520;60.76;62.0;63.46;57.45;3961338;237618640;9.32;3.21;1.930
20250519;57.2;60.07;61.38;57.11;3646400;218751523;8.58;6.26;3.540
20250516;55.8;56.53;56.98;55.8;433500;24470655;1.02;0.44;0.250
20250515;57.0;56.28;57.8;56.14;635200;36074361;1.49;-2.12;-1.220
20250514;57.83;57.5;57.83;56.84;958800;54948979;2.26;-0.24;-0.140
20250513;59.2;57.64;61.0;57.41;1054200;61573899;2.48;-0.28;-0.160
20250512;57.71;57.8;58.8;57.28;1005000;58126873;2.36;0.26;0.150
20250509;59.2;57.65;59.21;57.45;1324800;76826758;3.12;-2.95;-1.750
20250508;56.0;59.4;60.37;55.95;3342800;196785453;7.87;6.13;3.430
20250507;56.34;55.97;58.38;55.05;2344809;133233709;5.52;-0.05;-0.030
20250506;56.3;56.0;57.17;54.4;1479900;82325892;3.48;1.3;0.720
20250430;54.81;55.28;55.85;54.34;886200;49022811;2.09;1.08;0.590
20250429;52.19;54.69;56.35;51.88;1567909;85994364;3.69;4.77;2.490
20250428;53.6;52.2;54.9;51.88;689600;36494833;1.62;-1.51;-0.800
20250425;52.9;53.0;53.8;52.43;456100;24174262;1.07;0.19;0.100
20250424;54.28;52.9;54.28;52.01;805400;42753132;1.89;-2.47;-1.340
20250423;54.5;54.24;54.78;52.5;1057950;56843190;2.49;0.97;0.520
20250422;55.44;53.72;55.45;53.66;848600;46273594;2.0;-3.12;-1.730
20250421;53.36;55.45;55.5;52.8;1080900;58467074;2.54;3.92;2.090
20250418;54.11;53.36;55.04;52.85;767400;41061696;1.81;-2.11;-1.150
20250417;54.83;54.51;55.55;54.37;861600;47354049;2.03;-0.58;-0.320
20250416;56.6;54.83;56.74;54.26;1146200;63100179;2.7;-3.18;-1.800
20250415;57.1;56.63;58.2;55.85;1297500;73762541;3.05;-0.81;-0.460
20250414;57.6;57.09;59.9;55.68;2281400;130635350;5.37;-1.01;-0.580
20250411;53.53;57.67;58.5;53.1;2648000;151166859;6.23;6.82;3.680
20250410;55.0;53.99;56.18;53.81;1358100;74881546;3.2;-0.57;-0.310
20250409;49.0;54.3;54.75;47.09;1895772;99244775;4.46;8.73;4.360
20250408;48.6;49.94;51.1;48.3;1344500;66825505;3.16;1.48;0.730
20250407;52.85;49.21;53.48;45.86;1921020;94436508;4.52;-11.3;-6.270
20250403;52.27;55.48;56.5;52.27;2638420;146079788;6.21;4.68;2.480
20250402;50.71;53.0;53.5;50.71;1203700;63187469;2.83;3.6;1.840
20250401;50.09;51.16;51.98;50.05;653500;33451330;1.54;2.14;1.070
20250331;50.49;50.09;50.74;49.16;702400;34918883;1.65;-1.11;-0.560
20250328;51.56;50.65;52.46;50.58;700600;36042012;1.65;-1.8;-0.930
20250327;51.99;51.58;52.7;51.39;1026200;53357260;2.41;-0.69;-0.360
20250326;51.67;51.94;52.26;50.8;871900;45036864;2.05;0.52;0.270
20250325;52.23;51.67;52.74;51.05;940300;48715899;2.21;-1.05;-0.550
20250324;53.39;52.22;53.39;50.8;1196754;62316549;2.82;-1.3;-0.690
20250321;54.55;52.91;55.25;52.8;1685862;90779961;3.97;-3.64;-2.000
20250320;53.87;54.91;55.48;53.31;1515300;82928888;3.57;1.57;0.850
20250319;54.04;54.06;54.47;53.34;1155900;62199328;2.72;0.07;0.040
20250318;53.49;54.02;54.29;53.21;1177000;63393877;2.77;1.35;0.720
20250317;53.8;53.3;54.17;53.1;846000;45205750;1.99;-1.61;-0.870
20250314;55.04;54.17;55.85;52.18;2353400;125979966;5.54;-2.68;-1.490
20250313;54.13;55.66;56.7;53.4;2474700;137353148;5.82;2.11;1.150
20250312;54.05;54.51;56.2;54.02;1545000;85568492;3.64;1.19;0.640
20250311;53.24;53.87;53.95;52.45;855800;45450877;2.01;-0.24;-0.130
20250310;54.34;54.0;55.49;53.35;977800;52908040;2.3;-0.28;-0.150
20250307;56.0;54.15;56.0;53.6;1546700;84089322;3.64;-2.38;-1.320
20250306;53.5;55.47;56.43;53.46;2234400;123377994;5.26;4.68;2.480
20250305;53.19;52.99;53.52;51.88;1664100;87520005;3.92;-0.38;-0.200
20250304;52.01;53.19;53.79;51.62;1249100;66332192;2.94;1.01;0.530
20250303;53.84;52.66;54.69;51.8;2017200;107617674;4.75;-0.83;-0.440
20250228;58.58;53.1;58.78;52.25;3201100;175631908;7.53;-10.59;-6.290
20250227;57.5;59.39;59.69;54.8;3909654;223662961;9.2;1.83;1.070
20250226;58.7;58.32;59.15;56.6;2540900;147402261;5.98;0.38;0.220
20250225;58.78;58.1;59.77;57.7;2420900;141962013;5.7;-4.39;-2.670
20250224;61.95;60.77;62.44;59.21;2972072;180296494;6.99;-4.13;-2.620
20250221;64.59;63.39;66.51;60.99;5216900;328361158;12.27;-1.86;-1.200
20250220;62.62;64.59;65.2;61.08;4028072;256514110;9.48;3.34;2.090
20250219;60.4;62.5;65.65;60.4;3032600;192258026;7.14;2.68;1.630
20250218;63.59;60.87;65.27;60.3;2593200;162249894;6.1;-4.28;-2.720
20250217;57.29;63.59;65.5;56.55;5597023;353236637;13.17;9.9;5.730
20250214;55.3;57.86;58.9;54.09;2310700;130183825;5.44;2.23;1.260
20250213;59.0;56.6;59.66;56.21;2497082;144150597;5.88;-0.21;-0.120
20250212;56.58;56.72;58.1;55.65;1959800;110939665;4.61;0.25;0.140
20250211;59.1;56.58;59.18;56.3;2953472;169144547;6.95;-6.23;-3.760
20250210;57.21;60.34;60.66;56.83;4046300;240589769;9.52;4.45;2.570
20250207;56.55;57.77;60.0;55.46;3667094;210877456;8.63;4.2;2.330
20250206;55.0;55.44;55.5;53.2;3090976;167863418;7.27;-2.7;-1.540
20250205;52.0;56.98;57.24;50.11;3705576;203755680;8.72;14.23;7.100
20250127;51.51;49.88;52.18;49.8;636900;32232787;1.5;-3.37;-1.740
20250124;51.21;51.62;51.88;50.54;1032800;52971230;2.43;1.22;0.620
20250123;52.35;51.0;52.8;50.3;1259900;64713129;2.96;-2.52;-1.320
20250122;46.8;52.32;53.98;46.68;2654049;136485534;6.24;8.19;3.960
20250121;49.05;48.36;49.54;46.6;908322;43490497;2.14;-0.29;-0.140
20250120;49.59;48.5;50.48;48.19;807600;39698168;1.9;-2.06;-1.020
20250117;48.37;49.52;50.73;47.87;1051300;52148206;2.47;2.38;1.150
20250116;47.9;48.37;49.29;47.6;772900;37379857;1.82;1.72;0.820
20250115;48.13;47.55;48.53;47.01;582350;27866364;1.37;-1.18;-0.570
20250114;46.01;48.12;48.2;45.88;1113454;52806695;2.62;4.61;2.120
20250113;45.11;46.0;46.65;42.61;1335454;59876477;3.14;1.55;0.700
20250110;48.48;45.3;48.97;45.13;1591200;74704088;3.74;-6.71;-3.260
20250109;49.0;48.56;49.92;47.86;838000;41050070;1.97;-1.06;-0.520
20250108;49.96;49.08;50.39;47.5;901600;44074069;2.12;-2.52;-1.270
20250107;48.79;50.35;50.35;48.0;1182200;58132167;2.78;3.35;1.630
20250106;50.1;48.72;50.79;47.78;1216122;59790888;2.86;-2.7;-1.350
20250103;53.88;50.07;54.15;49.79;1625900;83558664;3.83;-7.07;-3.810
20250102;55.69;53.88;56.85;53.3;1432450;78869084;3.37;-2.95;-1.640