20251022;15.83;16.66;18.2;15.83;14313862;244921779;16.88;5.91;0.930
20251021;15.43;15.73;15.78;15.39;2765420;43320852;3.26;2.21;0.340
20251020;15.03;15.39;15.39;14.98;2530410;38566647;2.98;2.94;0.440
20251017;15.2;14.95;15.35;14.88;1790440;26999221;2.11;-1.19;-0.180
20251016;15.45;15.13;15.52;15.07;1465280;22289235;1.73;-2.07;-0.320
20251015;15.29;15.45;15.55;15.21;2066180;31866382;2.44;1.58;0.240
20251014;15.56;15.21;15.69;15.21;2445540;37577079;2.88;-2.25;-0.350
20251013;14.85;15.56;15.57;14.51;3622580;55144446;4.27;1.83;0.280
20251010;15.27;15.28;15.48;15.1;1948040;29798945;2.3;-0.2;-0.030
20251009;15.39;15.31;15.56;15.18;2135320;32815640;2.52;-0.26;-0.040
20250930;15.4;15.35;15.51;15.22;1990900;30573785;2.35;-0.13;-0.020
20250929;15.19;15.37;15.48;14.91;2434100;37201235;2.87;1.65;0.250
20250926;15.18;15.12;15.4;14.92;1742360;26412741;2.05;-0.46;-0.070
20250925;15.38;15.19;15.66;15.14;2565100;39457838;3.03;-0.72;-0.110
20250924;14.8;15.3;15.39;14.6;3959740;59932662;4.67;3.59;0.530
20250923;15.12;14.77;15.15;14.17;4994505;72570176;5.89;-2.31;-0.350
20250922;15.2;15.12;15.37;14.98;2469800;37272325;2.91;-0.85;-0.130
20250919;15.61;15.25;15.67;15.01;3148300;48016958;3.71;-2.31;-0.360
20250918;16.19;15.61;16.19;15.39;2675721;42152954;3.16;-2.62;-0.420
20250917;15.88;16.03;16.24;15.71;2667820;42825827;3.15;0.94;0.150
20250916;15.5;15.88;15.89;15.2;2862820;44892525;3.38;2.32;0.360
20250915;15.48;15.52;15.66;15.39;2033220;31490227;2.4;-0.39;-0.060
20250912;15.8;15.58;15.86;15.51;1956220;30615792;2.31;-1.39;-0.220
20250911;15.7;15.8;15.83;15.53;2253280;35449600;2.66;0.89;0.140
20250910;15.66;15.66;15.77;15.51;1503566;23527719;1.77;0.38;0.060
20250909;15.69;15.6;15.84;15.48;2173840;34050038;2.56;-0.76;-0.120
20250908;15.5;15.72;15.75;15.44;2076286;32457693;2.45;1.68;0.260
20250905;15.26;15.46;15.49;15.17;3010060;46258490;3.55;1.18;0.180
20250904;15.07;15.28;15.53;14.97;3259380;49957645;3.84;1.8;0.270
20250903;15.68;15.01;15.68;14.94;2618700;40012311;3.09;-4.15;-0.650
20250902;15.57;15.66;15.68;15.0;4026596;61795325;4.75;0.58;0.090
20250901;15.38;15.57;15.8;15.38;2963540;46287044;3.5;1.24;0.190
20250829;15.55;15.38;15.63;15.22;3714560;57227238;4.38;-0.58;-0.090
20250828;15.65;15.47;16.0;14.85;4697380;72364989;5.54;-0.96;-0.150
20250827;16.38;15.62;16.46;15.55;4777820;76824456;5.63;-4.35;-0.710
20250826;16.21;16.33;16.5;16.07;2765560;45245600;3.26;0.55;0.090
20250825;16.3;16.24;16.49;16.14;3518980;57323069;4.15;0.56;0.090
20250822;16.42;16.15;16.67;16.1;4412840;71736992;5.2;-1.88;-0.310
20250821;16.41;16.46;16.57;16.3;3226652;53068984;3.81;0.12;0.020
20250820;16.51;16.44;16.51;16.24;2459700;40199507;2.9;-0.48;-0.080
20250819;16.22;16.52;16.56;16.08;3019300;49447242;3.56;1.47;0.240
20250818;16.03;16.28;16.38;16.03;3083380;50028517;3.64;1.81;0.290
20250815;16.01;15.99;16.22;15.87;3486749;55966091;4.11;0.13;0.020
20250814;16.57;15.97;16.69;15.94;4608113;74880150;5.43;-3.21;-0.530
20250813;16.66;16.5;16.86;16.46;4264334;70616732;5.03;-0.96;-0.160
20250812;16.66;16.66;17.08;16.52;5147729;86077905;6.07;0.0;0.000
20250811;16.62;16.66;16.71;16.44;4716846;78218207;5.56;0.12;0.020
20250808;16.5;16.64;16.69;16.34;4824340;79873722;5.69;0.85;0.140
20250807;16.68;16.5;16.81;16.45;3390140;56012595;4.0;-0.72;-0.120
20250806;16.59;16.62;16.7;16.51;4194709;69681938;4.95;0.06;0.010
20250805;16.65;16.61;16.68;16.38;3958140;65433430;4.67;0.85;0.140
20250804;16.26;16.47;16.5;16.02;3343540;54870882;3.94;1.29;0.210
20250801;16.17;16.26;16.36;16.11;3879832;63019517;4.58;0.0;0.000
20250731;16.65;16.26;16.7;16.18;5461660;89587742;6.44;-2.75;-0.460
20250730;16.61;16.72;16.75;16.34;7124041;117865201;8.4;1.15;0.190
20250729;16.66;16.53;16.83;16.28;7691740;127271524;9.07;-0.78;-0.130
20250728;16.45;16.66;16.95;16.33;10120061;168892327;11.94;0.6;0.100
20250725;16.14;16.56;17.45;16.01;13683900;226705267;16.14;3.37;0.540
20250724;16.08;16.02;16.59;16.0;8107080;131543026;9.56;-0.93;-0.150
20250723;16.86;16.17;16.86;16.14;11843491;193688843;13.97;-5.16;-0.880
20250722;16.9;17.05;17.19;16.4;18801517;315591949;22.17;1.01;0.170
20250721;15.78;16.88;17.5;15.46;20728292;340554846;24.45;11.71;1.770
20250718;15.16;15.11;15.17;14.96;1610680;24247182;1.9;0.07;0.010
20250717;15.18;15.1;15.21;15.01;2541437;38333215;3.0;0.27;0.040
20250716;14.95;15.06;15.16;14.91;2795840;42188047;3.3;0.8;0.120
20250715;15.13;14.94;15.19;14.79;2705760;40422733;3.19;-1.39;-0.210
20250714;14.99;15.15;15.18;14.98;2458740;37161938;2.9;1.07;0.160
20250711;15.13;14.99;15.28;14.84;2615300;39147721;3.08;-0.99;-0.150
20250710;15.0;15.14;15.15;14.88;2563780;38555711;3.02;1.07;0.160
20250709;15.0;14.98;15.22;14.9;3138020;47231191;3.7;-0.13;-0.020
20250708;15.02;15.0;15.11;14.86;2404320;35977366;2.84;0.47;0.070
20250707;14.84;14.93;14.93;14.73;2192700;32594984;2.59;1.01;0.150
20250704;14.96;14.78;15.01;14.75;2538800;37648370;2.99;-1.53;-0.230
20250703;15.01;15.01;15.1;14.88;2335800;34924549;2.75;0.2;0.030
20250702;14.95;14.98;15.17;14.7;3531160;52875022;4.16;0.88;0.130
20250701;14.87;14.85;15.06;14.72;2798180;41640396;3.3;-0.27;-0.040
20250630;14.75;14.89;14.95;14.66;2618520;38910427;3.09;1.36;0.200
20250627;14.67;14.69;14.82;14.6;1922980;28217671;2.27;0.07;0.010
20250626;14.69;14.68;14.79;14.59;2239080;32841765;2.64;-0.27;-0.040
20250625;14.69;14.72;14.8;14.53;3489300;51159200;4.12;0.2;0.030
20250624;14.17;14.69;14.95;14.17;4702363;68607666;5.55;3.6;0.510
20250623;13.6;14.18;14.32;13.59;3933183;55206527;4.64;3.43;0.470
20250620;13.89;13.71;14.06;13.66;2008440;27690818;2.37;-1.3;-0.180
20250619;14.1;13.89;14.21;13.81;3368480;47321765;3.97;-1.56;-0.220
20250618;14.1;14.11;14.18;13.96;1829883;25725665;2.16;0.07;0.010
20250617;14.26;14.1;14.33;14.04;2194260;31053597;2.59;-1.12;-0.160
20250616;13.99;14.26;14.35;13.9;2797620;39870485;3.3;1.86;0.260
20250613;14.25;14.0;14.25;13.97;2579540;36292978;3.04;-1.75;-0.250
20250612;14.22;14.25;14.33;14.15;2215140;31550919;2.61;0.0;0.000
20250611;14.23;14.25;14.36;14.17;1934420;27621386;2.28;0.14;0.020
20250610;14.39;14.23;14.48;14.01;2842440;40441232;3.35;-1.04;-0.150
20250609;14.25;14.38;14.39;14.19;2408640;34430861;2.84;1.27;0.180
20250606;14.04;14.2;14.23;13.92;2735565;38575503;3.23;1.14;0.160
20250605;13.97;14.04;14.31;13.88;2953180;41474012;3.48;1.08;0.150
20250604;13.88;13.89;14.01;13.87;2200060;30612706;2.59;0.14;0.020
20250603;13.83;13.87;14.06;13.81;2331780;32404749;2.75;-0.5;-0.070
20250530;14.2;13.94;14.21;13.85;3297960;45980413;3.89;-2.04;-0.290
20250529;13.71;14.23;14.25;13.7;4791060;67365748;5.65;3.49;0.480
20250528;13.66;13.75;13.95;13.61;3164360;43602231;3.73;0.51;0.070
20250527;13.7;13.68;13.9;13.54;3322165;45536075;3.92;1.18;0.160
20250526;13.22;13.52;13.58;13.19;2276320;30634972;2.68;1.88;0.250
20250523;13.42;13.27;13.59;13.21;3118480;41845636;3.68;-0.9;-0.120
20250522;13.68;13.39;13.94;13.3;3208160;43649637;3.78;-1.83;-0.250
20250521;14.31;13.97;14.38;13.91;3701540;51953622;4.37;-1.69;-0.240
20250520;14.1;14.21;14.23;13.92;3379100;47680065;3.99;1.43;0.200
20250519;14.05;14.01;14.09;13.75;2717900;37916088;3.21;-0.28;-0.040
20250516;13.98;14.05;14.17;13.98;2760105;38896633;3.26;0.14;0.020
20250515;14.18;14.03;14.18;13.81;3749587;52436002;4.42;-1.54;-0.220
20250514;14.13;14.25;14.31;13.88;4601240;64761999;5.43;0.85;0.120
20250513;14.16;14.13;14.33;14.06;3043160;43177325;3.59;0.07;0.010
20250512;14.1;14.12;14.22;13.99;2241760;31648488;2.64;1.15;0.160
20250509;14.19;13.96;14.28;13.91;2702760;37938551;3.19;-2.1;-0.300
20250508;14.18;14.26;14.45;13.96;2748180;39043840;3.24;2.15;0.300
20250507;14.1;13.96;14.21;13.83;2720620;38222751;3.21;0.07;0.010
20250506;13.63;13.95;13.97;13.62;3080159;42670508;3.63;2.95;0.400
20250430;13.4;13.55;13.72;13.3;2347100;31895949;2.77;0.89;0.120
20250429;13.04;13.43;13.53;12.96;2869880;38403813;3.38;3.15;0.410
20250428;13.11;13.02;13.25;12.79;2166539;28192225;2.56;-1.21;-0.160
20250425;13.31;13.18;13.36;13.1;2524880;33319252;2.98;-0.45;-0.060
20250424;13.49;13.24;13.57;13.02;4347280;57772101;5.13;-2.79;-0.380
20250423;13.47;13.62;13.68;13.4;4056766;54936185;5.33;-0.37;-0.050
20250422;13.82;13.67;13.83;13.65;1776160;24360575;2.33;-0.44;-0.060
20250421;13.56;13.73;13.77;13.43;1946200;26640574;2.56;0.96;0.130
20250418;13.5;13.6;13.68;13.32;2426840;32761859;3.19;0.89;0.120
20250417;13.3;13.48;13.66;13.2;2232200;30198990;2.93;1.28;0.170
20250416;13.61;13.31;13.71;13.05;2990240;39931755;3.93;-2.2;-0.300
20250415;13.63;13.61;13.72;13.4;2382520;32289380;3.13;0.74;0.100
20250414;13.54;13.51;13.85;13.43;3420240;46544282;4.5;1.58;0.210
20250411;13.2;13.3;13.53;13.2;4100100;54906542;5.39;-0.6;-0.080
20250410;13.27;13.38;13.77;13.24;6458100;87309661;8.49;3.08;0.400
20250409;12.89;12.98;13.08;11.41;7627460;94546584;10.03;6.57;0.800
20250408;12.0;12.18;12.61;11.9;4812340;59053700;6.33;2.53;0.300
20250407;13.88;11.88;13.88;11.86;8311100;103256615;10.92;-19.84;-2.940
20250403;14.6;14.82;15.02;14.45;5014540;73779228;6.59;0.82;0.120
20250402;14.58;14.7;14.89;14.42;3231746;47534901;4.25;0.68;0.100
20250401;14.5;14.6;14.85;14.5;4068454;59819860;5.35;1.04;0.150
20250331;14.5;14.45;14.75;14.15;4642220;66735295;6.1;-0.76;-0.110
20250328;14.96;14.56;15.08;14.51;3543180;51987087;4.66;-2.35;-0.350
20250327;15.24;14.91;15.27;14.61;4043098;60288667;5.31;-2.49;-0.380
20250326;14.74;15.29;15.5;14.7;6102698;93182367;8.02;3.66;0.540
20250325;14.75;14.75;14.95;14.53;4346087;64197817;5.71;0.27;0.040
20250324;15.58;14.71;15.65;14.15;7461398;110815128;9.81;-5.71;-0.890
20250321;15.78;15.6;16.03;15.5;6066120;95357543;7.97;-1.45;-0.230
20250320;15.59;15.83;16.0;15.42;7809580;122944547;10.26;1.21;0.190
20250319;15.5;15.64;15.85;15.44;7275910;113955847;9.56;0.64;0.100
20250318;15.32;15.54;15.56;15.22;5294420;81462562;6.96;1.57;0.240
20250317;15.35;15.3;15.36;15.2;3708220;56604742;4.87;0.59;0.090
20250314;15.0;15.21;15.24;14.78;4503700;67835305;5.92;1.33;0.200
20250313;15.23;15.01;15.23;14.7;5166720;77198366;6.79;-1.38;-0.210
20250312;15.32;15.22;15.36;15.09;5560660;84643875;7.31;0.07;0.010
20250311;15.21;15.21;15.33;14.98;4665240;70678817;6.13;-0.98;-0.150
20250310;15.24;15.36;15.46;15.16;4331060;66344910;5.69;0.85;0.130
20250307;15.37;15.23;15.59;15.09;5932340;90931550;7.8;-1.17;-0.180
20250306;15.4;15.41;15.58;15.22;7543620;116259443;9.92;0.33;0.050
20250305;15.28;15.36;15.44;15.04;6692865;102374443;8.8;1.52;0.230
20250304;14.83;15.13;15.17;14.51;5735616;85988213;7.54;2.02;0.300
20250303;14.95;14.83;15.28;14.67;8630926;129563077;11.34;-0.8;-0.120
20250228;16.11;14.95;16.11;14.85;10398220;160300171;13.67;-8.23;-1.340
20250227;16.07;16.29;16.59;15.59;12749035;205872932;16.76;1.37;0.220
20250226;16.01;16.07;16.18;15.63;11605120;185004562;15.25;0.25;0.040
20250225;15.88;16.03;16.2;15.5;14630490;232042113;19.23;-3.26;-0.540
20250224;15.23;16.57;18.0;15.09;22133329;359605819;29.09;8.16;1.250
20250221;15.42;15.32;15.46;14.85;10656080;161466033;14.01;-1.23;-0.190
20250220;15.62;15.51;15.77;15.21;13080600;201877040;17.19;-2.64;-0.420
20250219;14.86;15.93;15.95;14.72;19773689;306294140;25.99;5.08;0.770
20250218;14.41;15.16;15.46;14.05;18731250;279153629;24.62;3.91;0.570
20250217;14.1;14.59;14.65;14.0;14760237;211009522;19.4;-2.08;-0.310
20250214;14.01;14.9;16.32;14.01;18699037;282038100;24.58;7.27;1.010
20250213;13.82;13.89;14.79;13.67;7317819;103590921;9.62;0.65;0.090
20250212;13.84;13.8;13.92;13.68;2498420;34448510;3.28;-0.58;-0.080
20250211;14.0;13.88;14.0;13.74;2007660;27770255;2.64;-0.72;-0.100
20250210;13.9;13.98;14.0;13.71;2464380;34121643;3.24;0.58;0.080
20250207;13.91;13.9;14.07;13.67;3062800;42652640;4.03;0.65;0.090
20250206;13.51;13.81;13.83;13.5;2500979;34315747;3.29;1.99;0.270
20250205;13.51;13.54;13.65;13.3;2360220;31918615;3.1;1.73;0.230
20250127;13.39;13.31;13.69;13.26;2950280;39723941;3.88;0.0;0.000
20250124;13.21;13.31;13.37;13.04;1955720;25823275;2.57;0.83;0.110
20250123;13.21;13.2;13.45;13.18;2076160;27667659;2.73;0.92;0.120
20250122;13.17;13.08;13.35;13.01;2158400;28390832;2.84;-1.06;-0.140
20250121;13.35;13.22;13.37;13.01;1837706;24255236;2.42;-0.6;-0.080
20250120;13.11;13.3;13.38;13.07;2722140;36073295;3.58;1.68;0.220
20250117;12.76;13.08;13.15;12.76;2539700;32955084;3.34;1.55;0.200
20250116;12.78;12.88;13.02;12.65;2274600;29263894;2.99;0.86;0.110
20250115;12.64;12.77;13.0;12.56;2644700;33833826;3.48;0.71;0.090
20250114;11.99;12.68;12.68;11.98;2701500;33607610;3.55;6.11;0.730
20250113;11.61;11.95;12.0;11.34;2064100;24208523;2.71;1.01;0.120
20250110;12.25;11.83;12.36;11.82;1956580;23617483;2.57;-3.43;-0.420
20250109;12.22;12.25;12.42;12.02;2101280;25807372;2.76;0.16;0.020
20250108;12.22;12.23;12.38;11.81;2560540;31106182;3.37;-0.65;-0.080
20250107;11.75;12.31;12.31;11.75;3088920;37182610;4.06;4.77;0.560
20250106;11.8;11.75;11.88;11.02;2929400;34088667;3.85;-0.59;-0.070
20250103;12.7;11.82;12.79;11.76;4056980;49372704;5.33;-6.19;-0.780
20250102;12.91;12.6;13.22;12.43;3191680;40978364;4.2;-3.15;-0.410