20251022;42.1;41.6;42.42;41.33;2283157;95535035;5.25;-0.43;-0.180
20251021;42.13;41.78;42.38;41.61;2735513;114393605;6.29;-0.83;-0.350
20251020;40.45;42.13;42.47;40.45;3774237;157930056;8.68;5.48;2.190
20251017;41.68;39.94;41.74;39.94;2942199;119545884;6.77;-4.15;-1.730
20251016;41.7;41.67;42.4;41.3;2746534;114901458;6.32;-0.76;-0.320
20251015;41.78;41.99;42.05;40.8;2687729;111818417;6.18;1.5;0.620
20251014;43.94;41.37;44.29;41.21;4372253;185827544;10.06;-5.09;-2.220
20251013;42.44;43.59;43.88;41.08;4953507;213037498;11.4;-3.13;-1.410
20251010;48.45;45.0;48.77;44.68;6006779;277498618;13.82;-7.77;-3.790
20251009;50.14;48.79;51.44;48.6;8083502;402593086;18.6;-4.91;-2.520
20250930;53.11;51.31;55.59;51.19;7700255;405715411;17.72;0.12;0.060
20250929;52.03;51.25;53.94;51.14;5462273;284400276;12.57;-2.19;-1.150
20250926;51.67;52.4;56.36;51.4;6793083;365460733;15.63;0.4;0.210
20250925;53.37;52.19;54.83;51.86;5592805;296547649;12.87;-1.29;-0.680
20250924;52.46;52.87;53.55;51.77;4877288;256994549;11.22;-0.53;-0.280
20250923;53.0;53.15;53.55;51.7;5624818;295873309;12.94;-1.59;-0.860
20250922;52.2;54.01;54.5;51.86;7498714;401219797;17.25;5.45;2.790
20250919;52.01;51.22;53.87;51.0;7509801;391949146;17.28;-2.07;-1.080
20250918;48.84;52.3;56.08;48.24;13712343;712421983;31.55;7.41;3.610
20250917;48.91;48.69;49.38;48.33;4325463;210956170;9.95;-1.02;-0.500
20250916;47.8;49.19;50.55;47.73;6042256;296147918;13.9;3.04;1.450
20250915;47.39;47.74;49.17;47.35;4215531;203141811;9.7;-0.29;-0.140
20250912;47.5;47.88;48.43;47.1;4556793;217763447;10.48;0.52;0.250
20250911;46.31;47.63;47.98;45.9;5012235;236632017;11.53;2.54;1.180
20250910;46.06;46.45;47.02;45.55;3655577;168790060;8.41;-0.54;-0.250
20250909;45.8;46.7;47.74;45.3;5830176;272622741;13.41;1.1;0.510
20250908;45.96;46.19;46.56;45.46;3413997;156945924;7.85;1.16;0.530
20250905;43.25;45.66;46.0;43.23;4610336;208496075;10.61;5.57;2.410
20250904;44.14;43.25;45.73;42.7;3961361;175740723;9.11;-2.22;-0.980
20250903;45.21;44.23;46.48;44.1;3248292;147440323;7.47;-2.17;-0.980
20250902;46.23;45.21;46.63;43.51;5243303;235803980;12.06;-1.59;-0.730
20250901;47.51;45.94;47.51;45.6;5273110;243924621;12.13;-3.28;-1.560
20250829;46.8;47.5;49.29;46.5;6081312;291841009;13.99;1.52;0.710
20250828;47.5;46.79;47.68;45.7;4387190;204416420;10.09;-0.97;-0.460
20250827;48.0;47.25;49.06;47.03;5790227;277990955;13.32;-0.96;-0.460
20250826;48.4;47.71;49.23;47.56;6583544;318122488;15.15;-2.65;-1.300
20250825;48.71;49.01;51.88;47.34;9198503;449057210;21.16;0.62;0.300
20250822;47.05;48.71;49.49;46.55;8658628;415593176;19.92;2.83;1.340
20250821;45.0;47.37;48.58;44.57;11251111;526079508;25.89;4.99;2.250
20250820;45.39;45.12;45.47;44.66;3197071;143996597;7.36;-1.31;-0.600
20250819;44.78;45.72;46.18;43.78;6145325;277135245;14.14;2.1;0.940
20250818;44.2;44.78;45.48;44.0;4289225;192010090;9.87;0.97;0.430
20250815;44.0;44.35;44.94;43.8;3125502;139001054;7.19;0.66;0.290
20250814;45.27;44.06;45.27;43.65;4744544;210427653;10.92;-2.97;-1.350
20250813;43.7;45.41;45.59;43.31;5202623;230635099;11.97;3.82;1.670
20250812;43.59;43.74;43.88;43.15;2721029;118458196;6.26;-0.21;-0.090
20250811;44.22;43.83;44.44;43.53;3193320;140138053;7.35;-0.39;-0.170
20250808;44.78;44.0;44.87;43.89;3480790;153981431;8.01;-2.87;-1.300
20250807;45.86;45.3;46.15;44.78;4490890;203881515;10.33;-1.84;-0.850
20250806;45.61;46.15;46.96;45.27;5623993;259005939;12.94;0.65;0.300
20250805;45.0;45.85;47.0;44.5;8452549;385113230;19.45;3.83;1.690
20250804;41.2;44.16;44.49;41.04;8225901;356053792;18.93;6.08;2.530
20250801;42.24;41.63;43.28;41.51;3971971;167303157;9.14;-1.75;-0.740
20250731;41.34;42.37;43.55;41.0;6993389;297704303;16.09;1.66;0.690
20250730;44.79;41.68;44.79;41.5;8838888;376892964;20.34;-3.52;-1.520
20250729;42.47;43.2;43.37;42.0;3547929;151318670;8.16;0.65;0.280
20250728;41.6;42.92;44.16;41.6;5164672;222494563;11.88;3.15;1.310
20250725;42.34;41.61;42.34;41.38;2639579;109869382;6.07;-1.02;-0.430
20250724;40.4;42.04;42.7;40.26;6395209;268328752;14.71;4.34;1.750
20250723;40.95;40.29;40.95;40.06;2825818;113991050;6.5;-2.33;-0.960
20250722;42.49;41.25;42.49;40.82;4725689;195912880;10.87;-2.92;-1.240
20250721;41.4;42.49;42.7;41.02;4782095;200637394;11.0;2.39;0.990
20250718;42.23;41.5;42.23;40.8;4507613;186100253;10.37;-1.4;-0.590
20250717;41.1;42.09;42.75;40.3;5116034;213941520;11.77;2.41;0.990
20250716;39.93;41.1;42.23;39.77;6409394;264235154;14.75;2.88;1.150
20250715;39.88;39.95;41.18;39.41;4087943;164571602;9.41;-0.37;-0.150
20250714;40.33;40.1;41.13;39.53;4499745;180618109;10.35;-0.59;-0.240
20250711;40.78;40.34;41.22;40.03;3794466;154003223;8.73;-1.2;-0.490
20250710;40.4;40.83;41.36;39.86;3116796;126661264;7.17;0.86;0.350
20250709;41.3;40.48;42.36;40.3;3986442;164220292;9.17;-1.99;-0.820
20250708;39.68;41.3;42.23;39.47;6635648;275160304;15.27;4.11;1.630
20250707;40.2;39.67;40.4;39.2;1688912;67051116;3.89;-1.29;-0.520
20250704;41.03;40.19;41.1;39.88;2102889;84877462;4.84;-2.52;-1.040
20250703;41.12;41.23;41.47;40.66;2068525;84934815;4.76;0.05;0.020
20250702;42.28;41.21;42.44;40.66;2787824;115242374;6.41;-1.79;-0.750
20250701;41.54;41.96;42.05;40.43;4143524;171086033;9.53;1.01;0.420
20250630;41.65;41.54;42.36;41.48;3100568;129272009;7.13;-0.69;-0.290
20250627;44.01;41.83;44.57;41.73;4714020;200963304;10.85;-0.83;-0.350
20250626;43.92;42.18;43.92;41.77;5117873;218442363;11.77;-3.65;-1.600
20250625;41.29;43.78;45.38;41.29;8484529;367734449;19.52;6.78;2.780
20250624;39.51;41.0;41.0;39.51;4801488;194022695;11.05;3.77;1.490
20250623;38.6;39.51;39.79;38.4;3165713;124013322;7.28;1.8;0.700
20250620;39.85;38.81;40.38;38.51;3544952;138779669;8.16;-2.68;-1.070
20250619;39.55;39.88;41.06;39.51;4658477;188268862;10.72;-0.03;-0.010
20250618;39.16;39.89;40.09;38.4;3482589;136562358;8.01;1.14;0.450
20250617;40.37;39.44;40.37;38.98;2897310;114401986;6.67;-1.18;-0.470
20250616;38.55;39.91;39.99;38.55;3670376;145347042;8.44;1.53;0.600
20250613;41.49;39.31;41.68;39.19;7443245;297544934;17.13;-7.29;-3.090
20250612;44.97;42.4;45.5;40.81;9374142;398656424;21.57;-7.52;-3.450
20250611;45.5;45.85;48.27;45.3;4968782;232278326;11.43;0.64;0.290
20250610;46.01;45.56;47.41;45.4;4844768;224298064;11.15;-0.76;-0.350
20250609;47.5;45.91;47.8;45.65;3713769;172142365;8.54;-4.23;-2.030
20250606;48.3;47.94;48.88;46.8;3874478;184935334;8.91;-0.31;-0.150
20250605;46.7;48.09;49.57;45.6;4753591;226765401;10.94;2.98;1.390
20250604;46.5;46.7;48.01;45.98;3808737;178459529;8.76;0.82;0.380
20250603;42.9;46.32;48.2;42.9;5942869;273256271;13.67;6.56;2.850
20250530;45.6;43.47;45.78;42.89;4897038;214995367;11.27;-5.31;-2.440
20250529;45.6;45.91;47.08;44.86;2918832;133375953;6.72;0.57;0.260
20250528;47.78;45.65;47.78;45.15;3065262;140910462;7.05;-0.93;-0.430
20250527;65.52;64.2;66.27;61.98;2214289;140442814;7.08;-2.7;-1.780
20250526;66.08;65.98;67.5;64.83;1969881;129432912;6.3;-0.18;-0.120
20250523;68.57;66.1;70.5;65.88;2918454;197968321;9.33;-3.85;-2.650
20250522;72.08;68.75;73.68;68.5;3255908;231071882;10.41;-4.67;-3.370
20250521;72.24;72.12;73.5;69.75;2297313;164809516;7.35;-0.18;-0.130
20250520;74.19;72.25;74.4;71.4;2924700;212640728;9.35;-1.62;-1.190
20250519;74.54;73.44;74.74;70.4;5269845;382716459;16.85;2.03;1.460
20250516;66.0;71.98;72.7;65.5;5059734;354243137;16.18;9.11;6.010
20250515;67.0;65.97;67.2;65.06;2279400;150550117;7.29;-1.42;-0.950
20250514;68.71;66.92;69.1;66.74;3361041;227935916;10.75;-3.39;-2.350
20250513;70.69;69.27;71.18;68.75;3019470;210819819;9.66;-1.58;-1.110
20250512;69.22;70.38;73.0;69.22;4023400;287497304;12.87;2.18;1.500
20250509;69.99;68.88;70.73;67.38;4246492;292221154;13.58;-2.59;-1.830
20250508;69.95;70.71;75.35;69.5;4156300;300880278;13.29;-0.52;-0.370
20250507;72.11;71.08;73.0;67.37;4550932;319655236;14.55;-1.5;-1.080
20250506;67.36;72.16;73.35;66.1;5525245;388693339;17.67;5.54;3.790
20250430;65.48;68.37;68.55;64.58;5927056;395030467;18.96;3.8;2.500
20250429;60.92;65.87;67.11;60.0;6739120;430403378;21.55;9.16;5.530
20250428;62.0;60.34;63.63;60.0;6269123;384866499;20.05;-6.29;-4.050
20250425;60.32;64.39;67.0;58.0;10056826;624195920;32.16;8.04;4.790
20250424;56.0;59.6;59.6;55.11;8606993;494888558;27.53;6.43;3.600
20250423;51.64;56.0;57.24;51.64;6907800;376760451;22.09;8.44;4.360
20250422;50.41;51.64;52.76;49.0;5436722;275788362;17.39;3.9;1.940
20250421;44.44;49.7;51.87;44.44;6551500;319878892;20.95;11.84;5.260
20250418;44.27;44.44;45.08;43.36;2000002;88495094;6.4;1.23;0.540
20250417;44.37;43.9;45.38;43.89;1746000;77738350;5.58;-1.06;-0.470
20250416;46.27;44.37;46.7;43.95;2498900;112380026;7.99;-4.62;-2.150
20250415;47.2;46.52;47.68;45.8;2802700;130746125;8.96;0.63;0.290
20250414;47.25;46.23;47.94;46.1;2850600;133828685;9.12;-0.22;-0.100
20250411;45.0;46.33;47.2;45.0;2809505;130458041;8.98;2.48;1.120
20250410;44.94;45.21;47.43;44.94;3505132;161484391;11.21;4.1;1.780
20250409;40.32;43.43;43.99;37.64;3686882;152580043;11.79;5.18;2.140
20250408;41.05;41.29;42.87;40.0;3410405;140774833;10.91;1.18;0.480
20250407;46.0;40.81;47.66;40.81;4174712;177292682;13.35;-20.0;-10.200
20250403;53.63;51.01;54.0;50.6;2569740;133751439;8.22;-5.4;-2.910
20250402;51.6;53.92;55.27;51.6;3126500;168659232;10.0;3.47;1.810
20250401;53.11;52.11;53.87;51.72;1794800;94254870;5.74;-2.51;-1.340
20250331;51.95;53.45;53.66;50.43;3083598;159742481;9.86;1.46;0.770
20250328;53.3;52.68;54.72;52.3;1967400;104420659;6.29;-2.15;-1.160
20250327;54.57;53.84;55.57;53.8;2040572;111173891;6.53;-2.41;-1.330
20250326;53.8;55.17;57.2;53.73;3508500;194978666;11.22;1.7;0.920
20250325;57.11;54.25;58.3;53.72;3751590;207145136;12.0;-5.41;-3.100
20250324;59.11;57.35;59.78;55.79;3473240;199905070;11.11;-2.98;-1.760
20250321;62.51;59.11;63.39;58.9;4143546;250148522;13.25;-7.26;-4.630
20250320;63.03;63.74;64.36;61.23;3518884;221744270;11.25;0.47;0.300
20250319;66.66;63.44;67.5;62.6;4561202;292426185;14.59;-2.85;-1.860
20250318;65.77;65.3;66.8;62.71;4650539;300550880;14.87;-0.21;-0.140
20250317;65.3;65.44;66.19;62.0;5390157;347017044;17.24;-0.74;-0.490
20250314;60.83;65.93;68.22;58.71;9072095;573318111;29.01;7.12;4.380
20250313;67.97;61.55;67.97;59.84;7634786;481094014;24.42;-10.15;-6.950
20250312;72.25;68.5;74.78;67.36;8138851;570389599;26.03;-6.45;-4.720
20250311;71.51;73.22;76.5;69.0;7492746;543640807;23.96;-2.81;-2.120
20250310;80.06;75.34;85.78;75.01;7879402;624359246;25.2;-7.68;-6.270
20250307;75.98;81.61;88.0;75.87;8481074;698956518;27.12;8.02;6.060
20250306;74.61;75.55;78.49;71.12;7916907;591528798;25.32;5.63;4.030
20250305;65.0;71.52;73.86;63.2;8832195;604656114;28.25;8.99;5.900
20250304;63.0;65.62;72.57;63.0;8138991;558254690;26.03;1.82;1.170
20250303;66.55;64.45;69.22;63.21;5713801;375446237;18.27;1.42;0.900
20250228;68.88;63.55;74.0;63.0;6057593;401230331;19.37;-9.86;-6.950
20250227;69.56;70.5;76.81;68.0;5802590;416057899;18.56;4.17;2.820
20250226;68.71;67.68;75.0;64.01;7111612;491211529;22.74;3.49;2.280
20250225;55.36;65.4;69.99;55.36;6266206;390543160;20.04;11.83;6.920
20250224;57.9;58.48;61.61;53.22;8108048;466589083;25.93;7.68;4.170
20250221;45.16;54.31;54.31;44.86;5579422;277096983;17.84;20.0;9.050
20250220;46.93;45.26;47.72;44.93;6063049;279994015;19.39;-4.76;-2.260
20250219;41.57;47.52;49.15;40.71;7530457;354014552;24.08;16.02;6.560
20250218;42.45;40.96;43.25;40.75;1500801;62969174;4.8;-2.66;-1.120
20250217;43.27;42.08;43.27;40.66;1754169;73886969;5.61;-1.34;-0.570
20250214;44.07;42.65;45.84;42.5;1945774;85218234;6.22;-3.24;-1.430
20250213;46.65;44.08;47.58;43.77;3946097;178089186;12.62;-6.47;-3.050
20250212;43.61;47.13;47.89;42.11;4135828;189432334;13.23;12.4;5.200
20250211;42.51;41.93;42.93;41.54;1172697;49183048;3.75;-0.87;-0.370
20250210;41.75;42.3;42.5;40.6;1660794;69170599;5.31;1.41;0.590
20250207;42.01;41.71;42.72;40.76;2553072;105760454;8.16;-1.74;-0.740
20250206;43.3;42.45;43.88;41.88;2936581;125865912;9.39;-1.96;-0.850
20250205;41.28;43.3;43.8;40.2;2454562;104836331;7.85;5.22;2.150
20250127;41.22;41.15;44.86;40.66;3968999;167391908;12.69;-0.34;-0.140
20250124;38.5;41.29;41.8;38.02;4645397;187896294;14.86;5.66;2.210
20250123;38.0;39.08;41.32;36.92;5148801;201740506;16.47;4.63;1.730
20250122;38.89;37.35;38.89;36.84;3320701;124491010;10.62;-4.3;-1.680
20250121;37.58;39.03;40.49;37.0;5294240;205378150;16.93;4.0;1.500
20250120;36.9;37.53;38.68;36.1;3281555;122628948;10.49;4.63;1.660
20250117;35.39;35.87;36.95;34.0;2883901;102705780;9.22;2.9;1.010
20250116;34.94;34.86;35.58;34.0;2246302;77956948;7.18;-1.22;-0.430
20250115;33.5;35.29;35.3;33.2;3161864;109211353;10.11;6.71;2.220
20250114;31.3;33.07;33.33;30.94;1420295;46040967;4.54;6.99;2.160
20250113;30.73;30.91;31.15;29.95;517900;15825271;1.66;-0.39;-0.120
20250110;31.48;31.03;32.0;31.02;775061;24374426;2.48;-1.68;-0.530
20250109;31.48;31.56;32.37;31.06;810103;25660144;2.59;0.29;0.090
20250108;30.95;31.47;31.67;30.55;935154;29200434;2.99;0.48;0.150
20250107;29.85;31.32;32.0;29.85;1408697;43622734;4.51;4.43;1.330
20250106;28.47;29.99;31.82;27.26;800400;23367820;2.56;5.38;1.530
20250103;29.78;28.46;30.24;28.38;684700;19870747;2.19;-4.43;-1.320
20250102;30.98;29.78;31.27;29.5;766300;23243689;2.49;-3.09;-0.950