20251022;11.65;11.67;11.72;11.6;4503403;52523345;0.92;0.34;0.040
20251021;11.53;11.63;11.65;11.49;4672159;54270464;0.95;1.04;0.120
20251020;11.49;11.51;11.58;11.43;3738384;42957268;0.76;0.35;0.040
20251017;11.6;11.47;11.65;11.45;5621200;64962285;1.14;-1.04;-0.120
20251016;11.6;11.59;11.64;11.53;4685823;54283790;0.95;-0.09;-0.010
20251015;11.45;11.6;11.62;11.41;5630928;65032366;1.14;1.58;0.180
20251014;11.43;11.42;11.56;11.39;5608014;64327256;1.14;-0.09;-0.010
20251013;11.4;11.43;11.46;11.23;5828400;66287297;1.19;-1.38;-0.160
20251010;11.52;11.59;11.6;11.49;5335820;61723334;1.08;0.43;0.050
20251009;11.69;11.54;11.69;11.49;6802452;78540801;1.38;-0.77;-0.090
20250930;11.59;11.63;11.68;11.54;3797150;44130560;0.77;0.17;0.020
20250929;11.58;11.61;11.64;11.41;5252232;60510460;1.07;0.35;0.040
20250926;11.62;11.57;11.66;11.45;3546528;41094773;0.72;-0.52;-0.060
20250925;11.71;11.63;11.75;11.58;5089685;59311758;1.03;-0.68;-0.080
20250924;11.57;11.71;11.72;11.56;5048307;58907747;1.03;0.6;0.070
20250923;11.8;11.64;11.8;11.42;7643633;88374354;1.55;-1.27;-0.150
20250922;11.81;11.79;11.89;11.69;5544258;65290619;1.13;0.08;0.010
20250919;11.91;11.78;12.02;11.77;6770730;80218968;1.38;-1.26;-0.150
20250918;12.08;11.93;12.18;11.87;9389141;113040235;1.91;-1.32;-0.160
20250917;12.19;12.09;12.24;12.07;6108200;74141288;1.24;-0.82;-0.100
20250916;12.19;12.19;12.22;12.08;4131686;50213168;0.84;0.08;0.010
20250915;12.25;12.18;12.3;12.15;3555500;43409327;0.72;-0.65;-0.080
20250912;12.31;12.26;12.4;12.18;6101450;74959081;1.24;-0.16;-0.020
20250911;12.21;12.28;12.3;12.02;5624300;68476660;1.14;0.49;0.060
20250910;12.22;12.22;12.34;12.2;4688618;57470707;0.95;-0.41;-0.050
20250909;12.44;12.27;12.48;12.19;6372101;78445385;1.3;-1.6;-0.200
20250908;12.15;12.47;12.52;12.14;11342377;140310659;2.31;2.47;0.300
20250905;12.03;12.17;12.18;11.92;6110562;73803765;1.23;1.25;0.150
20250904;12.0;12.02;12.14;11.89;7325833;88208214;1.48;0.5;0.060
20250903;12.17;11.96;12.24;11.95;6831700;82433181;1.38;-1.89;-0.230
20250902;12.34;12.19;12.35;12.02;8839100;107510290;1.78;-1.14;-0.140
20250901;12.21;12.33;12.34;12.2;7134300;87642298;1.44;0.57;0.070
20250829;12.39;12.26;12.41;12.22;8808734;108441926;1.78;-1.05;-0.130
20250828;12.44;12.39;12.56;12.09;13389700;165153611;2.73;-1.04;-0.130
20250827;12.91;12.52;12.98;12.5;14834147;189177346;3.02;-3.02;-0.390
20250826;12.92;12.91;12.99;12.83;9012341;116377375;1.84;-0.15;-0.020
20250825;12.86;12.93;12.98;12.81;12659841;163233033;2.58;0.86;0.110
20250822;12.82;12.82;12.86;12.69;10142279;129380604;2.07;-0.16;-0.020
20250821;12.85;12.84;12.92;12.77;9259428;118981102;1.89;0.31;0.040
20250820;12.82;12.8;12.83;12.63;10006700;127231316;2.04;-0.08;-0.010
20250819;12.74;12.81;13.01;12.63;14388100;184873391;2.93;1.18;0.150
20250818;12.64;12.66;12.83;12.58;9607582;121949796;1.96;0.48;0.060
20250815;12.41;12.6;12.62;12.36;7838744;98333738;1.6;1.78;0.220
20250814;12.65;12.38;12.69;12.36;9126300;114078349;1.86;-2.06;-0.260
20250813;12.69;12.64;12.75;12.5;10209283;129036446;2.08;-0.32;-0.040
20250812;12.75;12.68;12.93;12.65;10074900;128537858;2.05;-0.63;-0.080
20250811;12.6;12.76;12.8;12.58;9538744;121114514;1.94;1.35;0.170
20250808;12.6;12.59;12.87;12.44;13505500;170831987;2.75;-0.24;-0.030
20250807;12.52;12.62;12.97;12.5;14630340;185597022;2.98;0.8;0.100
20250806;12.68;12.52;12.79;12.46;11804200;147879185;2.41;-1.57;-0.200
20250805;12.74;12.72;12.88;12.57;10001300;126839212;2.04;-0.16;-0.020
20250804;12.74;12.74;12.78;12.45;13059584;164450632;2.66;-0.39;-0.050
20250801;12.6;12.79;12.98;12.57;11858492;151541722;2.41;-0.23;-0.030
20250731;12.89;12.82;13.02;12.78;10987700;142003340;2.24;-0.93;-0.120
20250730;13.06;12.94;13.17;12.82;13699200;178214742;2.79;-1.15;-0.150
20250729;13.03;13.09;13.1;12.81;11886212;153984551;2.42;0.54;0.070
20250728;13.1;13.02;13.23;13.0;11690900;152976963;2.38;-0.61;-0.080
20250725;12.97;13.1;13.31;12.88;17505403;229771398;3.56;0.92;0.120
20250724;12.7;12.98;13.08;12.62;21104380;272115723;4.29;3.02;0.380
20250723;12.58;12.6;12.76;12.52;9925311;125598951;2.02;0.08;0.010
20250722;12.58;12.59;12.67;12.48;8345300;104986150;1.7;0.08;0.010
20250721;12.47;12.58;12.65;12.42;7689192;96452892;1.56;0.88;0.110
20250718;12.44;12.47;12.49;12.32;6200300;76897749;1.26;0.4;0.050
20250717;12.29;12.42;12.44;12.28;6863322;84980536;1.4;0.89;0.110
20250716;12.16;12.31;12.32;12.15;7170659;87782300;1.46;0.98;0.120
20250715;12.29;12.19;12.31;12.04;9464183;114856512;1.93;-0.81;-0.100
20250714;12.33;12.29;12.37;12.26;7320103;90048853;1.49;-0.32;-0.040
20250711;12.2;12.33;12.4;12.19;10312000;126786679;2.1;0.41;0.050
20250710;12.17;12.28;12.38;12.13;11582400;142030936;2.36;0.33;0.040
20250709;12.01;12.24;12.59;11.95;19928279;244401143;4.05;1.92;0.230
20250708;11.91;12.01;12.12;11.86;8251104;99108896;1.68;0.67;0.080
20250707;11.9;11.93;12.14;11.9;5836100;69986861;1.19;0.25;0.030
20250704;12.01;11.9;12.12;11.88;5811500;69534259;1.18;-1.08;-0.130
20250703;11.88;12.03;12.08;11.87;7127500;85607088;1.45;1.26;0.150
20250702;11.9;11.88;11.95;11.81;4808800;57041814;0.98;-0.67;-0.080
20250701;11.9;11.96;11.99;11.85;5551692;66241092;1.13;0.5;0.060
20250630;11.79;11.9;11.9;11.74;5515218;65394163;1.12;0.85;0.100
20250627;11.71;11.8;11.88;11.68;3991500;47129940;0.81;0.6;0.070
20250626;11.78;11.73;11.87;11.69;5605000;65994169;1.14;-1.1;-0.130
20250625;11.79;11.86;11.86;11.7;4340100;51140850;0.88;0.59;0.070
20250624;11.66;11.79;11.8;11.6;4369333;51378454;0.89;1.2;0.140
20250623;11.42;11.65;11.68;11.37;4777793;55183729;0.97;1.57;0.180
20250620;11.42;11.47;11.5;11.4;3681794;42154080;0.75;0.44;0.050
20250619;11.59;11.42;11.62;11.38;5120400;58696006;1.04;-1.55;-0.180
20250618;11.82;11.6;11.82;11.54;6326146;73500250;1.29;-2.11;-0.250
20250617;11.71;11.85;12.1;11.71;8693983;103522148;1.77;1.54;0.180
20250616;11.68;11.67;11.74;11.63;4198700;49078782;0.85;0.17;0.020
20250613;11.92;11.65;12.05;11.64;7961600;93859588;1.62;-2.59;-0.310
20250612;11.93;11.96;11.99;11.86;4432440;52843347;0.9;-0.17;-0.020
20250611;12.01;11.98;12.13;11.97;4613000;55527556;0.94;-0.25;-0.030
20250610;12.07;12.01;12.16;11.87;7143540;85858930;1.45;-0.58;-0.070
20250609;11.92;12.08;12.17;11.91;6765400;81752315;1.38;1.09;0.130
20250606;11.99;11.95;12.04;11.88;3147199;37528189;0.64;-0.42;-0.050
20250605;12.09;12.0;12.16;11.94;5367193;64401557;1.09;-0.91;-0.110
20250604;11.98;12.11;12.17;11.93;7620623;92028126;1.55;1.17;0.140
20250603;11.79;11.97;12.0;11.75;6126900;73152535;1.25;1.27;0.150
20250530;11.78;11.82;11.92;11.74;6181100;73038742;1.26;0.08;0.010
20250529;11.48;11.81;11.84;11.48;6436500;75433481;1.31;2.87;0.330
20250528;11.58;11.48;11.63;11.45;3732500;42996767;0.76;-0.61;-0.070
20250527;11.53;11.65;11.69;11.43;4879900;56562767;0.99;0.87;0.100
20250526;11.69;11.55;11.88;11.4;10105400;116664268;2.06;-1.7;-0.200
20250523;11.7;11.75;11.98;11.68;6267028;74205708;1.28;0.43;0.050
20250522;11.9;11.7;11.9;11.7;5574700;65621842;1.13;-1.68;-0.200
20250521;12.03;11.9;12.05;11.9;4345600;52060406;0.88;-1.08;-0.130
20250520;11.93;12.03;12.07;11.92;5216400;62715052;1.06;0.84;0.100
20250519;12.1;11.93;12.15;11.82;5825109;69291603;1.19;-1.16;-0.140
20250516;11.89;12.07;12.08;11.8;7101651;84930413;1.44;1.43;0.170
20250515;11.83;11.9;11.99;11.79;4967900;59176984;1.01;0.17;0.020
20250514;11.91;11.88;11.95;11.75;4819094;57114696;0.98;-0.34;-0.040
20250513;11.92;11.92;11.97;11.81;6175011;73396051;1.26;0.76;0.090
20250512;11.64;11.83;11.84;11.61;6521324;76562453;1.33;1.98;0.230
20250509;11.63;11.6;11.67;11.48;5590200;64693701;1.14;0.0;0.000
20250508;11.52;11.6;11.68;11.48;5372708;62420484;1.09;0.69;0.080
20250507;11.64;11.52;11.75;11.46;6241766;72432712;1.27;-0.17;-0.020
20250506;11.45;11.54;11.56;11.4;6299000;72491218;1.28;1.5;0.170
20250430;11.4;11.37;11.52;11.36;4847800;55413440;0.99;-0.26;-0.030
20250429;11.16;11.4;11.43;10.96;8588400;96371938;1.75;-0.7;-0.080
20250428;11.83;11.48;11.83;11.46;8079900;93593582;1.64;-3.29;-0.390
20250425;11.99;11.87;12.05;11.75;5189410;61836760;1.06;-0.08;-0.010
20250424;11.97;11.88;12.07;11.77;5117000;60983413;1.04;-0.42;-0.050
20250423;11.9;11.93;12.03;11.84;5479810;65365037;1.11;0.68;0.080
20250422;11.88;11.85;11.96;11.76;4803939;57008005;0.98;-0.5;-0.060
20250421;11.81;11.91;11.93;11.72;4510100;53545584;0.92;0.76;0.090
20250418;11.83;11.82;11.97;11.71;3378300;39868542;0.69;-0.17;-0.020
20250417;11.7;11.84;11.95;11.7;3991511;47330004;0.81;0.0;0.000
20250416;11.99;11.84;12.05;11.59;8189500;96435331;1.67;-1.82;-0.220
20250415;12.06;12.06;12.19;11.89;5216100;62753630;1.06;0.08;0.010
20250414;12.09;12.05;12.16;11.93;6428300;77340749;1.31;1.26;0.150
20250411;11.85;11.9;12.07;11.8;7161694;85429932;1.46;-0.58;-0.070
20250410;12.18;11.97;12.2;11.87;10455210;126084183;2.13;1.44;0.170
20250409;11.58;11.8;11.88;10.92;11596304;132590819;2.36;0.43;0.050
20250408;11.49;11.75;12.04;11.48;13862100;162634075;2.82;3.52;0.400
20250407;12.96;11.35;13.0;10.9;20924067;250669353;4.26;-15.24;-2.040
20250403;13.23;13.39;13.6;13.16;6115700;81992024;1.24;0.53;0.070
20250402;13.46;13.32;13.52;13.3;5465498;73192062;1.11;-1.19;-0.160
20250401;13.1;13.48;13.59;13.07;11282500;151452805;2.3;3.45;0.450
20250331;13.31;13.03;13.37;12.9;9095887;118959466;1.85;-2.69;-0.360
20250328;13.53;13.39;13.73;13.38;8444300;114474925;1.72;-1.03;-0.140
20250327;13.49;13.53;13.6;13.24;7212700;97143161;1.47;0.3;0.040
20250326;13.45;13.49;13.6;13.4;6236300;84070530;1.27;0.37;0.050
20250325;13.54;13.44;13.56;13.28;8122170;108973750;1.65;-0.74;-0.100
20250324;13.69;13.54;13.82;13.35;12080400;164138255;2.46;-1.17;-0.160
20250321;14.36;13.7;14.44;13.63;16860000;234827583;3.43;-4.66;-0.670
20250320;14.71;14.37;14.75;14.3;10920200;157347450;2.22;-2.71;-0.400
20250319;14.92;14.77;15.0;14.62;10321101;152359918;2.1;-1.4;-0.210
20250318;14.96;14.98;15.4;14.86;18116200;273199196;3.69;-0.4;-0.060
20250317;14.7;15.04;15.36;14.61;31549241;475125399;6.42;2.73;0.400
20250314;13.26;14.64;14.93;13.17;36787324;524133087;7.48;10.66;1.410
20250313;13.58;13.23;13.62;13.16;9239623;122904275;1.88;-2.51;-0.340
20250312;13.63;13.57;14.09;13.52;11415543;156887595;2.32;0.15;0.020
20250311;13.72;13.55;13.76;13.45;7718017;104540722;1.57;-1.67;-0.230
20250310;13.79;13.78;14.08;13.54;14103371;194858528;2.87;1.32;0.180
20250307;13.38;13.6;13.91;13.28;17638011;240680955;3.59;1.34;0.180
20250306;12.91;13.42;13.53;12.88;12912603;170787588;2.63;4.03;0.520
20250305;13.1;12.9;13.13;12.82;4441601;57318598;0.9;-1.3;-0.170
20250304;12.92;13.07;13.11;12.85;4559172;59375146;0.93;1.16;0.150
20250303;12.85;12.92;13.15;12.84;5490079;71547044;1.12;0.62;0.080
20250228;13.12;12.84;13.26;12.82;6556496;85054046;1.33;-2.51;-0.330
20250227;13.1;13.17;13.17;12.9;5757318;75027429;1.17;0.69;0.090
20250226;12.96;13.08;13.14;12.91;4493000;58453554;0.91;1.0;0.130
20250225;13.04;12.95;13.06;12.88;5194077;67370155;1.06;-1.15;-0.150
20250224;13.31;13.1;13.31;13.06;6240636;81965794;1.27;-1.58;-0.210
20250221;13.29;13.31;13.47;13.09;6470891;85804449;1.32;0.23;0.030
20250220;13.18;13.28;13.58;13.13;7223400;96655194;1.47;0.91;0.120
20250219;13.03;13.16;13.26;12.9;6570500;86042423;1.34;1.0;0.130
20250218;13.48;13.03;13.48;12.96;8636106;113758831;1.76;-2.91;-0.390
20250217;13.38;13.42;13.73;13.18;14407577;194900564;2.93;1.9;0.250
20250214;12.63;13.17;13.23;12.63;12351782;161154130;2.51;4.03;0.510
20250213;12.79;12.66;12.83;12.64;4607984;58586338;0.94;-1.02;-0.130
20250212;12.81;12.79;12.89;12.71;5004031;64025356;1.02;-0.39;-0.050
20250211;12.93;12.84;13.02;12.74;5067689;64987388;1.03;-0.7;-0.090
20250210;12.83;12.93;13.04;12.74;6930920;89473533;1.41;1.25;0.160
20250207;12.56;12.77;12.88;12.52;6876700;87655346;1.4;1.35;0.170
20250206;12.41;12.6;12.6;12.27;4549444;56747287;0.93;1.45;0.180
20250205;12.5;12.42;12.64;12.35;4331300;54138370;0.88;0.57;0.070
20250127;12.24;12.35;12.49;12.21;7273732;90123459;1.48;1.23;0.150
20250124;12.35;12.2;12.35;12.02;11080173;134635375;2.25;-3.25;-0.410
20250123;12.64;12.61;12.8;12.59;4053038;51429374;0.82;0.56;0.070
20250122;12.61;12.54;12.64;12.44;3317646;41534956;0.67;-0.63;-0.080
20250121;12.75;12.62;12.79;12.58;2675900;33848738;0.54;-0.55;-0.070
20250120;12.65;12.69;12.78;12.56;3547714;45089829;0.72;0.95;0.120
20250117;12.48;12.57;12.65;12.44;3868690;48549237;0.79;0.48;0.060
20250116;12.54;12.51;12.76;12.47;4062070;51185180;0.83;-0.24;-0.030
20250115;12.62;12.54;12.64;12.45;3783838;47308951;0.77;-0.87;-0.110
20250114;12.32;12.65;12.67;12.28;5607576;70086435;1.14;3.1;0.380
20250113;12.11;12.27;12.34;12.06;3993600;48811621;0.81;0.08;0.010
20250110;12.5;12.26;12.55;12.26;4269000;52749505;0.87;-1.68;-0.210
20250109;12.57;12.47;12.69;12.41;4327400;54336731;0.88;-0.95;-0.120
20250108;12.8;12.59;12.89;12.35;4975000;62656803;1.01;-1.95;-0.250
20250107;12.9;12.84;12.93;12.62;5002500;63932035;1.02;-0.85;-0.110
20250106;12.63;12.95;13.06;12.6;6737303;86800458;1.37;2.53;0.320
20250103;12.78;12.63;13.06;12.54;6659678;85265141;1.35;-1.17;-0.150
20250102;13.2;12.78;13.29;12.67;6294943;81723058;1.28;-3.18;-0.420