20251022;17.01;17.0;17.13;16.96;1627271;27716056;1.81;-0.47;-0.080
20251021;17.07;17.08;17.15;16.97;1918903;32752153;2.13;0.47;0.080
20251020;16.88;17.0;17.03;16.8;1548836;26265639;1.72;1.43;0.240
20251017;17.25;16.76;17.38;16.76;3217150;54648692;3.57;-3.29;-0.570
20251016;16.98;17.33;18.21;16.98;5655086;99330952;6.28;1.35;0.230
20251015;17.0;17.1;17.12;16.87;2178960;37070382;2.42;0.29;0.050
20251014;17.12;17.05;17.46;16.9;4080639;69952546;4.53;-0.41;-0.070
20251013;16.79;17.12;17.19;16.41;3147307;53275308;3.5;0.18;0.030
20251010;16.94;17.09;17.19;16.91;3133803;53558558;3.48;-0.23;-0.040
20251009;16.68;17.13;17.27;16.53;4644009;78979668;5.16;3.07;0.510
20250930;16.68;16.62;16.7;16.56;1694528;28186663;1.88;0.06;0.010
20250929;16.59;16.61;16.66;16.28;2044700;33713798;2.27;-0.06;-0.010
20250926;16.79;16.62;16.8;16.54;2149880;35821548;2.39;0.06;0.010
20250925;16.75;16.61;16.83;16.55;2564439;42796400;2.85;-0.18;-0.030
20250924;16.61;16.64;16.75;16.47;2368000;39411187;2.63;0.0;0.000
20250923;16.85;16.64;16.94;16.24;3812800;62846830;4.24;-1.48;-0.250
20250922;17.27;16.89;17.34;16.8;3373827;57291892;3.75;-2.2;-0.380
20250919;17.47;17.27;17.6;17.1;3577100;61951086;3.97;-1.6;-0.280
20250918;17.75;17.55;18.07;17.35;7042728;124433969;7.83;-0.17;-0.030
20250917;17.83;17.58;17.83;17.55;2499536;44083534;2.78;-1.29;-0.230
20250916;17.53;17.81;18.07;17.53;3461836;61599553;3.85;1.66;0.290
20250915;17.77;17.52;17.87;17.46;2896700;50956257;3.22;-1.18;-0.210
20250912;18.06;17.73;18.14;17.7;3134871;55971789;3.48;-1.88;-0.340
20250911;17.93;18.07;18.08;17.66;3080804;55083099;3.42;1.01;0.180
20250910;18.1;17.89;18.22;17.84;2920774;52540140;3.25;-1.16;-0.210
20250909;18.7;18.1;18.7;18.0;4494664;81762603;4.99;-3.47;-0.650
20250908;17.54;18.75;18.78;17.45;7785586;142643916;8.65;6.78;1.190
20250905;17.2;17.56;17.56;17.18;2965400;51537682;3.29;2.03;0.350
20250904;17.43;17.21;17.65;16.95;4228490;73237030;4.7;-1.49;-0.260
20250903;18.18;17.47;18.29;17.44;4962800;87772667;5.51;-3.85;-0.700
20250902;18.64;18.17;18.72;17.93;5390805;97982473;5.99;-2.68;-0.500
20250901;18.8;18.67;19.16;18.55;4937938;92556550;5.49;-0.05;-0.010
20250829;18.66;18.68;18.86;18.53;4810889;89923517;5.35;-0.21;-0.040
20250828;18.95;18.72;19.2;18.31;8004377;149975394;8.89;-1.47;-0.280
20250827;18.76;19.0;19.68;18.59;14317794;274174160;15.91;1.28;0.240
20250826;17.77;18.76;19.19;17.69;13732456;254782031;15.26;5.16;0.920
20250825;18.04;17.84;18.14;17.57;8786303;156129486;9.76;-0.83;-0.150
20250822;18.25;17.99;18.33;17.92;5836330;105318447;6.48;-1.37;-0.250
20250821;18.55;18.24;18.66;18.12;4888300;89737429;5.43;-1.88;-0.350
20250820;18.36;18.59;18.6;18.31;5617000;103693463;6.24;0.32;0.060
20250819;17.95;18.53;19.03;17.87;11983416;224252211;13.31;3.06;0.550
20250818;17.7;17.98;18.11;17.59;7484987;134175585;8.32;2.22;0.390
20250815;16.92;17.59;17.75;16.91;8951194;155966865;9.95;3.96;0.670
20250814;17.28;16.92;17.4;16.87;5499701;94090259;6.11;-2.14;-0.370
20250813;17.24;17.29;17.46;17.24;4601191;79700511;5.11;0.0;0.000
20250812;17.23;17.29;17.53;17.14;5969279;103322865;6.63;0.88;0.150
20250811;17.26;17.14;17.45;17.14;5746044;99331212;6.38;-0.92;-0.160
20250808;17.16;17.3;17.6;17.13;4452502;77265943;4.95;0.35;0.060
20250807;17.42;17.24;17.42;17.19;3652989;63032968;4.06;-0.63;-0.110
20250806;17.49;17.35;17.6;17.3;5032101;87523210;5.59;-0.8;-0.140
20250805;17.2;17.49;17.5;17.19;5405807;93699078;6.01;1.75;0.300
20250804;17.15;17.19;17.28;17.03;2917994;50106031;3.24;-0.12;-0.020
20250801;17.06;17.21;17.27;16.98;4326860;74103267;4.81;1.29;0.220
20250731;17.07;16.99;17.17;16.91;4579167;78089232;5.09;-0.47;-0.080
20250730;17.32;17.07;17.32;17.0;4772400;81808801;5.3;-1.44;-0.250
20250729;17.12;17.32;17.34;17.04;6114700;104928357;6.79;1.46;0.250
20250728;17.33;17.07;17.38;17.03;6450700;110314673;7.17;-1.9;-0.330
20250725;17.45;17.4;17.64;17.25;7098575;123805267;7.89;-0.29;-0.050
20250724;17.07;17.45;17.45;17.07;8403538;145212194;9.34;2.17;0.370
20250723;17.07;17.08;17.28;17.0;7968172;136615831;8.85;-0.29;-0.050
20250722;17.26;17.13;17.26;16.93;7223471;123203352;8.03;-0.23;-0.040
20250721;17.14;17.17;17.28;16.87;16917682;289410423;18.8;0.88;0.150
20250718;16.54;17.02;17.49;16.42;12385114;210131911;13.76;3.34;0.550
20250717;16.45;16.47;16.56;16.39;2268300;37340283;2.52;0.18;0.030
20250716;16.3;16.44;16.45;16.29;2286100;37430020;2.54;0.86;0.140
20250715;16.49;16.3;16.51;16.18;2724805;44427062;3.03;-0.97;-0.160
20250714;16.36;16.46;16.64;16.36;3440559;56740891;3.82;0.61;0.100
20250711;16.39;16.36;16.41;16.26;3096649;50565174;3.44;0.06;0.010
20250710;16.43;16.35;16.44;16.33;2706631;44319301;3.01;-0.12;-0.020
20250709;16.32;16.37;16.43;16.27;3924107;64198736;4.36;0.31;0.050
20250708;16.14;16.32;16.37;16.13;3011300;49009934;3.35;1.12;0.180
20250707;16.05;16.14;16.19;16.02;2053100;33077301;2.28;0.31;0.050
20250704;16.38;16.09;16.39;16.08;3878356;62895994;4.31;-1.53;-0.250
20250703;16.54;16.34;16.54;16.29;5042288;82460545;5.6;-1.21;-0.200
20250702;16.16;16.54;16.56;16.16;10256109;168173787;11.4;2.92;0.470
20250701;16.02;16.07;16.1;15.98;2111700;33877297;2.35;0.31;0.050
20250630;15.9;16.02;16.03;15.84;2224601;35474048;2.47;0.88;0.140
20250627;15.93;15.88;15.97;15.81;1864298;29627873;2.07;0.38;0.060
20250626;16.04;15.82;16.09;15.82;3140000;50144921;3.49;-1.06;-0.170
20250625;16.04;15.99;16.12;15.91;3166290;50613791;3.52;-0.68;-0.110
20250624;15.7;16.1;16.11;15.7;4719844;75249266;5.24;0.63;0.100
20250623;15.55;16.0;16.16;15.38;6198778;98267859;6.89;2.96;0.460
20250620;15.45;15.54;15.72;15.45;2399370;37377656;2.67;0.52;0.080
20250619;15.88;15.46;15.88;15.45;2912386;45430953;3.24;-2.46;-0.390
20250618;16.01;15.85;16.04;15.69;2832792;44808596;3.15;-0.81;-0.130
20250617;16.0;15.98;16.11;15.91;2590349;41410650;2.88;-0.25;-0.040
20250616;15.88;16.02;16.04;15.86;2230148;35624809;2.48;0.95;0.150
20250613;16.26;15.87;16.35;15.84;5515474;88490625;6.13;-3.05;-0.500
20250612;16.33;16.37;16.4;16.22;3391901;55279177;3.77;-0.18;-0.030
20250611;16.3;16.4;16.48;16.3;3429588;56253454;3.81;0.18;0.030
20250610;16.74;16.37;16.76;16.14;6451586;105844813;7.17;-2.21;-0.370
20250609;16.79;16.74;16.83;16.6;5859170;97843708;6.51;0.24;0.040
20250606;16.42;16.7;16.91;16.3;8852917;147597700;9.84;1.83;0.300
20250605;16.28;16.4;16.42;16.22;4518901;73739597;5.02;0.68;0.110
20250604;16.55;16.29;16.55;16.22;5939144;97144632;6.6;-1.57;-0.260
20250603;16.2;16.55;16.56;16.16;5724169;94087331;6.36;1.66;0.270
20250530;16.35;16.28;16.62;16.22;4806508;78669695;5.34;-0.97;-0.160
20250529;16.22;16.44;16.47;16.18;5114596;83826407;5.68;1.48;0.240
20250528;16.59;16.2;16.59;16.15;5468535;89242140;6.08;-2.53;-0.420
20250527;16.34;16.62;16.71;16.25;7626319;126114771;8.47;1.78;0.290
20250526;16.1;16.33;16.4;16.06;4700953;76473071;5.22;0.99;0.160
20250523;16.4;16.17;16.65;16.05;8145517;133380444;9.05;-2.24;-0.370
20250522;16.31;16.54;16.75;16.22;8785964;145143489;9.76;0.3;0.050
20250521;16.7;16.49;16.72;16.41;10307386;170641509;11.45;-2.14;-0.360
20250520;16.76;16.85;16.88;16.4;14598941;242885637;16.22;-1.17;-0.200
20250519;16.9;17.05;17.32;16.66;19501606;329819663;21.67;-1.67;-0.290
20250516;18.8;17.78;19.0;17.49;30917627;551052208;34.35;-5.43;-1.020
20250515;20.52;18.8;21.43;18.6;47134897;944241864;52.37;0.97;0.180
20250514;15.47;18.62;18.62;15.38;32700710;579053090;36.33;19.97;3.100
20250513;15.43;15.52;15.6;15.22;3785078;58333279;4.21;1.97;0.300
20250512;14.96;15.22;15.42;14.92;3362523;50921599;3.74;2.42;0.360
20250509;15.1;14.86;15.16;14.77;2437200;36250823;2.71;-0.67;-0.100
20250508;14.72;14.96;14.98;14.66;1939018;28854793;2.15;1.77;0.260
20250507;14.75;14.7;14.9;14.63;1920364;28320917;2.13;0.07;0.010
20250506;14.44;14.69;14.7;14.38;2223400;32423658;2.47;2.23;0.320
20250430;14.4;14.37;14.5;14.33;1862706;26806807;2.07;-0.42;-0.060
20250429;14.18;14.43;14.49;14.13;2470400;35561890;2.74;1.62;0.230
20250428;15.23;14.2;15.23;14.17;6591870;94727412;7.32;-7.31;-1.120
20250425;15.19;15.32;15.36;15.13;1751694;26738314;1.95;0.86;0.130
20250424;15.21;15.19;15.29;15.07;1468240;22299456;1.63;0.0;0.000
20250423;15.08;15.19;15.27;15.08;1493252;22684101;1.66;0.26;0.040
20250422;15.13;15.15;15.2;15.06;1078800;16337628;1.2;0.07;0.010
20250421;15.01;15.14;15.14;14.89;1603784;24083983;1.78;1.14;0.170
20250418;15.09;14.97;15.12;14.91;1380317;20704959;1.53;-0.86;-0.130
20250417;15.17;15.1;15.22;15.09;1730275;26210268;1.92;-0.4;-0.060
20250416;15.31;15.16;15.4;15.05;1691960;25677053;1.88;-0.98;-0.150
20250415;15.36;15.31;15.47;15.23;1414215;21638119;1.57;-0.46;-0.070
20250414;15.54;15.38;15.63;15.34;2400076;37055877;2.67;-0.32;-0.050
20250411;15.16;15.43;15.5;15.16;2199121;33888785;2.44;0.52;0.080
20250410;15.27;15.35;15.76;15.26;3792881;58832920;4.21;1.39;0.210
20250409;14.66;15.14;15.4;14.16;4603646;67876523;5.12;1.88;0.280
20250408;14.61;14.86;15.31;14.61;6672903;99829278;7.41;1.5;0.220
20250407;16.0;14.64;16.18;14.11;8280727;126375111;9.2;-12.07;-2.010
20250403;16.41;16.65;16.71;16.37;3294220;54678851;3.66;0.6;0.100
20250402;16.37;16.55;16.63;16.33;2123577;35094969;2.36;1.1;0.180
20250401;16.37;16.37;16.49;16.3;2207101;36194953;2.45;-0.18;-0.030
20250331;16.31;16.4;16.43;16.15;2479020;40399027;2.75;0.18;0.030
20250328;16.38;16.37;16.6;16.29;2361797;38820652;2.62;-0.43;-0.070
20250327;16.58;16.44;16.68;16.42;3323323;54994852;3.69;-1.02;-0.170
20250326;16.69;16.61;16.8;16.58;4314344;71882118;4.79;-1.01;-0.170
20250325;16.56;16.78;17.2;16.48;8067215;136050326;8.96;0.9;0.150
20250324;16.19;16.63;16.75;16.16;7810135;128730787;8.68;1.03;0.170
20250321;16.31;16.46;16.6;16.31;5020860;82556328;5.58;0.37;0.060
20250320;16.62;16.4;16.75;16.27;6326688;104004728;7.03;-1.97;-0.330
20250319;15.92;16.73;16.9;15.83;10639934;175315124;11.82;4.69;0.750
20250318;15.67;15.98;16.16;15.6;5284274;84384461;5.87;1.98;0.310
20250317;15.55;15.67;15.76;15.46;2578844;40363011;2.87;1.03;0.160
20250314;15.32;15.51;15.52;15.29;2268479;35003729;2.52;0.98;0.150
20250313;15.31;15.36;15.44;15.23;1482109;22668042;1.65;0.0;0.000
20250312;15.52;15.36;15.52;15.36;1134000;17458818;1.26;-0.45;-0.070
20250311;15.31;15.43;15.43;15.22;1219425;18733002;1.35;0.19;0.030
20250310;15.32;15.4;15.42;15.29;1418616;21800067;1.58;0.72;0.110
20250307;15.28;15.29;15.39;15.22;1168900;17882144;1.3;-0.13;-0.020
20250306;15.2;15.31;15.35;15.16;1703400;26037819;1.89;1.06;0.160
20250305;15.25;15.15;15.32;15.08;1143358;17328264;1.27;-0.59;-0.090
20250304;15.03;15.24;15.25;14.93;1613745;24477231;1.79;1.4;0.210
20250303;15.01;15.03;15.18;15.01;1478700;22321812;1.64;0.13;0.020
20250228;15.3;15.01;15.3;14.95;2162264;32650463;2.4;-1.83;-0.280
20250227;15.39;15.29;15.4;15.09;2069661;31543608;2.3;-0.46;-0.070
20250226;15.22;15.36;15.46;15.22;2158372;33143183;2.4;0.92;0.140
20250225;15.22;15.22;15.33;15.17;1205018;18391625;1.34;-0.33;-0.050
20250224;15.33;15.27;15.34;15.19;1496572;22833011;1.66;-0.33;-0.050
20250221;15.36;15.32;15.36;15.18;1535645;23446437;1.71;0.07;0.010
20250220;15.21;15.31;15.35;15.13;1952628;29755834;2.17;0.86;0.130
20250219;14.98;15.18;15.19;14.91;1406484;21222282;1.56;1.34;0.200
20250218;15.2;14.98;15.23;14.92;1698702;25676304;1.89;-1.19;-0.180
20250217;15.17;15.16;15.23;15.08;1460150;22125378;1.62;0.13;0.020
20250214;15.12;15.14;15.17;15.07;1203280;18187719;1.34;0.33;0.050
20250213;15.29;15.09;15.31;15.09;1314664;19935116;1.46;-1.18;-0.180
20250212;15.19;15.27;15.28;15.15;1275533;19427131;1.42;0.53;0.080
20250211;15.3;15.19;15.3;15.12;1219855;18518579;1.36;-0.33;-0.050
20250210;15.25;15.24;15.34;15.19;1512100;23057957;1.68;0.0;0.000
20250207;15.1;15.24;15.35;15.05;2026687;30939345;2.25;0.59;0.090
20250206;14.86;15.15;15.15;14.86;1318586;19868870;1.47;1.34;0.200
20250205;15.18;14.95;15.18;14.89;1284502;19217480;1.43;0.34;0.050
20250127;15.06;14.9;15.19;14.9;1139261;17148274;1.27;-0.67;-0.100
20250124;14.85;15.0;15.03;14.8;1088335;16259688;1.21;0.94;0.140
20250123;14.92;14.86;15.16;14.85;1242096;18633055;1.38;-0.27;-0.040
20250122;14.91;14.9;14.94;14.8;655202;9744471;0.73;-0.2;-0.030
20250121;14.98;14.93;15.01;14.82;791800;11802939;0.88;-0.2;-0.030
20250120;14.99;14.96;15.09;14.9;1099000;16451518;1.22;0.61;0.090
20250117;14.82;14.87;14.91;14.74;942900;13993913;1.05;0.34;0.050
20250116;14.88;14.82;15.05;14.71;1291500;19228336;1.44;-0.2;-0.030
20250115;14.82;14.85;14.88;14.74;1060099;15694809;1.18;0.0;0.000
20250114;14.45;14.85;14.87;14.42;1754767;25759660;1.95;3.13;0.450
20250113;14.26;14.4;14.49;14.16;1466701;20974990;1.63;0.35;0.050
20250110;14.69;14.35;14.84;14.33;1364339;19960239;1.52;-2.25;-0.330
20250109;14.61;14.68;14.79;14.6;932019;13712547;1.04;-0.41;-0.060
20250108;14.72;14.74;14.96;14.42;1674573;24596397;1.86;-0.61;-0.090
20250107;14.81;14.83;14.95;14.65;1031332;15259352;1.15;0.14;0.020
20250106;14.6;14.81;14.89;14.52;1467096;21627757;1.63;0.82;0.120
20250103;15.07;14.69;15.18;14.67;1543616;23043088;1.72;-1.74;-0.260
20250102;15.31;14.95;15.53;14.88;1856408;28144845;2.06;-2.61;-0.400