20251022;9.73;9.8;9.84;9.71;3093998;30322734;1.17;0.51;0.050
20251021;9.6;9.75;9.77;9.58;3339223;32368892;1.26;1.56;0.150
20251020;9.63;9.6;9.67;9.56;2961669;28444575;1.12;0.52;0.050
20251017;9.73;9.55;9.77;9.55;4318200;41675636;1.63;-1.75;-0.170
20251016;9.86;9.72;9.87;9.72;4375173;42773150;1.65;-1.62;-0.160
20251015;9.74;9.88;9.89;9.72;4115845;40468287;1.55;1.96;0.190
20251014;9.79;9.69;9.88;9.67;5440609;53217752;2.05;-0.62;-0.060
20251013;9.71;9.75;9.79;9.5;6181189;59819225;2.33;-1.61;-0.160
20251010;9.88;9.91;9.94;9.83;4388527;43428355;1.66;0.61;0.060
20251009;9.95;9.85;9.95;9.79;4599900;45369214;1.74;-0.81;-0.080
20250930;9.98;9.93;10.0;9.92;3589623;35738482;1.36;-0.3;-0.030
20250929;9.97;9.96;10.04;9.87;5451900;54264765;2.06;-0.4;-0.040
20250926;10.05;10.0;10.12;9.93;3838300;38480042;1.45;-0.7;-0.070
20250925;10.18;10.07;10.24;10.05;3844100;38938721;1.45;-1.37;-0.140
20250924;10.14;10.21;10.21;10.06;5942600;60387607;2.24;0.29;0.030
20250923;10.26;10.18;10.28;9.98;5913991;59680978;2.23;-1.36;-0.140
20250922;10.28;10.32;10.55;10.15;6029600;62045200;2.28;0.49;0.050
20250919;10.42;10.27;10.49;10.2;5641329;58091956;2.13;-1.25;-0.130
20250918;10.62;10.4;10.65;10.33;5301353;55728367;2.0;-2.07;-0.220
20250917;10.66;10.62;10.71;10.56;3970300;42283442;1.5;-0.38;-0.040
20250916;10.45;10.66;10.67;10.4;5901260;62488932;2.23;2.3;0.240
20250915;10.51;10.42;10.53;10.36;3184916;33288630;1.2;-0.95;-0.100
20250912;10.59;10.52;10.62;10.51;4672022;49357579;1.76;-0.47;-0.050
20250911;10.44;10.57;10.58;10.35;3801778;39969333;1.44;0.48;0.050
20250910;10.53;10.52;10.57;10.44;2489244;26146189;0.94;0.0;0.000
20250909;10.55;10.52;10.66;10.43;4255953;44840863;1.61;-0.57;-0.060
20250908;10.51;10.58;10.63;10.47;4222978;44551078;1.59;0.86;0.090
20250905;10.44;10.49;10.51;10.32;4644587;48550820;1.75;1.06;0.110
20250904;10.41;10.38;10.54;10.25;4689181;48909623;1.77;0.39;0.040
20250903;10.59;10.34;10.71;10.32;4770500;50009606;1.8;-1.99;-0.210
20250902;10.68;10.55;10.7;10.37;6336249;66630841;2.39;-1.77;-0.190
20250901;10.66;10.74;11.07;10.56;7032020;75446450;2.65;0.66;0.070
20250829;10.76;10.67;10.81;10.62;5038911;53934773;1.9;-1.02;-0.110
20250828;10.8;10.78;11.08;10.43;9743500;104751813;3.68;-0.28;-0.030
20250827;11.18;10.81;11.28;10.78;7138900;79070535;2.69;-3.74;-0.420
20250826;11.16;11.23;11.4;11.05;6609059;74347140;2.49;0.72;0.080
20250825;11.2;11.15;11.23;11.11;4818300;53805555;1.82;0.0;0.000
20250822;11.25;11.15;11.25;11.08;4836151;53898118;1.83;-0.89;-0.100
20250821;11.32;11.25;11.36;11.2;5355055;60321406;2.02;-0.62;-0.070
20250820;11.24;11.32;11.34;11.19;4725800;53203277;1.78;0.27;0.030
20250819;11.22;11.29;11.32;11.12;5644065;63386097;2.13;0.8;0.090
20250818;11.26;11.2;11.31;11.15;5441012;61084592;2.05;0.18;0.020
20250815;11.06;11.18;11.34;11.06;4685100;52555154;1.77;0.81;0.090
20250814;11.4;11.09;11.44;11.08;6729806;75320357;2.54;-2.72;-0.310
20250813;11.5;11.4;11.75;11.31;7229200;82970116;2.73;-0.18;-0.020
20250812;11.52;11.42;11.57;11.36;6442199;73688235;2.43;-0.87;-0.100
20250811;11.37;11.52;11.88;11.31;13485341;156414174;5.09;1.95;0.220
20250808;11.28;11.3;11.38;11.2;4739700;53565277;1.79;-0.44;-0.050
20250807;11.52;11.35;11.52;11.26;9354000;106269268;3.53;-1.39;-0.160
20250806;11.39;11.51;11.56;11.22;13143769;149966935;4.96;1.05;0.120
20250805;11.12;11.39;11.61;11.06;14985960;171081182;5.66;2.89;0.320
20250804;10.96;11.07;11.15;10.91;4981900;55055382;1.88;0.45;0.050
20250801;10.8;11.02;11.1;10.78;7029600;77136730;2.65;2.23;0.240
20250731;10.95;10.78;11.03;10.73;4728369;51276947;1.78;-2.0;-0.220
20250730;11.0;11.0;11.09;10.83;4517656;49550466;1.71;0.0;0.000
20250729;11.06;11.0;11.09;10.9;4400269;48328148;1.66;-0.72;-0.080
20250728;11.11;11.08;11.15;11.01;4438000;49201144;1.68;0.09;0.010
20250725;11.17;11.07;11.19;11.02;5513760;61085276;2.08;-0.63;-0.070
20250724;11.03;11.14;11.22;10.9;7654182;84977000;2.89;1.74;0.190
20250723;10.88;10.95;11.29;10.85;6965111;76862323;2.63;0.27;0.030
20250722;11.02;10.92;11.02;10.86;4039500;44069996;1.52;-0.91;-0.100
20250721;10.95;11.02;11.03;10.92;4078200;44807839;1.54;0.64;0.070
20250718;10.94;10.95;11.02;10.89;3104300;33954200;1.17;0.09;0.010
20250717;10.92;10.94;11.02;10.92;3932734;43104225;1.48;-0.09;-0.010
20250716;10.95;10.95;11.07;10.89;4491111;49264009;1.7;-0.45;-0.050
20250715;11.06;11.0;11.16;10.88;6455094;70950798;2.44;-0.99;-0.110
20250714;11.02;11.11;11.22;10.95;5734634;63501253;2.16;0.73;0.080
20250711;11.23;11.03;11.43;10.94;9542633;106127109;3.6;-1.25;-0.140
20250710;11.14;11.17;11.24;10.91;10555900;116872299;3.98;-0.45;-0.050
20250709;11.17;11.22;11.55;11.15;13972300;158391527;5.27;-0.53;-0.060
20250708;10.9;11.28;11.55;10.75;20034640;223424424;7.56;3.96;0.430
20250707;10.61;10.85;10.98;10.4;14037353;150575944;5.3;0.0;0.000
20250704;11.03;10.85;11.26;10.8;23871427;263118789;9.01;0.18;0.020
20250703;10.24;10.83;11.28;10.22;21140750;227603056;7.98;5.45;0.560
20250702;10.22;10.27;10.43;10.19;5814200;59837078;2.19;0.29;0.030
20250701;10.24;10.24;10.31;10.15;5262193;53848135;1.99;0.0;0.000
20250630;10.32;10.24;10.41;10.15;9824376;100317746;3.71;-0.68;-0.070
20250627;9.98;10.31;10.59;9.98;10620900;109127140;4.01;3.93;0.390
20250626;10.07;9.92;10.07;9.91;2459976;24571236;0.93;-1.1;-0.110
20250625;10.0;10.03;10.06;9.93;2828300;28277395;1.07;0.7;0.070
20250624;9.74;9.96;9.98;9.74;2898400;28777912;1.09;1.94;0.190
20250623;9.65;9.77;9.79;9.6;2615802;25422312;0.99;0.83;0.080
20250620;9.74;9.69;9.84;9.68;2078700;20231470;0.78;-0.62;-0.060
20250619;9.87;9.75;9.93;9.71;2583000;25322802;0.98;-1.32;-0.130
20250618;9.89;9.88;9.92;9.78;1869022;18393919;0.71;-0.5;-0.050
20250617;9.99;9.93;10.02;9.88;2714100;26917213;1.02;-0.7;-0.070
20250616;9.98;10.0;10.03;9.94;2322500;23221092;0.88;0.3;0.030
20250613;10.23;9.97;10.23;9.94;4702100;47255133;1.78;-2.83;-0.290
20250612;10.23;10.26;10.38;10.13;4917800;50401185;1.86;0.2;0.020
20250611;10.25;10.24;10.33;10.21;3382400;34750576;1.28;0.39;0.040
20250610;10.48;10.35;10.5;10.21;4289800;44415497;1.62;-0.96;-0.100
20250609;10.26;10.45;10.49;10.23;4022413;41740325;1.52;1.85;0.190
20250606;10.33;10.26;10.34;10.18;2733439;27960620;1.03;-0.1;-0.010
20250605;10.29;10.27;10.43;10.2;3261661;33489850;1.23;-0.19;-0.020
20250604;10.27;10.29;10.44;10.2;3717800;38280390;1.4;0.29;0.030
20250603;10.2;10.26;10.28;10.16;2474500;25315401;0.93;0.39;0.040
20250530;10.45;10.22;10.5;10.2;3412605;35091692;1.29;-2.67;-0.280
20250529;10.39;10.5;10.59;10.33;3752705;39363479;1.42;1.25;0.130
20250528;10.46;10.37;10.53;10.33;2887796;29996620;1.09;-0.86;-0.090
20250527;10.32;10.46;10.53;10.19;3600347;37347733;1.36;1.26;0.130
20250526;10.26;10.33;10.37;10.18;3343200;34391782;1.26;0.29;0.030
20250523;10.31;10.3;10.66;10.3;4480400;46851070;1.69;-0.58;-0.060
20250522;10.5;10.36;10.66;10.32;4552000;47580947;1.72;-2.17;-0.230
20250521;10.7;10.59;10.85;10.42;6280000;66636636;2.37;-0.84;-0.090
20250520;10.55;10.68;10.72;10.44;5512734;58478513;2.08;0.75;0.080
20250519;10.32;10.6;10.67;10.2;6985313;73124077;2.64;2.81;0.290
20250516;10.23;10.31;10.48;10.2;3703500;38399661;1.4;0.59;0.060
20250515;10.2;10.25;10.31;10.15;2699500;27654859;1.02;0.2;0.020
20250514;10.37;10.23;10.37;10.17;2865800;29340580;1.08;-0.97;-0.100
20250513;10.48;10.33;10.61;10.31;4900947;51134701;1.85;0.0;0.000
20250512;10.3;10.33;10.36;10.22;3718590;38283796;1.4;1.57;0.160
20250509;10.26;10.17;10.27;10.1;3259800;33173871;1.23;-0.97;-0.100
20250508;10.11;10.27;10.28;10.04;4432700;45333660;1.67;1.78;0.180
20250507;10.18;10.09;10.28;10.02;4270222;43312505;1.61;-0.3;-0.030
20250506;9.99;10.12;10.12;9.99;4896522;49202237;1.85;1.61;0.160
20250430;9.94;9.96;10.08;9.93;2976566;29811122;1.12;0.71;0.070
20250429;9.7;9.89;9.96;9.67;3831429;37895777;1.45;2.06;0.200
20250428;9.99;9.69;10.01;9.65;4718100;46020484;1.78;-3.2;-0.320
20250425;10.01;10.01;10.29;9.91;6055800;60975737;2.29;0.2;0.020
20250424;9.97;9.99;10.14;9.84;4471050;44652216;1.69;0.2;0.020
20250423;9.9;9.97;10.04;9.86;3027500;30176113;1.14;1.12;0.110
20250422;9.78;9.86;9.94;9.74;3346163;32860900;1.26;1.13;0.110
20250421;9.65;9.75;9.75;9.58;2773063;26832581;1.05;1.04;0.100
20250418;9.72;9.65;9.95;9.57;3154200;30488363;1.19;-0.72;-0.070
20250417;9.64;9.72;9.82;9.47;2396900;23372269;0.9;0.41;0.040
20250416;9.79;9.68;9.85;9.46;3401500;32794074;1.28;-0.92;-0.090
20250415;9.7;9.77;9.85;9.61;3674926;35801021;1.39;0.72;0.070
20250414;9.63;9.7;9.82;9.53;3983700;38676010;1.5;2.43;0.230
20250411;9.4;9.47;9.58;9.33;3471817;32946161;1.31;-0.42;-0.040
20250410;9.47;9.51;9.68;9.41;5173989;49354621;1.95;2.92;0.270
20250409;8.88;9.24;9.35;8.36;6763737;60353388;2.55;2.33;0.210
20250408;8.85;9.03;9.26;8.8;6067100;54886148;2.29;2.85;0.250
20250407;10.39;8.78;10.39;8.78;10436600;97621174;3.94;-19.96;-2.190
20250403;10.95;10.97;11.05;10.85;5097500;55750119;1.92;-0.99;-0.110
20250402;10.85;11.08;11.08;10.82;5409417;59540724;2.04;1.74;0.190
20250401;10.77;10.89;11.04;10.77;4719925;51603768;1.78;1.11;0.120
20250331;10.75;10.77;10.99;10.61;4348032;46837389;1.64;-0.46;-0.050
20250328;10.88;10.82;10.97;10.75;2864100;31092881;1.08;-0.55;-0.060
20250327;11.0;10.88;11.02;10.81;3179337;34699974;1.2;-1.09;-0.120
20250326;10.8;11.0;11.05;10.75;2937300;32242651;1.11;1.38;0.150
20250325;10.86;10.85;10.97;10.74;3349424;36397346;1.26;-0.18;-0.020
20250324;11.01;10.87;11.07;10.64;5089229;55312126;1.92;-1.18;-0.130
20250321;11.2;11.0;11.25;10.96;5971706;66250735;2.25;-2.14;-0.240
20250320;11.3;11.24;11.4;11.23;6157300;69707574;2.32;-0.44;-0.050
20250319;11.28;11.29;11.34;11.22;5527500;62385285;2.09;0.18;0.020
20250318;11.18;11.27;11.33;11.16;6851000;76902844;2.59;-0.27;-0.030
20250317;11.07;11.3;11.43;11.0;12932937;145744413;4.88;2.63;0.290
20250314;10.7;11.01;11.05;10.58;8857463;96326263;3.34;3.09;0.330
20250313;10.72;10.68;10.76;10.54;4684663;49785404;1.77;-0.74;-0.080
20250312;10.85;10.76;10.88;10.72;5176740;55723063;1.95;-0.37;-0.040
20250311;10.6;10.8;10.8;10.51;5738831;61474972;2.17;0.47;0.050
20250310;10.72;10.75;10.8;10.65;4875746;52274429;1.84;0.94;0.100
20250307;10.75;10.65;10.84;10.59;6588624;70627143;2.49;-1.39;-0.150
20250306;10.61;10.8;10.85;10.59;7690776;82592548;2.9;1.89;0.200
20250305;10.66;10.6;10.7;10.4;7640852;80349343;2.88;-1.21;-0.130
20250304;10.54;10.73;10.73;10.48;6467352;68920370;2.44;1.42;0.150
20250303;10.61;10.58;10.89;10.55;10243112;109348850;3.87;-0.09;-0.010
20250228;11.03;10.59;11.22;10.58;18266569;197676535;6.9;-6.45;-0.730
20250227;11.28;11.32;12.05;11.23;29493431;339897744;11.13;6.59;0.700
20250226;10.4;10.62;10.64;10.36;6609396;69620158;2.5;2.51;0.260
20250225;10.36;10.36;10.52;10.3;5527100;57436287;2.09;-0.48;-0.050
20250224;10.32;10.41;10.44;10.26;4044022;41929548;1.53;0.48;0.050
20250221;10.4;10.36;10.42;10.2;5423100;55992512;2.05;-0.29;-0.030
20250220;10.24;10.39;10.58;10.12;8621337;89465187;3.25;1.86;0.190
20250219;9.93;10.2;10.23;9.93;3812300;38635797;1.44;2.72;0.270
20250218;10.24;9.93;10.28;9.9;4648500;46786236;1.75;-3.03;-0.310
20250217;10.15;10.24;10.24;10.13;4660621;47502880;1.76;0.49;0.050
20250214;10.13;10.19;10.24;10.12;3294095;33519565;1.24;0.39;0.040
20250213;10.27;10.15;10.42;10.14;5174842;53042753;1.95;-0.68;-0.070
20250212;10.21;10.22;10.23;10.11;3866300;39360603;1.46;0.1;0.010
20250211;10.13;10.21;10.24;10.08;4852619;49320192;1.83;0.59;0.060
20250210;10.09;10.15;10.17;9.98;4610219;46452318;1.74;0.89;0.090
20250207;10.03;10.06;10.18;9.96;4552345;45924999;1.72;0.3;0.030
20250206;9.79;10.03;10.03;9.76;4021830;39861140;1.52;2.14;0.210
20250205;9.85;9.82;9.88;9.76;3144058;30844738;1.19;0.92;0.090
20250127;10.0;9.73;10.07;9.73;3916769;38776846;1.48;-2.11;-0.210
20250124;9.85;9.94;9.96;9.75;3449612;34065511;1.3;0.91;0.090
20250123;10.01;9.85;10.1;9.85;4205466;41948920;1.59;-0.3;-0.030
20250122;10.06;9.88;10.15;9.84;4202800;41755291;1.59;-2.27;-0.230
20250121;10.2;10.11;10.26;10.01;4782627;48269292;1.81;-0.79;-0.080
20250120;10.02;10.19;10.21;9.98;6797712;68788763;2.57;1.9;0.190
20250117;10.21;10.0;10.29;9.9;10333211;103867018;3.9;-3.85;-0.400
20250116;9.94;10.4;10.78;9.94;14682180;152878492;5.54;5.16;0.510
20250115;9.85;9.89;10.38;9.83;6756933;67638228;2.55;1.12;0.110
20250114;9.48;9.78;9.78;9.46;3427407;33071740;1.29;4.26;0.400
20250113;9.32;9.38;9.46;9.13;2748903;25608205;1.04;-0.32;-0.030
20250110;9.93;9.41;9.97;9.4;4259322;41000964;1.61;-4.95;-0.490
20250109;9.92;9.9;10.02;9.76;4625100;45803278;1.75;-0.2;-0.020
20250108;9.66;9.92;9.96;9.43;4543900;44256076;1.72;2.37;0.230
20250107;9.52;9.69;9.69;9.46;3065285;29404293;1.16;2.32;0.220
20250106;9.48;9.47;9.62;9.11;3919203;36975555;1.48;-0.11;-0.010
20250103;9.93;9.48;10.03;9.46;4364800;42410997;1.65;-3.46;-0.340
20250102;10.0;9.82;10.23;9.72;4361200;43490614;1.65;-2.0;-0.200