20251022;13.25;13.2;13.37;13.14;4971220;65850635;2.25;-0.83;-0.110
20251021;12.95;13.31;13.32;12.85;8422714;110783264;3.81;3.1;0.400
20251020;12.77;12.91;13.18;12.59;9451612;122383649;4.27;3.69;0.460
20251017;12.97;12.45;13.1;12.45;6273300;80121747;2.84;-4.45;-0.580
20251016;12.9;13.03;13.22;12.73;6559146;85496755;2.97;1.09;0.140
20251015;12.62;12.89;12.89;12.56;5107700;65235273;2.31;2.22;0.280
20251014;13.05;12.61;13.12;12.52;6912948;88217962;3.13;-2.7;-0.350
20251013;12.5;12.96;13.03;12.26;7314730;93300162;3.31;-0.08;-0.010
20251010;13.16;12.97;13.22;12.94;8972904;116932361;4.06;-1.89;-0.250
20251009;13.77;13.22;13.77;13.21;12217758;162943681;5.52;-2.51;-0.340
20250930;13.32;13.56;13.61;13.28;7352251;99211894;3.32;1.57;0.210
20250929;13.33;13.35;13.47;13.0;6481112;85999165;2.93;0.15;0.020
20250926;13.38;13.33;13.73;13.11;8275406;110883471;3.74;-1.19;-0.160
20250925;13.75;13.49;13.76;13.47;8277058;112661553;3.74;-2.25;-0.310
20250924;13.29;13.8;13.8;13.1;11874407;161085614;5.37;3.84;0.510
20250923;13.51;13.29;13.52;12.81;10135000;132967809;4.58;-1.85;-0.250
20250922;13.48;13.54;13.75;13.37;8160816;110467055;3.69;-0.15;-0.020
20250919;13.47;13.56;13.88;13.4;12325186;167766110;5.57;0.67;0.090
20250918;13.57;13.47;13.82;13.29;12059606;163834406;5.45;-0.74;-0.100
20250917;13.3;13.57;13.59;13.24;9179144;123938831;4.15;1.8;0.240
20250916;12.95;13.33;13.35;12.94;8497200;112340898;3.84;2.93;0.380
20250915;13.11;12.95;13.18;12.94;5881090;76572582;2.66;-1.6;-0.210
20250912;13.31;13.16;13.38;13.12;6409325;84809833;2.9;-1.13;-0.150
20250911;13.06;13.31;13.31;12.84;8627745;113491743;3.9;1.53;0.200
20250910;13.01;13.11;13.32;12.99;7071538;93044558;3.2;0.08;0.010
20250909;13.14;13.1;13.16;12.84;6344611;82474099;2.87;-0.46;-0.060
20250908;13.03;13.16;13.2;12.94;6463560;84651804;2.92;1.54;0.200
20250905;12.65;12.96;12.96;12.55;7080892;90646990;3.2;3.1;0.390
20250904;12.65;12.57;12.97;12.38;8035152;102445912;3.63;-0.48;-0.060
20250903;12.82;12.63;12.99;12.55;6331600;81084515;2.86;-1.71;-0.220
20250902;13.19;12.85;13.19;12.59;9229890;118449904;4.17;-2.65;-0.350
20250901;13.14;13.2;13.28;13.01;6939461;91206625;3.14;0.99;0.130
20250829;13.26;13.07;13.35;13.02;7136907;93665893;3.23;-2.02;-0.270
20250828;13.25;13.34;13.5;12.71;13541577;177809277;6.12;0.83;0.110
20250827;13.8;13.23;14.0;13.2;14301741;195467587;6.47;-4.41;-0.610
20250826;13.75;13.84;13.95;13.6;9713632;134287876;4.39;-0.22;-0.030
20250825;13.84;13.87;14.05;13.73;13728276;189981729;6.21;0.58;0.080
20250822;13.89;13.79;13.89;13.56;18691572;256803442;8.45;-2.89;-0.410
20250821;14.34;14.2;14.46;14.08;10182789;144990750;4.6;-1.46;-0.210
20250820;14.2;14.41;14.41;14.09;9336691;133560745;4.22;0.7;0.100
20250819;14.16;14.31;14.44;14.03;11948072;170098080;5.4;1.06;0.150
20250818;13.98;14.16;14.28;13.98;12525111;177232406;5.66;1.36;0.190
20250815;13.6;13.97;14.0;13.6;15033589;207897199;6.8;3.02;0.410
20250814;14.1;13.56;14.11;13.48;13602210;187091986;6.15;-4.03;-0.570
20250813;14.11;14.13;14.23;13.94;10488814;147511989;4.74;-0.35;-0.050
20250812;14.44;14.18;14.56;14.0;13318600;188823299;6.02;-1.66;-0.240
20250811;13.47;14.42;14.66;13.41;26576111;379221377;12.01;6.81;0.920
20250808;13.62;13.5;13.69;13.33;6526961;87880345;2.95;-1.1;-0.150
20250807;13.83;13.65;13.83;13.57;7753009;105977772;3.5;-1.37;-0.190
20250806;13.65;13.84;13.88;13.6;7960523;109519911;3.6;0.95;0.130
20250805;13.57;13.71;13.72;13.5;8015180;109012738;3.62;1.41;0.190
20250804;13.2;13.52;13.53;13.09;6940550;92613670;3.14;1.5;0.200
20250801;13.2;13.32;13.41;13.08;6765803;89888882;3.06;0.53;0.070
20250731;13.48;13.25;13.6;13.15;9878202;132088052;4.47;-2.14;-0.290
20250730;14.13;13.54;14.14;13.4;15722862;215018683;7.11;-3.84;-0.540
20250729;13.28;14.08;14.19;13.21;28862091;400006220;13.05;5.63;0.750
20250728;12.95;13.33;13.38;12.95;10015792;132247296;4.53;2.85;0.370
20250725;12.99;12.96;13.01;12.79;4919374;63341200;2.22;0.31;0.040
20250724;12.61;12.92;13.17;12.6;10840928;139965577;4.9;2.3;0.290
20250723;12.69;12.63;12.76;12.53;6258428;79169648;2.83;-0.86;-0.110
20250722;12.73;12.74;12.78;12.65;6978744;88662114;3.15;-0.08;-0.010
20250721;12.8;12.75;12.8;12.46;14195840;179916730;6.42;-3.63;-0.480
20250718;13.37;13.23;13.47;13.15;6529311;86600056;2.95;-0.75;-0.100
20250717;13.08;13.33;13.39;13.01;8965600;119204075;4.05;1.45;0.190
20250716;12.95;13.14;13.41;12.9;7902740;103893225;3.57;1.08;0.140
20250715;13.2;13.0;13.21;12.81;8223591;106734266;3.72;-1.89;-0.250
20250714;13.18;13.25;13.25;12.99;6748380;88762197;3.05;0.45;0.060
20250711;13.34;13.19;13.39;13.06;8831549;116349383;3.99;-0.98;-0.130
20250710;13.78;13.32;13.78;13.25;12443600;166599590;5.63;-2.13;-0.290
20250709;13.35;13.61;13.79;13.35;19655362;267287560;8.89;1.72;0.230
20250708;13.16;13.38;13.65;13.16;15906155;213735845;7.19;3.0;0.390
20250707;12.86;12.99;13.11;12.79;5332900;69268071;2.41;0.78;0.100
20250704;13.24;12.89;13.33;12.85;9458400;123058824;4.28;-3.3;-0.440
20250703;12.95;13.33;13.35;12.91;10280211;135716340;4.65;2.62;0.340
20250702;13.16;12.99;13.16;12.9;8385523;108868730;3.79;-1.89;-0.250
20250701;13.26;13.24;13.44;13.15;8128800;107583136;3.67;-0.82;-0.110
20250630;13.22;13.35;13.35;13.15;10170207;134776079;4.6;0.83;0.110
20250627;13.26;13.24;13.39;13.14;11372007;150733329;5.14;-0.15;-0.020
20250626;13.42;13.26;13.79;13.21;17187477;230623215;7.77;-2.21;-0.300
20250625;13.6;13.56;13.6;13.32;22007124;296212905;9.95;-1.74;-0.240
20250624;13.18;13.8;13.91;13.08;28436668;386327376;12.86;4.7;0.620
20250623;12.66;13.18;13.35;12.58;18747532;245701408;8.48;2.57;0.330
20250620;12.8;12.85;13.17;12.7;15630565;201623724;7.07;0.0;0.000
20250619;12.4;12.85;13.18;12.34;25292662;325933041;11.43;3.71;0.460
20250618;12.17;12.39;12.41;12.02;5666911;69345397;2.56;1.72;0.210
20250617;12.18;12.18;12.33;12.08;3896312;47446174;1.76;-0.08;-0.010
20250616;12.04;12.19;12.27;12.04;2825900;34496310;1.28;0.58;0.070
20250613;12.33;12.12;12.36;12.08;5099800;62145711;2.31;-2.49;-0.310
20250612;12.37;12.43;12.52;12.33;4605600;57277019;2.08;-0.16;-0.020
20250611;12.24;12.45;12.61;12.21;4989200;62130447;2.26;1.38;0.170
20250610;12.41;12.28;12.5;12.11;4731500;58123568;2.14;-0.97;-0.120
20250609;12.4;12.49;12.52;12.3;4254780;52927070;1.92;0.48;0.060
20250606;12.3;12.43;12.45;12.25;4332000;53531767;1.96;0.65;0.080
20250605;12.18;12.35;12.35;12.11;5207142;63698050;2.35;1.23;0.150
20250604;12.0;12.2;12.22;11.91;4974903;60411148;2.25;2.01;0.240
20250603;11.85;11.96;12.04;11.8;4615530;55236548;2.09;0.34;0.040
20250530;12.36;11.92;12.4;11.9;9732057;117065409;4.4;-4.33;-0.540
20250529;12.2;12.46;12.53;12.2;8216311;101897109;3.71;1.71;0.210
20250528;12.38;12.25;12.6;12.21;9735888;120918935;4.4;-1.05;-0.130
20250527;12.14;12.38;12.59;11.94;12217335;150960936;5.52;2.48;0.300
20250526;12.14;12.08;12.21;11.93;8754828;105585397;3.96;-0.25;-0.030
20250523;12.35;12.11;12.75;12.1;18856393;233260701;8.52;-3.58;-0.450
20250522;12.18;12.56;13.13;12.15;23897770;300721603;10.8;4.58;0.550
20250521;12.21;12.01;12.27;11.93;5093322;61245265;2.3;-2.12;-0.260
20250520;12.16;12.27;12.28;12.03;3733873;45476276;1.69;0.9;0.110
20250519;12.2;12.16;12.2;11.96;3121800;37723244;1.41;0.33;0.040
20250516;11.91;12.12;12.2;11.89;3590600;43520087;1.62;0.75;0.090
20250515;12.17;12.03;12.17;11.95;4437500;53417393;2.01;-1.15;-0.140
20250514;12.27;12.17;12.37;12.04;4791111;58312357;2.17;-1.06;-0.130
20250513;12.45;12.3;12.5;12.26;4783055;59029816;2.16;-0.57;-0.070
20250512;12.24;12.37;12.4;12.23;4602910;56770637;2.08;1.98;0.240
20250509;12.26;12.13;12.35;12.03;5385211;65326683;2.43;-1.62;-0.200
20250508;12.15;12.33;12.36;12.11;6422412;78872802;2.9;1.23;0.150
20250507;12.49;12.18;12.49;12.0;10037720;122879433;4.54;0.74;0.090
20250506;11.62;12.09;12.1;11.62;6460100;76983542;2.92;4.04;0.470
20250430;11.34;11.62;11.67;11.34;5412322;62604554;2.45;2.2;0.250
20250429;11.3;11.37;11.43;11.07;6028912;68274338;2.73;2.06;0.230
20250428;11.28;11.14;11.29;11.03;4197852;46688834;1.9;-1.24;-0.140
20250425;11.32;11.28;11.4;11.18;5266412;59523614;2.38;0.89;0.100
20250424;11.41;11.18;11.44;11.06;5701000;64030179;2.58;-2.61;-0.300
20250423;11.31;11.48;11.54;11.3;5976900;68261227;2.7;1.68;0.190
20250422;11.34;11.29;11.41;11.21;4094400;46187909;1.85;-0.35;-0.040
20250421;11.02;11.33;11.34;10.92;4356400;48821320;1.97;2.44;0.270
20250418;11.0;11.06;11.19;10.9;3881300;42831966;1.75;0.0;0.000
20250417;10.95;11.06;11.22;10.88;4514341;50172455;2.04;0.82;0.090
20250416;11.29;10.97;11.36;10.74;5609521;61764524;2.54;-2.83;-0.320
20250415;11.38;11.29;11.48;11.19;5396790;61015061;2.44;-0.44;-0.050
20250414;11.36;11.34;11.95;11.3;7736060;88645076;3.5;2.25;0.250
20250411;11.03;11.09;11.28;10.74;8523700;94476496;3.85;1.93;0.210
20250410;10.6;10.88;11.07;10.39;11889000;129419169;5.37;5.12;0.530
20250409;9.87;10.35;10.45;9.05;11295381;111488601;5.11;1.87;0.190
20250408;10.08;10.16;10.49;9.76;11777366;119265862;5.32;0.69;0.070
20250407;11.7;10.09;11.71;10.09;11887212;126603846;5.37;-19.98;-2.520
20250403;12.64;12.61;12.85;12.48;4344011;54998759;1.96;-1.87;-0.240
20250402;12.73;12.85;13.02;12.7;3365100;43380856;1.52;0.39;0.050
20250401;12.72;12.8;13.03;12.72;4975200;64030186;2.25;0.55;0.070
20250331;12.9;12.73;12.9;12.38;7011461;88358484;3.17;-2.38;-0.310
20250328;13.13;13.04;13.33;13.0;4601171;60464318;2.08;-0.69;-0.090
20250327;13.16;13.13;13.35;12.94;4702225;61855534;2.13;-1.06;-0.140
20250326;13.09;13.27;13.43;13.01;5844080;77754640;2.64;1.69;0.220
20250325;13.33;13.05;13.35;12.9;5559342;72935229;2.51;-1.88;-0.250
20250324;13.93;13.3;13.95;12.96;8868800;118514780;4.01;-3.41;-0.470
20250321;14.26;13.77;14.41;13.73;9107582;126874959;4.12;-4.57;-0.660
20250320;14.38;14.43;14.62;14.22;8317012;120184730;3.76;0.91;0.130
20250319;14.5;14.3;14.56;14.2;7334012;105064147;3.32;-2.05;-0.300
20250318;14.65;14.6;14.74;14.41;7544820;110006453;3.41;-0.21;-0.030
20250317;14.38;14.63;14.72;14.14;9255100;133678495;4.18;1.6;0.230
20250314;14.12;14.4;14.45;13.93;8989540;127797097;4.06;2.06;0.290
20250313;14.71;14.11;14.86;13.83;13591303;193361090;6.14;-4.14;-0.610
20250312;14.74;14.72;15.36;14.66;16712960;249958261;7.56;1.73;0.250
20250311;14.25;14.47;14.67;14.2;8710200;125738948;3.94;-0.48;-0.070
20250310;14.68;14.54;14.72;14.33;12172213;176508825;5.5;-1.16;-0.170
20250307;15.03;14.71;15.19;14.53;15476900;230040788;7.0;-2.71;-0.410
20250306;15.05;15.12;15.51;15.0;16518384;251203156;7.47;1.48;0.220
20250305;14.73;14.9;14.99;14.56;13877324;205335021;6.27;0.95;0.140
20250304;14.32;14.76;15.04;14.32;17962901;264036660;8.12;0.07;0.010
20250303;15.11;14.75;15.7;14.6;24097651;362332939;10.89;-0.34;-0.050
20250228;16.0;14.8;16.97;14.7;39280054;621592071;17.76;-4.21;-0.650
20250227;15.67;15.45;15.82;15.06;23403000;361104299;10.58;-0.19;-0.030
20250226;14.9;15.48;15.96;14.82;25788511;395818136;11.66;4.52;0.670
20250225;14.63;14.81;15.13;14.51;12401570;184260904;5.61;-1.46;-0.220
20250224;15.43;15.03;15.51;14.8;19706696;296505558;8.91;-3.09;-0.480
20250221;15.44;15.51;15.72;15.15;23106464;356733967;10.45;-0.26;-0.040
20250220;15.61;15.55;15.72;15.23;24807924;383789552;11.21;-0.45;-0.070
20250219;14.19;15.62;15.88;14.19;34176854;519212764;15.45;10.16;1.440
20250218;14.82;14.18;15.04;14.14;22825300;332090115;10.32;-3.34;-0.490
20250217;14.41;14.67;14.94;14.33;24720589;361271395;11.18;1.73;0.250
20250214;15.09;14.42;15.37;14.24;37337904;541954847;16.88;-5.19;-0.790
20250213;15.41;15.21;16.17;15.12;38704090;600995446;17.5;-4.7;-0.750
20250212;14.9;15.96;16.98;14.9;64052168;1023888481;28.96;10.68;1.540
20250211;14.09;14.42;15.66;13.75;54885209;805356335;24.81;7.29;0.980
20250210;12.15;13.44;13.51;12.1;27324613;344240332;12.35;11.17;1.350
20250207;12.0;12.09;12.25;11.84;19585939;235608630;8.85;1.94;0.230
20250206;11.52;11.86;11.92;11.15;20228630;233271509;9.14;3.58;0.410
20250205;11.65;11.45;11.75;11.39;10799411;124896260;4.88;0.09;0.010
20250127;11.7;11.44;11.78;11.43;6118500;70754322;2.77;-2.89;-0.340
20250124;11.37;11.78;11.8;11.26;8487830;98440324;3.84;3.7;0.420
20250123;11.48;11.36;11.72;11.36;8043900;92947332;3.64;0.8;0.090
20250122;11.38;11.27;11.4;11.19;3863600;43673257;1.75;-1.57;-0.180
20250121;11.58;11.45;11.59;11.23;5088700;57997611;2.3;0.0;0.000
20250120;11.5;11.45;11.56;11.28;5288024;60421074;2.39;1.15;0.130
20250117;11.3;11.32;11.48;11.11;6938625;78311695;3.14;0.62;0.070
20250116;11.4;11.25;11.55;11.13;8672200;98226019;3.92;0.81;0.090
20250115;10.96;11.16;11.43;10.9;13734603;154218112;6.21;2.1;0.230
20250114;10.43;10.93;10.93;10.36;6237116;66768994;2.82;6.43;0.660
20250113;10.17;10.27;10.33;9.85;5149978;52246319;2.33;-0.29;-0.030
20250110;10.87;10.3;10.96;10.3;5990900;63777526;2.71;-5.24;-0.570
20250109;10.69;10.87;11.19;10.66;8336588;91155814;3.77;1.59;0.170
20250108;10.73;10.7;10.82;10.28;6188390;65548547;2.8;-0.65;-0.070
20250107;10.49;10.77;10.79;10.37;6628254;70063664;3.0;3.96;0.410
20250106;10.55;10.36;10.76;10.0;9028253;93692700;4.08;-2.81;-0.300
20250103;10.95;10.66;11.38;10.61;11767059;128845116;5.32;-1.75;-0.190
20250102;11.01;10.85;11.25;10.71;7374076;80891092;3.33;-2.16;-0.240