20251022;3.65;3.64;3.7;3.63;20748700;75936083;4.57;-0.55;-0.020
20251021;3.58;3.66;3.66;3.54;24835700;89719241;5.47;2.52;0.090
20251020;3.5;3.57;3.6;3.5;18167006;64511466;4.0;2.29;0.080
20251017;3.51;3.49;3.56;3.48;17361400;61051075;3.83;-0.57;-0.020
20251016;3.57;3.51;3.59;3.48;17047800;60027336;3.76;-1.68;-0.060
20251015;3.55;3.57;3.59;3.51;16533900;58884214;3.64;1.13;0.040
20251014;3.6;3.53;3.63;3.52;18056975;64476559;3.98;-1.12;-0.040
20251013;3.48;3.57;3.58;3.33;25705400;90154652;5.66;-0.56;-0.020
20251010;3.52;3.59;3.64;3.5;29664000;106556914;6.54;1.99;0.070
20251009;3.61;3.52;3.63;3.5;19942400;70588783;4.39;-0.85;-0.030
20250930;3.54;3.55;3.58;3.47;19423100;68389286;4.28;1.14;0.040
20250929;3.39;3.51;3.53;3.31;25299400;87597234;5.58;3.54;0.120
20250926;3.32;3.39;3.44;3.29;17667000;59843060;3.89;1.19;0.040
20250925;3.41;3.35;3.43;3.34;13310900;44960326;2.93;-1.76;-0.060
20250924;3.36;3.41;3.43;3.33;17280900;58539918;3.81;2.1;0.070
20250923;3.44;3.34;3.45;3.25;24652900;82346406;5.43;-2.91;-0.100
20250922;3.48;3.44;3.5;3.41;18319800;63151187;4.04;-1.99;-0.070
20250919;3.64;3.51;3.65;3.5;23066300;81712127;5.08;-2.77;-0.100
20250918;3.73;3.61;3.74;3.56;32581670;119283536;7.18;-1.63;-0.060
20250917;3.75;3.67;3.76;3.66;31477200;116392516;6.94;-1.87;-0.070
20250916;3.53;3.74;3.79;3.51;58385700;214523541;12.87;5.95;0.210
20250915;3.54;3.53;3.56;3.49;16884000;59561575;3.72;0.0;0.000
20250912;3.57;3.53;3.61;3.53;23895600;85202098;5.27;-1.12;-0.040
20250911;3.56;3.57;3.57;3.47;21677400;76472687;4.78;0.56;0.020
20250910;3.53;3.55;3.58;3.5;17580199;62289484;3.87;0.57;0.020
20250909;3.57;3.53;3.58;3.49;24340700;86175646;5.36;-0.84;-0.030
20250908;3.43;3.56;3.56;3.42;34587300;121615347;7.62;3.79;0.130
20250905;3.4;3.43;3.43;3.32;22981406;77758204;5.06;1.18;0.040
20250904;3.4;3.39;3.46;3.37;31215900;106959763;6.88;0.59;0.020
20250903;3.51;3.37;3.52;3.36;27326000;94024108;6.02;-3.99;-0.140
20250902;3.52;3.51;3.55;3.42;38881100;135579254;8.57;-0.57;-0.020
20250901;3.46;3.53;3.56;3.45;44445032;156064165;9.79;0.57;0.020
20250829;3.65;3.51;3.67;3.5;77690200;277219774;17.12;0.29;0.010
20250828;3.41;3.5;3.52;3.29;38311900;130792364;9.0;2.64;0.090
20250827;3.5;3.41;3.52;3.38;34720300;120326589;8.16;-2.29;-0.080
20250826;3.43;3.49;3.51;3.41;25727960;89432777;6.05;1.45;0.050
20250825;3.44;3.44;3.5;3.41;24897200;85813193;5.85;0.0;0.000
20250822;3.46;3.44;3.47;3.39;22171801;76001704;5.21;-0.58;-0.020
20250821;3.44;3.46;3.49;3.42;22442600;77460281;5.27;0.87;0.030
20250820;3.39;3.43;3.43;3.37;18993000;64556374;4.46;0.59;0.020
20250819;3.36;3.41;3.43;3.31;29251200;99102126;6.88;1.49;0.050
20250818;3.28;3.36;3.4;3.27;32985860;110520172;7.75;3.7;0.120
20250815;3.22;3.24;3.28;3.21;18052700;58671757;4.24;0.31;0.010
20250814;3.34;3.23;3.37;3.23;25989600;85564513;6.11;-3.29;-0.110
20250813;3.38;3.34;3.4;3.33;19741400;66178564;4.64;-1.18;-0.040
20250812;3.39;3.38;3.41;3.34;20251300;68243875;4.76;0.0;0.000
20250811;3.39;3.38;3.4;3.36;20605500;69691333;4.84;0.6;0.020
20250808;3.38;3.36;3.4;3.33;17223400;57795765;4.05;-0.88;-0.030
20250807;3.38;3.39;3.42;3.37;20892100;70880438;4.91;0.0;0.000
20250806;3.41;3.39;3.42;3.35;23291700;78726097;5.47;-0.29;-0.010
20250805;3.35;3.4;3.43;3.35;26616200;90070891;6.26;2.1;0.070
20250804;3.33;3.33;3.35;3.28;18849003;62724592;4.43;0.3;0.010
20250801;3.29;3.32;3.34;3.29;21041200;69756707;4.95;1.22;0.040
20250731;3.36;3.28;3.4;3.27;30611300;101915811;7.19;-2.38;-0.080
20250730;3.36;3.36;3.39;3.31;24933058;83604825;5.86;-0.88;-0.030
20250729;3.39;3.39;3.44;3.3;35002483;117240770;8.23;0.0;0.000
20250728;3.29;3.39;3.4;3.28;58106870;194290250;13.66;1.8;0.060
20250725;3.4;3.33;3.52;3.28;96903400;325655724;22.78;-13.28;-0.510
20250724;3.82;3.84;3.87;3.8;21285069;81796759;5.0;0.79;0.030
20250723;3.86;3.81;3.91;3.8;23760100;91349007;5.58;-1.3;-0.050
20250722;3.88;3.86;3.9;3.83;23565000;91046880;5.54;-0.52;-0.020
20250721;3.78;3.88;3.88;3.76;27459200;105181475;6.45;2.92;0.110
20250718;3.81;3.77;3.83;3.74;22306800;84009054;5.24;-0.79;-0.030
20250717;3.74;3.8;3.91;3.73;33991800;130172645;7.99;1.6;0.060
20250716;3.7;3.74;3.74;3.66;16478300;61239924;3.87;1.36;0.050
20250715;3.78;3.69;3.79;3.65;21991469;81381740;5.17;-2.38;-0.090
20250714;3.83;3.78;3.86;3.72;32694400;123600887;7.68;-1.31;-0.050
20250711;3.81;3.83;3.87;3.77;21541900;82509634;5.06;0.26;0.010
20250710;3.78;3.82;3.83;3.76;18455800;70119052;4.34;0.53;0.020
20250709;3.83;3.8;3.88;3.79;24284006;92868234;5.71;-1.04;-0.040
20250708;3.83;3.84;3.85;3.78;19006400;72581189;4.47;0.26;0.010
20250707;3.79;3.83;3.83;3.74;21904489;83033657;5.15;0.79;0.030
20250704;3.9;3.8;3.92;3.78;20515120;78541406;4.82;-2.31;-0.090
20250703;3.8;3.89;3.9;3.8;29237400;112954368;6.87;2.37;0.090
20250702;3.85;3.8;3.87;3.78;22326706;85304708;5.25;-1.55;-0.060
20250701;3.82;3.86;3.87;3.8;30486400;117101107;7.17;1.58;0.060
20250630;3.79;3.8;3.8;3.76;18565152;70292239;4.36;0.53;0.020
20250627;3.73;3.78;3.82;3.73;26220900;99019785;6.16;1.61;0.060
20250626;3.74;3.72;3.77;3.69;18347192;68442546;4.31;-0.53;-0.020
20250625;3.74;3.74;3.8;3.7;25797852;96542532;6.06;0.0;0.000
20250624;3.67;3.74;3.78;3.67;23478000;87604114;5.52;2.19;0.080
20250623;3.53;3.66;3.69;3.49;20844900;75243652;4.9;2.23;0.080
20250620;3.61;3.58;3.65;3.55;16346400;58770013;3.84;-0.28;-0.010
20250619;3.67;3.59;3.69;3.58;24837900;90002454;5.84;-2.18;-0.080
20250618;3.76;3.67;3.77;3.67;24222400;89662325;5.69;-2.39;-0.090
20250617;3.65;3.76;3.79;3.65;41870100;156766470;9.84;3.01;0.110
20250616;3.6;3.65;3.68;3.58;21243300;77439303;4.99;1.39;0.050
20250613;3.68;3.6;3.69;3.58;30447100;110036590;7.16;-2.7;-0.100
20250612;3.75;3.7;3.78;3.68;28851900;107371699;6.78;-1.33;-0.050
20250611;3.76;3.75;3.82;3.73;31255900;117775070;7.35;0.0;0.000
20250610;3.84;3.75;3.87;3.7;53112127;200295859;12.48;-3.1;-0.120
20250609;3.88;3.87;3.92;3.83;52583700;203272406;12.36;-1.02;-0.040
20250606;3.87;3.91;4.07;3.83;64984969;255131990;15.27;0.0;0.000
20250605;3.97;3.91;4.02;3.81;113135828;442905073;26.59;-7.13;-0.300
20250604;3.69;4.21;4.38;3.69;155111765;651360169;36.46;15.34;0.560
20250603;3.7;3.65;3.86;3.63;52279678;195855334;12.29;2.82;0.100
20250529;3.56;3.55;3.6;3.49;7537179;26732698;1.77;0.28;0.010
20250528;3.6;3.54;3.62;3.5;9150400;32660854;2.15;-1.12;-0.040
20250527;3.5;3.58;3.61;3.5;7982958;28535862;1.88;1.7;0.060
20250526;3.52;3.52;3.6;3.48;8172500;28891336;1.92;-0.28;-0.010
20250523;3.57;3.53;3.59;3.46;11396300;40264550;2.68;-1.67;-0.060
20250522;3.69;3.59;3.69;3.59;9713400;35318292;2.28;-2.97;-0.110
20250521;3.68;3.7;3.7;3.58;12696658;46231235;2.98;0.54;0.020
20250520;3.78;3.68;3.79;3.63;16380058;60481625;3.85;-2.39;-0.090
20250519;3.69;3.77;3.79;3.63;16513400;61220283;3.88;3.01;0.110
20250516;3.58;3.66;3.71;3.55;17898795;65115373;4.21;1.67;0.060
20250515;3.55;3.6;3.65;3.53;17165600;61828134;4.03;2.27;0.080
20250514;3.56;3.52;3.57;3.47;14185400;49789408;3.33;-1.4;-0.050
20250513;3.52;3.57;3.63;3.5;15828600;56512052;3.72;1.71;0.060
20250512;3.52;3.51;3.59;3.44;14197000;49905658;3.34;1.74;0.060
20250509;3.55;3.45;3.72;3.44;26194100;93769065;6.16;-2.27;-0.080
20250508;3.45;3.53;3.59;3.41;19942800;70089158;4.69;2.92;0.100
20250507;3.43;3.43;3.55;3.41;22611000;78104530;5.31;0.29;0.010
20250506;3.2;3.42;3.45;3.1;28848269;93842087;6.78;7.55;0.240
20250430;3.06;3.18;3.22;3.0;25034710;78400463;5.88;5.3;0.160
20250429;2.99;3.02;3.07;2.93;27710800;82971202;6.66;7.86;0.220
20250428;2.78;2.8;2.83;2.62;12147500;32870173;2.92;1.08;0.030
20250425;2.76;2.77;2.81;2.74;6813300;18954909;1.64;0.0;0.000
20250424;2.87;2.77;2.89;2.72;12438900;34856859;2.99;-3.48;-0.100
20250423;2.89;2.87;2.92;2.85;11124700;32022636;2.67;-2.05;-0.060
20250422;2.96;2.93;2.96;2.91;7985000;23391627;1.92;-1.01;-0.030
20250421;2.95;2.96;3.03;2.91;11405900;33903644;2.74;1.37;0.040
20250418;2.88;2.92;2.95;2.88;10403752;30377556;2.5;0.69;0.020
20250417;2.94;2.9;2.97;2.89;11140098;32569091;2.68;-0.34;-0.010
20250416;2.95;2.91;2.96;2.88;12127100;35444223;2.92;-2.35;-0.070
20250415;2.92;2.98;3.02;2.88;19432459;57325863;4.67;1.36;0.040
20250414;2.88;2.94;2.96;2.84;19699206;57200302;4.74;0.0;0.000
20250411;3.02;2.94;3.12;2.85;35604676;106326329;8.56;-1.67;-0.050
20250410;2.83;2.99;3.01;2.83;14938500;43963088;3.59;6.03;0.170
20250409;2.63;2.82;2.83;2.45;15792100;42601182;3.8;5.22;0.140
20250408;2.63;2.68;2.72;2.62;11704000;31226728;2.81;3.08;0.080
20250407;2.97;2.6;2.97;2.56;20844900;57332369;5.01;-16.67;-0.520
20250403;3.1;3.12;3.21;3.09;10684200;33502041;2.57;-0.64;-0.020
20250402;3.0;3.14;3.14;2.97;12719700;38953066;3.06;5.02;0.150
20250401;3.03;2.99;3.06;2.95;8404100;25259767;2.02;-0.99;-0.030
20250331;2.97;3.02;3.04;2.86;14545691;43079358;3.5;1.34;0.040
20250328;3.02;2.98;3.08;2.96;22363745;67461524;5.38;-5.4;-0.170
20250327;3.21;3.15;3.27;3.08;12713100;40199701;3.06;-1.56;-0.050
20250326;3.09;3.2;3.22;3.09;12343400;39267573;2.97;2.89;0.090
20250325;3.03;3.11;3.12;3.0;9059300;27919194;2.18;2.3;0.070
20250324;3.18;3.04;3.2;2.94;20666701;63212205;4.97;-4.4;-0.140
20250321;3.2;3.18;3.27;3.08;15880000;50186293;3.82;-0.93;-0.030
20250320;3.13;3.21;3.24;3.09;15032634;47872812;3.61;2.56;0.080
20250319;3.2;3.13;3.23;3.12;16221400;51309086;3.9;-2.8;-0.090
20250318;3.17;3.22;3.24;3.09;21049978;66630526;5.06;1.26;0.040
20250317;3.08;3.18;3.2;3.08;28294878;88857621;6.8;4.26;0.130
20250314;3.01;3.05;3.15;3.01;27328743;83906634;6.57;3.39;0.100
20250313;2.79;2.95;2.95;2.77;26176652;75060107;6.29;5.73;0.160
20250312;2.81;2.79;2.87;2.77;12538800;35273458;3.01;-0.71;-0.020
20250311;2.76;2.81;2.84;2.73;11588828;32362576;2.79;1.81;0.050
20250310;2.71;2.76;2.78;2.69;10413500;28596562;2.5;2.22;0.060
20250307;2.72;2.7;2.73;2.69;6383300;17247708;1.53;-1.1;-0.030
20250306;2.71;2.73;2.74;2.7;7179800;19515797;1.73;0.37;0.010
20250305;2.69;2.72;2.73;2.64;8357900;22371745;2.01;1.12;0.030
20250304;2.64;2.69;2.69;2.63;6096400;16244435;1.47;1.13;0.030
20250303;2.64;2.66;2.71;2.61;9049200;24153139;2.18;0.76;0.020
20250228;2.71;2.64;2.71;2.63;10572016;28140117;2.54;-2.94;-0.080
20250227;2.72;2.72;2.74;2.69;7007600;18989386;1.68;0.37;0.010
20250226;2.76;2.71;2.76;2.71;10369400;28261658;2.49;-1.45;-0.040
20250225;2.75;2.75;2.81;2.72;10166528;28014069;2.44;-0.72;-0.020
20250224;2.71;2.77;2.78;2.67;13292400;36151856;3.2;1.47;0.040
20250221;2.78;2.73;2.82;2.71;17736100;48873486;4.26;-1.44;-0.040
20250220;2.67;2.77;2.85;2.66;26559800;73316374;6.39;4.53;0.120
20250219;2.6;2.65;2.67;2.6;12398413;32637714;2.98;1.92;0.050
20250218;2.61;2.6;2.7;2.59;19499400;51657461;4.69;1.56;0.040
20250217;2.46;2.56;2.57;2.44;13378300;33739037;3.22;3.64;0.090
20250214;2.51;2.47;2.52;2.45;8107900;20128958;1.95;-1.59;-0.040
20250213;2.55;2.51;2.57;2.5;8251406;20846481;1.98;-1.18;-0.030
20250212;2.55;2.54;2.56;2.52;7879400;20006437;1.89;-0.39;-0.010
20250211;2.58;2.55;2.58;2.52;9789500;24904571;2.35;-1.16;-0.030
20250210;2.55;2.58;2.6;2.54;12063500;30926152;2.9;1.57;0.040
20250207;2.5;2.54;2.57;2.5;12445900;31578450;2.99;1.2;0.030
20250206;2.49;2.51;2.52;2.45;11547713;28693676;2.78;0.8;0.020
20250205;2.54;2.49;2.55;2.45;10363900;25728370;2.49;-1.19;-0.030
20250127;2.51;2.52;2.57;2.51;14898700;37792650;3.58;0.8;0.020
20250124;2.48;2.5;2.51;2.43;10099300;24980317;2.43;0.4;0.010
20250123;2.52;2.49;2.55;2.49;16329700;41121878;3.93;-1.58;-0.040
20250122;2.48;2.53;2.6;2.44;20233280;51182131;4.86;2.02;0.050
20250121;2.4;2.48;2.63;2.4;23393400;58552976;5.62;3.77;0.090
20250120;2.42;2.39;2.46;2.36;17520717;42044212;4.21;4.37;0.100
20250117;2.33;2.29;2.34;2.27;8442700;19378041;2.03;-1.72;-0.040
20250116;2.29;2.33;2.35;2.29;10902700;25269380;2.62;2.19;0.050
20250115;2.32;2.28;2.34;2.27;8088100;18576336;1.94;-2.15;-0.050
20250114;2.25;2.33;2.33;2.23;10462400;23985357;2.52;4.02;0.090
20250113;2.2;2.24;2.28;2.16;7658000;17024089;1.84;1.36;0.030
20250110;2.31;2.21;2.32;2.2;7330800;16588187;1.76;-4.33;-0.100
20250109;2.32;2.31;2.38;2.29;7578020;17636133;1.82;-0.86;-0.020
20250108;2.31;2.33;2.38;2.27;11751300;27130910;2.83;-0.43;-0.010
20250107;2.17;2.34;2.34;2.15;15564400;35150938;3.74;9.35;0.200
20250106;2.13;2.14;2.21;2.04;10868100;23139961;2.61;0.94;0.020
20250103;2.25;2.12;2.27;2.11;12192600;26329829;2.93;-5.78;-0.130
20250102;2.33;2.25;2.36;2.22;12900377;29579189;3.1;-3.85;-0.090