20251022;24.55;24.51;25.12;24.37;9165459;226147055;1.83;-0.81;-0.200
20251021;24.6;24.71;24.93;24.05;13372311;327893370;2.67;0.45;0.110
20251020;24.5;24.6;25.09;23.97;13692458;335693966;2.74;2.59;0.620
20251017;25.03;23.98;25.21;23.95;16994685;414635546;3.4;-4.19;-1.050
20251016;24.72;25.03;25.58;24.33;21026642;528851586;4.2;0.93;0.230
20251015;23.42;24.8;25.0;23.2;31712873;772401503;6.34;6.85;1.590
20251014;24.63;23.21;25.75;23.1;36655590;898427352;7.32;-0.56;-0.130
20251013;23.44;23.34;24.5;23.0;22493674;530648543;4.49;-6.27;-1.560
20251010;26.0;24.9;26.0;24.85;16231851;408842385;3.24;-4.67;-1.220
20251009;25.83;26.12;26.35;25.43;19717474;509906263;3.94;1.36;0.350
20250930;24.48;25.77;25.85;24.36;21704030;549607381;4.34;5.31;1.300
20250929;24.63;24.47;24.74;23.92;13881372;336920703;2.77;-0.29;-0.070
20250926;24.31;24.54;25.15;23.95;20312088;496589925;4.06;-0.57;-0.140
20250925;25.27;24.68;25.84;24.68;21351707;539204337;4.27;-2.02;-0.510
20250924;24.97;25.19;25.35;24.66;15389654;386810586;3.08;0.84;0.210
20250923;26.35;24.98;26.39;24.22;28993674;729417042;5.79;-5.34;-1.410
20250922;26.7;26.39;27.3;26.0;18896348;500583889;3.78;0.53;0.140
20250919;27.21;26.25;27.71;26.11;21783926;581497822;4.35;-3.53;-0.960
20250918;27.86;27.21;28.24;26.71;33616244;924645494;6.72;-2.19;-0.610
20250917;27.95;27.82;28.35;27.37;30487136;847911580;6.09;-0.93;-0.260
20250916;28.63;28.08;28.83;27.77;34187322;959552352;6.83;-1.78;-0.510
20250915;26.4;28.59;29.5;26.4;57123977;1633149584;11.41;9.21;2.410
20250912;25.58;26.18;26.78;24.75;39186926;1009359633;7.83;2.35;0.600
20250911;24.7;25.58;25.94;23.37;36400333;906220969;7.27;-1.04;-0.270
20250910;24.64;25.85;26.2;24.61;33418098;860193919;6.68;4.02;1.000
20250909;25.68;24.85;26.31;24.7;29103514;740201854;5.82;-3.31;-0.850
20250908;25.71;25.7;26.35;25.3;26976795;693339686;5.39;-0.77;-0.200
20250905;24.51;25.9;26.49;24.51;39676020;1011288562;7.93;4.73;1.170
20250904;26.7;24.73;26.99;24.19;44865160;1148782649;8.97;-7.41;-1.980
20250903;25.28;26.71;28.0;25.21;62788049;1673540227;12.55;7.36;1.830
20250902;25.31;24.88;25.61;24.51;32143375;806377607;6.42;-2.32;-0.590
20250901;24.58;25.47;25.67;24.33;40034843;1008414501;8.0;3.62;0.890
20250829;23.28;24.58;25.19;23.1;48086727;1163850561;9.61;6.04;1.400
20250828;23.11;23.18;23.5;22.21;21604115;494083339;4.32;-0.3;-0.070
20250827;24.13;23.25;24.31;23.2;23807676;568292685;4.76;-3.61;-0.870
20250826;24.49;24.12;24.65;24.0;24010389;584042472;4.8;-2.03;-0.500
20250825;23.88;24.62;25.14;23.72;37138822;909659493;7.42;5.03;1.180
20250822;23.0;23.44;23.8;23.0;21693564;508201870;4.33;1.91;0.440
20250821;23.0;23.0;23.43;22.83;15980067;368150902;3.19;-0.39;-0.090
20250820;23.02;23.09;23.4;22.56;25276765;580878873;5.05;-1.24;-0.290
20250819;23.39;23.38;24.43;23.23;32351226;771544422;6.46;-1.18;-0.280
20250818;23.82;23.66;24.25;23.38;36173404;855979055;7.23;-0.67;-0.160
20250815;23.4;23.82;23.85;23.01;26901689;632739513;5.38;1.88;0.440
20250814;23.35;23.38;23.85;23.12;34875445;819453294;6.97;0.47;0.110
20250813;22.45;23.27;23.54;22.36;38549379;890203156;7.7;3.65;0.820
20250812;22.78;22.45;22.98;22.18;19188567;430288043;3.83;-1.79;-0.410
20250811;22.22;22.86;22.98;22.18;20719144;468819494;4.14;2.79;0.620
20250808;22.53;22.24;22.63;22.14;19536718;435985731;3.9;-1.29;-0.290
20250807;22.8;22.53;23.13;22.29;20906962;473193790;4.18;-1.62;-0.370
20250806;23.56;22.9;23.96;22.8;33180444;768783074;6.63;-3.29;-0.780
20250805;23.82;23.68;24.18;23.4;23292827;552672353;4.65;-0.42;-0.100
20250804;23.43;23.78;23.85;22.8;28273237;662305475;5.65;1.11;0.260
20250801;23.54;23.52;24.35;23.45;26161602;623201195;5.23;-1.13;-0.270
20250731;24.15;23.79;24.7;23.56;42844834;1032944445;8.56;-2.06;-0.500
20250730;24.71;24.29;25.18;23.93;49769632;1222811749;9.94;-4.67;-1.190
20250729;24.85;25.48;26.25;23.9;64557624;1627267887;12.9;2.58;0.640
20250728;23.66;24.84;24.98;23.25;48906941;1178870439;9.77;4.99;1.180
20250725;22.05;23.66;24.93;21.95;65311751;1547975714;13.05;7.55;1.660
20250724;21.2;22.0;22.31;21.1;53411277;1166628291;10.67;4.27;0.900
20250723;20.2;21.1;22.09;20.18;60285046;1290079129;12.05;5.45;1.090
20250722;19.91;20.01;20.66;19.8;30595058;616616161;6.11;-0.2;-0.040
20250721;20.1;20.05;20.1;19.66;22257897;443625889;4.45;0.2;0.040
20250718;20.02;20.01;20.25;19.75;26749607;533856608;5.35;-0.3;-0.060
20250717;19.4;20.07;20.14;19.25;38729415;764199827;7.74;2.82;0.550
20250716;19.6;19.52;19.77;19.3;24091300;468815512;4.81;-0.51;-0.100
20250715;19.58;19.62;19.9;19.11;36274350;706626807;7.25;-0.2;-0.040
20250714;20.3;19.66;20.68;19.43;62560660;1240739351;12.5;-2.67;-0.540
20250711;19.08;20.2;21.11;18.6;81458074;1661134036;16.28;14.84;2.610
20250710;17.5;17.59;17.98;17.42;14741525;260955107;2.95;0.46;0.080
20250709;17.32;17.51;18.1;17.12;20403854;359096543;4.08;0.92;0.160
20250708;16.85;17.35;17.5;16.8;15834701;274076164;3.16;3.03;0.510
20250707;17.1;16.84;17.24;16.79;9308800;157490561;1.86;-1.98;-0.340
20250704;17.09;17.18;17.38;16.91;11663700;200167583;2.33;0.53;0.090
20250703;16.82;17.09;17.17;16.73;9190500;156467057;1.84;1.24;0.210
20250702;17.1;16.88;17.27;16.77;10649100;180356950;2.13;-1.34;-0.230
20250701;17.02;17.11;17.2;16.92;14614200;249391010;2.92;0.18;0.030
20250630;16.4;17.08;17.13;16.09;22055730;367760729;4.41;4.02;0.660
20250627;15.86;16.42;16.88;15.81;19951710;327597580;3.99;3.92;0.620
20250626;16.08;15.8;16.11;15.75;8739350;138887666;1.75;-2.29;-0.370
20250625;16.18;16.17;16.22;15.88;9392776;150942877;1.88;0.25;0.040
20250624;15.81;16.13;16.15;15.81;7699845;123469530;1.54;1.51;0.240
20250623;15.43;15.89;15.91;15.39;8030200;125866610;1.6;2.78;0.430
20250620;15.49;15.46;15.64;15.4;6055300;93906157;1.21;-0.19;-0.030
20250619;15.86;15.49;15.99;15.43;8590298;134478792;1.72;-2.39;-0.380
20250618;16.08;15.87;16.17;15.77;10590600;168780964;2.12;-2.34;-0.380
20250617;16.65;16.25;16.89;16.21;13821800;228039628;2.76;-1.4;-0.230
20250616;16.38;16.48;16.76;16.2;10854300;178919436;2.17;0.49;0.080
20250613;16.82;16.4;17.26;16.27;22771130;378159947;4.55;-3.3;-0.560
20250612;16.75;16.96;17.09;16.66;15603384;263964233;3.12;1.01;0.170
20250611;17.1;16.79;17.29;16.76;17901555;303674026;3.58;-1.81;-0.310
20250610;16.98;17.1;17.65;16.82;22905971;394865027;4.58;0.65;0.110
20250609;16.16;16.99;17.33;16.13;20033694;339438177;4.0;5.79;0.930
20250606;16.16;16.06;16.2;15.88;8334723;133253050;1.67;-0.31;-0.050
20250605;16.48;16.11;16.55;15.99;12586287;203032011;2.51;-1.83;-0.300
20250604;16.1;16.41;16.48;16.1;13931405;227863124;2.78;1.61;0.260
20250603;15.55;16.15;16.33;15.55;15759531;254053954;3.15;2.47;0.390
20250530;15.62;15.76;16.06;15.6;13505216;213520259;2.7;-0.06;-0.010
20250529;14.8;15.77;15.88;14.75;18866963;294290369;3.77;5.98;0.890
20250528;15.27;14.88;15.33;14.82;8666500;129653683;1.73;-2.75;-0.420
20250527;15.02;15.3;15.37;14.87;8830047;133618938;1.76;1.66;0.250
20250526;15.42;15.05;15.42;14.92;9224101;139306204;1.84;-2.21;-0.340
20250523;15.26;15.39;15.83;15.26;13449400;209646085;2.69;0.98;0.150
20250522;15.52;15.24;15.65;15.2;10314102;158741846;2.06;-2.74;-0.430
20250521;15.3;15.67;15.84;15.28;13881200;217376170;2.77;1.95;0.300
20250520;15.1;15.37;15.48;15.1;9367190;143896632;1.87;1.86;0.280
20250519;15.19;15.09;15.2;14.88;5668188;85075646;1.13;-0.4;-0.060
20250516;15.04;15.15;15.22;14.96;6866961;103822451;1.37;0.6;0.090
20250515;15.14;15.06;15.3;14.95;6430611;97308476;1.28;-0.66;-0.100
20250514;15.2;15.16;15.3;14.95;7331467;110616105;1.46;-0.26;-0.040
20250513;15.3;15.2;15.61;15.13;11332967;173749275;2.26;1.0;0.150
20250512;14.9;15.05;15.06;14.8;7038302;105163972;1.41;1.76;0.260
20250509;15.13;14.79;15.14;14.75;7567000;112439774;1.51;-2.25;-0.340
20250508;15.04;15.13;15.25;14.92;8460667;128190510;1.69;0.6;0.090
20250507;15.38;15.04;15.59;14.85;12423600;188021872;2.48;-1.31;-0.200
20250506;15.1;15.24;15.25;14.96;10443075;157828185;2.09;1.46;0.220
20250430;14.94;15.02;15.18;14.9;8543526;128692893;1.71;0.74;0.110
20250429;15.11;14.91;15.3;14.84;9601526;144225600;1.92;-0.2;-0.030
20250428;14.66;14.94;15.05;14.53;11726156;174045770;2.34;1.84;0.270
20250425;15.04;14.67;15.36;14.59;20636124;307601954;4.12;-0.74;-0.110
20250424;14.09;14.78;15.03;14.09;25592200;372302052;5.11;5.35;0.750
20250423;13.86;14.03;14.32;13.86;11886350;167593100;2.38;1.37;0.190
20250422;13.95;13.84;14.0;13.73;7733250;107241308;1.55;-0.72;-0.100
20250421;13.57;13.94;13.95;13.44;8602300;118504633;1.72;2.8;0.380
20250418;13.7;13.56;14.06;13.5;9309200;127454111;1.86;0.0;0.000
20250417;13.62;13.56;13.99;13.56;9027200;124106072;1.8;-1.38;-0.190
20250416;14.28;13.75;14.44;13.58;13977847;193325951;2.79;-4.18;-0.600
20250415;14.69;14.35;14.75;14.28;11706390;168866804;2.34;-2.38;-0.350
20250414;14.9;14.7;15.06;14.63;14719300;218394682;2.94;0.27;0.040
20250411;14.46;14.66;14.96;14.4;13917800;204183233;2.78;-1.48;-0.220
20250410;14.78;14.88;15.19;14.6;20483647;305491751;4.09;6.51;0.910
20250409;13.5;13.97;14.12;12.31;28750015;388284209;5.74;-0.99;-0.140
20250408;15.11;14.11;15.55;13.71;34083831;492182958;6.81;-6.37;-0.960
20250407;17.55;15.07;17.99;15.07;29492800;482332743;5.89;-20.01;-3.770
20250403;18.76;18.84;19.68;18.5;24612025;469677234;4.92;-0.63;-0.120
20250402;18.63;18.96;19.45;18.29;26444171;499838041;5.28;1.94;0.360
20250401;17.8;18.6;19.39;17.71;24076487;450493063;4.81;5.68;1.000
20250331;18.7;17.6;19.34;17.5;28414954;518041175;5.68;-8.38;-1.610
20250328;19.27;19.21;19.86;18.9;25076141;487225627;5.01;-1.13;-0.220
20250327;18.76;19.43;19.88;18.2;50386991;968697639;10.07;5.08;0.940
20250326;16.79;18.49;18.88;16.78;41466476;757138160;8.28;9.02;1.530
20250325;16.43;16.96;17.5;16.21;14637924;245195430;2.92;2.91;0.480
20250324;16.69;16.48;16.88;16.15;5919624;97395552;1.18;-1.49;-0.250
20250321;17.14;16.73;17.3;16.68;5626807;95161990;1.12;-2.39;-0.410
20250320;17.3;17.14;17.48;17.12;5330200;91782348;1.06;-1.27;-0.220
20250319;17.32;17.36;17.66;17.23;9733283;169173896;1.94;-1.36;-0.240
20250318;17.78;17.6;18.28;17.5;20802297;372357334;4.16;2.98;0.510
20250317;16.82;17.09;17.46;16.75;11461203;196002939;2.29;1.48;0.250
20250314;16.13;16.84;16.9;16.06;12962071;215117508;2.59;4.08;0.660
20250313;16.41;16.18;16.55;15.99;6367141;102756865;1.27;-1.28;-0.210
20250312;16.76;16.39;17.05;16.39;8962919;149066148;1.79;-0.85;-0.140
20250311;16.55;16.53;16.65;16.4;5893034;97235981;1.18;-1.31;-0.220
20250310;17.06;16.75;17.39;16.64;7364982;124461405;1.47;-0.71;-0.120
20250307;17.28;16.87;17.55;16.77;8171452;139260460;1.63;-2.99;-0.520
20250306;16.78;17.39;17.83;16.74;13007361;227301312;2.6;4.38;0.730
20250305;17.04;16.66;17.08;16.5;7432555;123842006;1.49;-2.23;-0.380
20250304;16.84;17.04;17.16;16.77;5459758;92740978;1.09;0.89;0.150
20250303;16.72;16.89;17.35;16.65;9084200;155007454;1.82;1.26;0.210
20250228;17.7;16.68;17.94;16.61;12265403;209594512;2.45;-6.71;-1.200
20250227;17.98;17.88;18.08;17.5;8884500;158285344;1.78;-0.22;-0.040
20250226;17.55;17.92;18.15;17.36;11993262;212969941;2.4;2.63;0.460
20250225;17.66;17.46;17.8;17.36;10422900;182912841;2.08;-2.78;-0.500
20250224;18.18;17.96;18.32;17.73;12041212;216267190;2.41;-1.75;-0.320
20250221;18.05;18.28;18.35;17.6;17670900;318813222;3.53;0.83;0.150
20250220;16.9;18.13;18.42;16.78;25728873;457071395;5.14;7.85;1.320
20250219;16.66;16.81;16.99;16.51;6677000;111947610;1.33;0.36;0.060
20250218;17.23;16.75;17.26;16.69;8112498;137531997;1.62;-2.95;-0.510
20250217;17.58;17.26;17.89;17.16;11217280;196164025;2.24;-0.23;-0.040
20250214;16.97;17.3;17.53;16.82;12204806;211128032;2.44;2.73;0.460
20250213;17.02;16.84;17.09;16.84;6464036;109504538;1.29;-1.12;-0.190
20250212;17.05;17.03;17.08;16.8;6078122;102984657;1.21;-0.12;-0.020
20250211;17.48;17.05;17.48;16.85;9065234;154329099;1.81;-2.46;-0.430
20250210;17.25;17.48;17.56;17.17;11081690;192423360;2.21;1.33;0.230
20250207;16.51;17.25;17.39;16.44;15753600;270321730;3.15;4.29;0.710
20250206;15.96;16.54;16.64;15.78;9296000;151877665;1.86;2.8;0.450
20250205;15.95;16.09;16.18;15.86;6192704;99428466;1.24;2.09;0.330
20250127;15.97;15.76;16.23;15.76;4964104;79310509;0.99;-1.31;-0.210
20250124;15.91;15.97;16.12;15.72;6513800;103871563;1.3;0.69;0.110
20250123;15.88;15.86;16.29;15.68;10690456;171354081;2.14;1.67;0.260
20250122;15.72;15.6;15.79;15.49;4673800;72909963;0.93;-1.45;-0.230
20250121;16.11;15.83;16.51;15.75;8991600;144099989;1.8;-0.63;-0.100
20250120;15.79;15.93;16.37;15.66;11118530;178253125;2.22;2.18;0.340
20250117;15.23;15.59;15.96;15.15;9717567;151655183;1.94;2.03;0.310
20250116;15.25;15.28;15.63;15.08;7943955;122128378;1.59;0.53;0.080
20250115;15.33;15.2;15.36;15.06;5877700;89147916;1.17;-1.17;-0.180
20250114;14.96;15.38;15.4;14.9;6953104;105746876;1.39;3.43;0.510
20250113;14.51;14.87;14.94;14.45;5238150;77359736;1.05;0.81;0.120
20250110;15.23;14.75;15.4;14.74;5643154;84915549;1.13;-3.15;-0.480
20250109;15.11;15.23;15.47;15.03;5801800;88698029;1.16;-0.46;-0.070
20250108;15.23;15.3;15.38;14.72;9560600;144235628;1.91;-0.13;-0.020
20250107;15.71;15.32;15.73;14.98;10454835;159063268;2.09;-1.35;-0.210
20250106;15.74;15.53;16.13;15.3;13887971;217943669;2.77;1.64;0.250
20250103;15.3;15.28;15.58;15.09;10529111;161502334;2.1;0.07;0.010
20250102;15.74;15.27;15.96;15.1;8694978;135344478;1.74;-3.17;-0.500