20251022;22.73;22.69;23.12;22.6;8289075;188928956;1.46;-0.57;-0.130
20251021;22.84;22.82;23.32;21.8;16350604;370780510;2.89;-1.98;-0.460
20251020;23.2;23.28;23.8;23.12;7994802;187124489;1.41;1.09;0.250
20251017;23.9;23.03;24.13;22.97;8922302;208977841;1.58;-4.04;-0.970
20251016;24.41;24.0;24.68;23.76;11368122;273939119;2.01;-2.28;-0.560
20251015;23.66;24.56;24.83;23.4;14183386;342784443;2.51;3.19;0.760
20251014;23.84;23.8;25.12;23.68;18396144;448112015;3.25;0.63;0.150
20251013;22.8;23.65;23.79;22.35;11701387;271752115;2.07;0.55;0.130
20251010;24.2;23.52;24.39;23.42;14824031;352793831;2.62;-3.01;-0.730
20251009;24.55;24.25;24.9;24.0;15648377;383785330;2.76;-1.5;-0.370
20250930;24.95;24.62;25.18;24.55;12353362;306657238;2.18;-1.4;-0.350
20250929;25.2;24.97;25.33;24.69;17985547;448884760;3.18;-1.23;-0.310
20250926;24.86;25.28;25.4;24.49;16774107;418754146;2.96;1.4;0.350
20250925;24.99;24.93;25.37;24.86;11022500;276530009;1.95;-0.64;-0.160
20250924;23.89;25.09;25.35;23.77;16789567;415707378;2.97;4.45;1.070
20250923;24.28;24.02;24.37;23.3;12073282;286473228;2.13;-1.07;-0.260
20250922;24.17;24.28;24.55;23.95;8880441;214988697;1.57;0.29;0.070
20250919;24.75;24.21;25.11;24.2;10108230;248432452;1.79;-3.12;-0.780
20250918;24.55;24.99;26.13;24.43;20584456;520434138;3.64;1.26;0.310
20250917;24.24;24.68;24.81;24.12;9195711;225397353;1.62;1.56;0.380
20250916;24.24;24.3;24.37;23.74;9511013;229315175;1.68;0.12;0.030
20250915;24.7;24.27;24.79;24.21;8000679;194890594;1.41;-1.74;-0.430
20250912;25.0;24.7;25.17;24.67;10037818;249621046;1.77;-1.24;-0.310
20250911;24.13;25.01;25.08;23.7;13207206;325687007;2.33;2.58;0.630
20250910;24.0;24.38;25.23;23.93;12976041;320380626;2.29;1.37;0.330
20250909;24.76;24.05;24.8;24.03;10299693;250369473;1.82;-2.67;-0.660
20250908;24.09;24.71;24.95;24.01;15283452;375068566;2.7;2.92;0.700
20250905;23.88;24.01;24.05;23.44;10739980;255086712;1.9;1.09;0.260
20250904;24.54;23.75;24.9;23.23;15709576;378398314;2.78;-2.94;-0.720
20250903;25.53;24.47;25.6;24.38;19534916;484584489;3.45;-4.23;-1.080
20250902;26.43;25.55;26.49;25.22;19137380;491494337;3.38;-3.29;-0.870
20250901;26.7;26.42;26.85;25.8;17234111;451754499;3.04;-0.68;-0.180
20250829;26.35;26.6;27.09;26.06;19383936;515190151;3.42;0.04;0.010
20250828;26.26;26.59;27.32;25.72;27969299;740972726;4.94;1.3;0.340
20250827;26.72;26.25;27.36;26.15;26397060;704979608;4.66;0.19;0.050
20250826;26.76;26.2;27.0;26.07;17155749;451856812;3.03;-2.06;-0.550
20250825;25.48;26.75;26.84;25.48;26083504;686391383;4.61;5.52;1.400
20250822;24.75;25.35;25.42;24.75;16013511;402869632;2.83;1.48;0.370
20250821;24.92;24.98;25.44;24.72;13762287;345133722;2.43;0.28;0.070
20250820;24.74;24.91;25.18;24.45;14474700;358267993;2.56;-0.64;-0.160
20250819;24.92;25.07;25.88;24.61;15369286;387733895;2.72;-0.32;-0.080
20250818;25.48;25.15;25.53;24.81;22271110;558770169;3.93;-1.26;-0.320
20250815;24.44;25.47;25.66;24.35;24904368;630587931;4.4;5.12;1.240
20250814;24.54;24.23;24.75;24.2;12578113;307819932;2.22;-2.06;-0.510
20250813;24.8;24.74;25.0;24.38;16768577;413277626;2.96;-0.72;-0.180
20250812;24.8;24.92;25.03;24.57;12789304;317235313;2.26;0.36;0.090
20250811;24.6;24.83;25.15;24.6;19646708;488772822;3.47;0.93;0.230
20250808;24.62;24.6;25.32;24.4;23525407;583745047;4.16;-0.61;-0.150
20250807;24.66;24.75;24.86;24.27;19838499;488212374;3.5;0.41;0.100
20250806;23.87;24.65;25.1;23.87;26417509;652763404;4.67;2.88;0.690
20250805;23.71;23.96;24.24;23.36;34694842;828689387;6.13;1.05;0.250
20250804;21.5;23.71;23.92;21.49;48619537;1132511643;8.59;10.23;2.200
20250801;21.41;21.51;21.73;21.15;9596600;205968828;1.7;0.0;0.000
20250731;21.41;21.51;22.12;21.35;11422100;247691247;2.02;-0.28;-0.060
20250730;21.5;21.57;21.79;21.23;11314400;243236501;2.0;0.14;0.030
20250729;21.25;21.54;21.58;21.13;9683340;207278808;1.71;0.94;0.200
20250728;20.9;21.34;21.49;20.76;13444102;285266716;2.38;1.91;0.400
20250725;21.29;20.94;21.4;20.69;21980010;459829180;3.88;-1.6;-0.340
20250724;21.47;21.28;21.75;21.26;13467702;288612447;2.38;-0.88;-0.190
20250723;21.42;21.47;21.76;21.38;8739427;188153644;1.54;-0.83;-0.180
20250722;21.9;21.65;22.06;21.49;10630640;231306403;1.88;-1.14;-0.250
20250721;22.07;21.9;22.34;21.89;9498750;209605106;1.68;-0.77;-0.170
20250718;22.23;22.07;22.55;21.94;8347110;184790748;1.47;-0.99;-0.220
20250717;21.58;22.29;22.31;21.58;14223830;313214828;2.51;2.62;0.570
20250716;22.37;21.72;23.32;21.2;25444090;567694081;4.5;-2.64;-0.590
20250715;22.1;22.31;22.5;22.02;12209000;271911088;2.16;0.63;0.140
20250714;22.04;22.17;22.28;21.73;8932115;196150615;1.58;0.59;0.130
20250711;22.08;22.04;22.29;21.99;9386641;207446010;1.66;0.18;0.040
20250710;21.97;22.0;22.54;21.85;11993800;265821557;2.12;0.14;0.030
20250709;22.17;21.97;22.25;21.7;12983462;284996585;2.29;-0.99;-0.220
20250708;21.75;22.19;22.2;21.75;11384787;249885683;2.01;1.56;0.340
20250707;22.32;21.85;22.45;21.8;11150400;245768627;1.97;-2.19;-0.490
20250704;22.37;22.34;22.76;21.83;16604700;369601105;2.93;0.09;0.020
20250703;22.03;22.32;22.69;22.0;14806437;332079549;2.62;1.09;0.240
20250702;22.74;22.08;22.74;21.94;16691489;370539630;2.95;-2.69;-0.610
20250701;22.66;22.69;22.94;22.17;18548725;417650596;3.28;0.27;0.060
20250630;22.5;22.63;23.0;22.01;29388217;663474182;5.19;1.21;0.270
20250627;21.4;22.36;23.25;21.32;38199255;857041628;6.75;5.12;1.090
20250626;20.77;21.27;21.73;20.7;25854047;552922513;4.57;2.16;0.450
20250625;20.5;20.82;20.95;20.48;14780344;306507046;2.61;1.26;0.260
20250624;20.44;20.56;20.86;20.35;14612656;300955170;2.58;-0.15;-0.030
20250623;20.3;20.59;20.7;20.16;16358236;334036171;2.89;0.49;0.100
20250620;21.0;20.49;21.18;20.41;19059000;394036570;3.37;-2.01;-0.420
20250619;21.11;20.91;21.22;20.76;16884812;353950267;2.98;-1.23;-0.260
20250618;21.0;21.17;21.36;20.91;14919772;314373846;2.64;-0.19;-0.040
20250617;20.7;21.28;21.41;20.56;29969820;632897324;5.29;2.9;0.600
20250616;20.14;20.68;20.77;19.95;19822879;405719832;3.5;1.67;0.340
20250613;20.36;20.34;20.75;20.21;27676510;566727720;4.89;0.0;0.000
20250612;20.25;20.34;20.96;19.95;23418500;480782249;4.14;0.59;0.120
20250611;20.3;20.22;20.4;19.97;19021457;383854344;3.36;0.25;0.050
20250610;20.55;20.17;20.77;20.1;37535740;767227850;6.63;-0.64;-0.130
20250609;18.36;20.3;20.36;18.36;45162146;896632965;7.98;10.69;1.960
20250606;17.99;18.34;18.55;17.99;15012397;274743882;2.65;1.95;0.350
20250605;17.88;17.99;18.05;17.75;9951048;178326622;1.76;0.73;0.130
20250604;18.21;17.86;18.44;17.83;13773500;248431485;2.43;-1.87;-0.340
20250603;17.6;18.2;18.4;17.57;19203500;346452563;3.39;2.71;0.480
20250530;17.6;17.72;17.83;17.41;12172835;215083926;2.15;0.23;0.040
20250529;17.37;17.68;17.68;17.26;10080670;177144697;1.78;1.9;0.330
20250528;17.4;17.35;17.56;17.26;8892433;154889748;1.57;-0.86;-0.150
20250527;17.17;17.5;17.54;16.99;11703708;202616144;2.07;1.69;0.290
20250526;16.83;17.21;17.33;16.76;9852208;168327044;1.74;2.62;0.440
20250523;17.11;16.77;17.23;16.75;11341600;192471241;2.0;-2.56;-0.440
20250522;17.18;17.21;17.54;17.02;11267535;195375172;1.99;-0.06;-0.010
20250521;17.33;17.22;17.44;17.2;6759828;116842228;1.19;-0.69;-0.120
20250520;17.41;17.34;17.44;17.19;7897389;136834763;1.4;-0.57;-0.100
20250519;17.27;17.44;17.52;17.06;9437200;163579986;1.67;1.28;0.220
20250516;17.3;17.22;17.65;17.21;8190400;142455853;1.45;-0.69;-0.120
20250515;17.72;17.34;17.83;17.31;9481889;165653030;1.68;-2.14;-0.380
20250514;17.9;17.72;18.05;17.63;13601262;241914654;2.4;-1.01;-0.180
20250513;18.5;17.9;18.64;17.81;20582814;373522497;3.64;-2.82;-0.520
20250512;17.67;18.42;18.65;17.55;26027227;476199999;4.6;4.24;0.750
20250509;18.13;17.67;18.13;17.46;19341570;342501170;3.42;-2.32;-0.420
20250508;17.37;18.09;18.09;17.24;23053922;409459188;4.07;4.33;0.750
20250507;17.19;17.34;17.53;16.96;19700405;339853047;3.48;2.3;0.390
20250506;16.48;16.95;16.96;16.46;12665009;212237075;2.24;3.99;0.650
20250430;16.12;16.3;16.49;16.09;9802584;160115374;1.73;1.18;0.190
20250429;15.85;16.11;16.23;15.76;6056043;97392072;1.07;0.62;0.100
20250428;16.16;16.01;16.26;15.91;7775002;124636958;1.37;-0.81;-0.130
20250425;16.06;16.14;16.33;16.0;7289299;117832371;1.29;0.06;0.010
20250424;16.5;16.13;16.5;16.0;12566581;203086027;2.22;-2.54;-0.420
20250423;16.48;16.55;16.73;16.42;12047900;199249249;2.13;0.42;0.070
20250422;16.6;16.48;16.62;16.37;7894233;130137461;1.39;-1.26;-0.210
20250421;16.55;16.69;16.72;16.32;9775400;162177629;1.73;1.58;0.260
20250418;16.32;16.43;16.51;16.13;8164600;133151735;1.44;0.06;0.010
20250417;16.42;16.42;16.75;16.34;9302415;154093099;1.64;-0.79;-0.130
20250416;16.81;16.55;17.1;16.28;13389942;221805411;2.37;-2.47;-0.420
20250415;17.09;16.97;17.3;16.8;11535902;195479133;2.04;-1.68;-0.290
20250414;17.47;17.26;17.77;17.18;19750271;343147537;3.49;-0.92;-0.160
20250411;16.29;17.42;18.1;16.21;28143634;484046957;4.97;5.51;0.910
20250410;16.65;16.51;17.1;16.49;20868400;350116479;3.69;0.67;0.110
20250409;15.2;16.4;16.49;14.52;25815200;407266138;4.56;7.19;1.100
20250408;14.67;15.3;15.76;14.6;26426531;404050760;4.67;6.18;0.890
20250407;17.3;14.41;17.54;14.41;30395617;474133046;5.37;-19.99;-3.600
20250403;17.99;18.01;18.36;17.87;8365264;151346859;1.48;-0.72;-0.130
20250402;18.2;18.14;18.38;18.03;7923383;143897829;1.4;-0.55;-0.100
20250401;18.21;18.24;18.48;18.12;11758766;215108080;2.08;0.77;0.140
20250331;18.42;18.1;18.46;17.8;12779793;230776410;2.26;-2.53;-0.470
20250328;18.85;18.57;19.02;18.5;8648164;161675847;1.53;-1.59;-0.300
20250327;18.9;18.87;19.19;18.4;11572221;217643824;2.04;-0.42;-0.080
20250326;19.15;18.95;19.44;18.91;11366758;217143041;2.01;-1.51;-0.290
20250325;19.0;19.24;19.76;18.88;17593185;342183529;3.11;0.68;0.130
20250324;19.88;19.11;20.03;18.5;26727074;511076097;4.72;-4.26;-0.850
20250321;20.41;19.96;20.81;19.88;18849459;381144128;3.33;-2.78;-0.570
20250320;20.58;20.53;20.93;20.38;14812429;306619729;2.62;-0.92;-0.190
20250319;20.68;20.72;20.9;20.55;16392866;339997966;2.9;-0.05;-0.010
20250318;20.89;20.73;21.19;20.6;22492635;467523599;3.97;-0.96;-0.200
20250317;21.35;20.93;21.5;20.8;28733000;606490981;5.08;-1.32;-0.280
20250314;21.75;21.21;21.78;20.8;35367572;747384897;6.25;-2.39;-0.520
20250313;21.5;21.73;22.19;21.31;39904522;865525313;7.05;0.46;0.100
20250312;22.21;21.63;22.28;21.39;48848912;1062740010;8.63;-1.46;-0.320
20250311;20.54;21.95;21.95;20.46;50012178;1069177455;8.84;4.13;0.870
20250310;20.44;21.08;21.51;20.37;40235310;847457988;7.11;3.84;0.780
20250307;20.2;20.3;20.79;20.03;34349784;700537276;6.07;0.1;0.020
20250306;20.15;20.28;20.41;19.79;43712984;882022209;7.72;0.65;0.130
20250305;18.88;20.15;20.29;18.79;57076550;1128065227;10.08;5.5;1.050
20250304;18.0;19.1;19.26;18.0;40946132;765802359;7.23;7.91;1.400
20250303;17.54;17.7;18.18;17.45;15372700;274751852;2.72;0.91;0.160
20250228;18.63;17.54;18.86;17.46;22733600;409061615;4.02;-6.75;-1.270
20250227;19.05;18.81;19.07;18.29;17877100;334083866;3.16;-1.21;-0.230
20250226;19.05;19.04;19.2;18.76;16559595;314103167;2.93;0.32;0.060
20250225;18.8;18.98;19.24;18.64;17447400;331842163;3.08;-0.63;-0.120
20250224;19.35;19.1;19.45;18.75;17352931;330655422;3.07;-0.78;-0.150
20250221;18.82;19.25;19.38;18.64;23984742;456138774;4.24;2.28;0.430
20250220;18.61;18.82;18.94;18.42;17060342;319194937;3.01;1.13;0.210
20250219;17.88;18.61;18.63;17.82;15922631;292311427;2.81;4.08;0.730
20250218;18.67;17.88;18.74;17.74;18300000;333370712;3.23;-4.64;-0.870
20250217;18.63;18.75;18.96;18.49;17266985;323331644;3.05;0.86;0.160
20250214;18.46;18.59;18.74;18.21;13636974;252236750;2.41;0.0;0.000
20250213;18.98;18.59;19.05;18.52;17551700;328768489;3.1;-2.0;-0.380
20250212;18.58;18.97;18.98;18.51;17443674;326648625;3.08;1.72;0.320
20250211;18.88;18.65;18.88;18.48;16788554;313074472;2.97;-2.0;-0.380
20250210;18.5;19.03;19.11;18.4;24155110;454292967;4.27;2.98;0.550
20250207;18.48;18.48;18.94;18.1;29565900;546912486;5.22;1.32;0.240
20250206;17.3;18.24;18.29;17.06;27004300;484893427;4.77;5.68;0.980
20250205;17.1;17.26;17.56;16.99;17328700;299887698;3.06;3.17;0.530
20250127;17.43;16.73;17.49;16.69;14094900;239746189;2.49;-3.01;-0.520
20250124;16.92;17.25;17.28;16.82;13961700;238866828;2.47;1.89;0.320
20250123;17.18;16.93;17.7;16.92;19168136;331214659;3.39;-0.24;-0.040
20250122;17.1;16.97;17.12;16.78;12108300;205002285;2.14;-1.34;-0.230
20250121;17.31;17.2;17.4;16.87;13328753;227283639;2.35;-0.17;-0.030
20250120;17.55;17.23;17.75;17.16;15753300;273585268;2.78;-0.75;-0.130
20250117;17.25;17.36;17.73;17.08;16222088;281388635;2.87;-0.23;-0.040
20250116;17.54;17.4;18.07;17.14;20358700;357228469;3.6;0.06;0.010
20250115;17.74;17.39;17.94;17.35;17233200;302162365;3.04;-1.58;-0.280
20250114;16.75;17.67;17.72;16.35;24162552;417199919;4.27;7.09;1.170
20250113;16.35;16.5;16.69;15.86;17315592;282376653;3.06;-0.3;-0.050
20250110;16.93;16.55;17.43;16.52;18324764;311499673;3.24;-2.7;-0.460
20250109;16.65;17.01;17.22;16.58;21444500;362947746;3.79;2.1;0.350
20250108;16.87;16.66;16.89;15.88;30407395;496859245;5.37;-1.71;-0.290
20250107;16.39;16.95;17.04;16.32;28751688;478199667;5.08;3.42;0.560
20250106;17.66;16.39;17.78;16.2;50905015;853777287;8.99;-6.24;-1.090
20250103;19.7;17.48;19.7;17.32;52019108;944276294;9.19;-14.98;-3.080
20250102;21.65;20.56;21.65;20.33;20491975;428637834;3.64;-5.08;-1.100