20251022;16.56;16.41;16.67;16.36;6798570;112100904;1.55;-0.97;-0.160
20251021;16.22;16.57;16.75;16.2;9864700;163315336;2.25;2.47;0.400
20251020;16.33;16.17;16.49;16.11;8794047;143313779;2.01;0.31;0.050
20251017;16.71;16.12;16.75;16.11;11799923;192696500;2.69;-3.76;-0.630
20251016;17.14;16.75;17.15;16.7;10288500;173646701;2.35;-2.22;-0.380
20251015;16.85;17.13;17.4;16.69;15215706;260877775;3.47;1.06;0.180
20251014;17.17;16.95;17.46;16.85;14416018;246791199;3.29;-1.74;-0.300
20251013;16.73;17.25;17.6;16.58;17741300;304836356;4.05;0.64;0.110
20251010;17.36;17.14;17.45;17.08;12638079;218096937;2.88;-1.89;-0.330
20251009;17.19;17.47;17.64;16.95;18798694;325914134;4.29;2.28;0.390
20250930;16.88;17.08;17.16;16.81;10699100;182272285;2.44;1.49;0.250
20250929;16.67;16.83;17.09;16.46;11341860;189966834;2.59;1.69;0.280
20250926;17.0;16.55;17.0;16.55;11964900;200334709;2.73;-2.99;-0.510
20250925;17.17;17.06;17.29;17.01;14665601;251424586;3.34;-0.64;-0.110
20250924;16.85;17.17;17.18;16.7;19963408;340487649;4.55;1.9;0.320
20250923;17.0;16.85;17.02;16.4;18150753;302906446;4.14;-0.94;-0.160
20250922;16.26;17.01;17.14;16.25;29288627;492830673;6.68;5.72;0.920
20250919;16.18;16.09;16.38;16.03;9740862;157443826;2.22;-0.8;-0.130
20250918;16.5;16.22;16.8;16.06;14130466;233221109;3.22;-1.99;-0.330
20250917;16.48;16.55;16.7;16.38;9525520;157158443;2.17;-0.12;-0.020
20250916;16.45;16.57;16.58;16.38;8464316;139476945;1.93;0.73;0.120
20250915;16.75;16.45;16.83;16.43;12905319;213437118;2.94;-1.85;-0.310
20250912;17.08;16.76;17.21;16.74;17343469;293774532;3.96;-1.47;-0.250
20250911;17.06;17.01;17.15;16.68;21017702;355277420;4.79;-1.28;-0.220
20250910;16.72;17.23;17.47;16.57;29313317;496959352;6.69;0.58;0.100
20250909;16.42;17.13;17.57;16.18;31300391;529908560;7.14;3.82;0.630
20250908;16.26;16.5;16.54;16.08;10315700;167767048;2.35;1.85;0.300
20250905;16.05;16.2;16.3;15.86;9532097;153254007;2.17;1.19;0.190
20250904;16.4;16.01;16.54;15.79;10918900;177029381;2.49;-2.38;-0.390
20250903;16.91;16.4;16.92;16.34;10058114;166779010;2.29;-2.26;-0.380
20250902;17.29;16.78;17.37;16.66;12672183;213572647;2.89;-3.29;-0.570
20250901;17.43;17.35;17.78;17.1;13637231;237724521;3.11;-0.29;-0.050
20250829;17.6;17.4;17.67;17.26;14247668;248241425;3.25;-1.14;-0.200
20250828;17.24;17.6;17.68;17.01;19475508;338744595;4.44;2.09;0.360
20250827;18.08;17.24;18.1;17.23;23449437;416844617;5.35;-4.06;-0.730
20250826;17.69;17.97;18.18;17.59;24884624;446290932;5.68;1.64;0.290
20250825;17.38;17.68;17.76;17.22;23490555;411798402;5.36;2.2;0.380
20250822;17.07;17.3;17.3;16.96;19523970;335665909;4.45;1.23;0.210
20250821;16.94;17.09;17.28;16.83;19564066;333763129;4.46;1.3;0.220
20250820;16.83;16.87;16.88;16.51;12064083;201653514;2.75;0.18;0.030
20250819;16.85;16.84;16.94;16.68;14968989;251931853;3.41;0.0;0.000
20250818;16.62;16.84;16.96;16.5;17861354;298994553;4.07;2.31;0.380
20250815;16.19;16.46;16.48;16.19;9899309;162299384;2.26;1.17;0.190
20250814;16.55;16.27;16.64;16.24;11866045;195128307;2.71;-1.81;-0.300
20250813;16.63;16.57;16.78;16.51;16806001;279582887;3.83;1.35;0.220
20250812;16.49;16.35;16.54;16.27;9703444;158866141;2.21;-1.33;-0.220
20250811;16.44;16.57;16.67;16.35;12104771;200209357;2.76;1.1;0.180
20250808;16.43;16.39;16.58;16.26;12512970;204996332;2.85;-0.73;-0.120
20250807;16.61;16.51;16.7;16.4;11653233;192748132;2.66;-0.84;-0.140
20250806;16.64;16.65;16.71;16.54;11034100;183396648;2.52;0.18;0.030
20250805;16.67;16.62;16.74;16.49;11419912;189409112;2.6;-0.48;-0.080
20250804;16.34;16.7;16.72;16.23;13385784;221744992;3.05;1.64;0.270
20250801;16.26;16.43;16.48;16.1;13202404;215497027;3.01;1.05;0.170
20250731;16.38;16.26;16.63;16.21;14590462;239792032;3.33;-1.51;-0.250
20250730;16.47;16.51;16.74;16.3;17606314;290767771;4.02;0.0;0.000
20250729;16.5;16.51;16.67;16.28;22221547;365208652;5.07;-1.43;-0.240
20250728;16.67;16.75;17.36;16.38;26376977;440345544;6.02;0.54;0.090
20250725;17.22;16.66;17.26;16.62;33422397;561826123;7.62;-3.48;-0.600
20250724;17.04;17.26;17.87;17.04;47003250;814964595;10.72;-0.92;-0.160
20250723;18.97;17.42;18.97;17.28;72535077;1312648232;16.54;7.27;1.180
20250722;16.11;16.24;16.74;16.05;26038136;424740183;5.94;-0.06;-0.010
20250721;15.39;16.25;16.61;15.29;34517817;555420888;7.87;5.25;0.810
20250718;15.29;15.44;15.62;15.23;18281738;282971728;4.17;1.78;0.270
20250717;15.01;15.17;15.2;14.95;7727996;116798002;1.76;1.13;0.170
20250716;15.09;15.0;15.24;14.95;6978889;105326478;1.59;-0.79;-0.120
20250715;15.06;15.12;15.18;14.75;8782179;131258542;2.0;0.27;0.040
20250714;15.01;15.08;15.2;14.88;7772420;116841684;1.77;0.07;0.010
20250711;14.87;15.07;15.18;14.75;10088590;151693211;2.3;1.69;0.250
20250710;14.7;14.82;14.9;14.57;8307530;122565648;1.89;0.41;0.060
20250709;15.0;14.76;15.0;14.7;11616748;172172717;2.65;-2.25;-0.340
20250708;14.96;15.1;15.12;14.92;6359200;95801004;1.45;0.94;0.140
20250707;14.87;14.96;15.06;14.82;4341099;64914682;0.99;0.47;0.070
20250704;15.0;14.89;15.11;14.78;6765800;101059641;1.54;-0.87;-0.130
20250703;14.97;15.02;15.23;14.91;5571000;83769599;1.27;0.27;0.040
20250702;15.07;14.98;15.15;14.88;6448487;96580257;1.47;-0.73;-0.110
20250701;15.3;15.09;15.35;15.03;8120698;123082545;1.85;-1.11;-0.170
20250630;15.22;15.26;15.37;15.2;7613895;116261068;1.74;0.26;0.040
20250627;15.26;15.22;15.47;15.16;13529124;206970923;3.09;-1.1;-0.170
20250626;14.95;15.39;15.78;14.87;21602525;331039664;4.93;2.87;0.430
20250625;14.79;14.96;14.99;14.7;8867669;131710630;2.02;1.15;0.170
20250624;14.5;14.79;14.8;14.46;8520600;125160228;1.94;2.28;0.330
20250623;14.06;14.46;14.54;14.01;6496885;93271042;1.48;2.77;0.390
20250620;14.3;14.07;14.38;14.07;5361900;76092217;1.22;-1.81;-0.260
20250619;14.52;14.33;14.67;14.3;6836804;98894984;1.56;-1.31;-0.190
20250618;14.52;14.52;14.59;14.37;3599000;52109356;0.82;-0.07;-0.010
20250617;14.45;14.53;14.59;14.36;4490313;65079242;1.02;0.55;0.080
20250616;14.08;14.45;14.47;14.06;5801133;83325756;1.32;2.05;0.290
20250613;14.4;14.16;14.45;14.13;6054250;86226505;1.38;-2.21;-0.320
20250612;14.42;14.48;14.58;14.25;4573332;66193037;1.04;0.21;0.030
20250611;14.43;14.45;14.58;14.36;4735704;68606324;1.08;0.28;0.040
20250610;14.61;14.41;14.68;14.2;7447058;107374900;1.7;-1.44;-0.210
20250609;14.47;14.62;14.64;14.36;6361082;92643146;1.45;1.11;0.160
20250606;14.58;14.46;14.6;14.4;5176125;74868639;1.18;-0.82;-0.120
20250605;14.38;14.58;14.64;14.34;5997042;86857988;1.37;1.39;0.200
20250604;14.41;14.38;14.45;14.3;4362618;62695181;0.99;0.14;0.020
20250603;14.35;14.36;14.62;14.33;5462384;78904074;1.25;-0.69;-0.100
20250530;14.67;14.46;14.72;14.4;5695250;82495580;1.3;-1.57;-0.230
20250529;14.21;14.69;14.7;14.21;10078595;146770061;2.3;3.31;0.470
20250528;14.18;14.22;14.46;14.14;5177300;73823228;1.18;0.28;0.040
20250527;14.21;14.18;14.26;14.03;3461204;48909535;0.79;-0.14;-0.020
20250526;13.89;14.2;14.26;13.89;5203900;73712310;1.19;2.08;0.290
20250523;14.2;13.91;14.35;13.89;5889935;83155274;1.34;-2.11;-0.300
20250522;14.25;14.21;14.4;14.14;4482000;63959886;1.02;-0.63;-0.090
20250521;14.43;14.3;14.44;14.22;4187100;59890140;0.95;-0.9;-0.130
20250520;14.39;14.43;14.47;14.26;4767830;68557877;1.09;0.28;0.040
20250519;14.28;14.39;14.42;14.1;4272541;61030490;0.97;1.12;0.160
20250516;14.37;14.23;14.38;14.22;3780160;54004502;0.86;-0.35;-0.050
20250515;14.58;14.28;14.6;14.22;5377700;77147383;1.23;-2.46;-0.360
20250514;14.64;14.64;14.82;14.45;5630500;82265114;1.28;0.07;0.010
20250513;15.0;14.63;15.07;14.6;6873700;101261194;1.57;-1.35;-0.200
20250512;14.75;14.83;14.9;14.64;7538697;111427529;1.72;1.71;0.250
20250509;14.86;14.58;14.89;14.52;9032222;132380026;2.06;-2.08;-0.310
20250508;14.3;14.89;15.07;14.22;15278717;224760892;3.48;4.13;0.590
20250507;14.52;14.3;14.68;14.19;8888226;127574380;2.03;-0.14;-0.020
20250506;14.0;14.32;14.33;14.0;8001800;113835377;1.82;3.32;0.460
20250430;13.64;13.86;13.91;13.6;6076720;84004575;1.39;2.21;0.300
20250429;13.39;13.56;13.77;13.21;7984430;108118833;1.82;-1.24;-0.170
20250428;13.77;13.73;14.0;13.64;4633066;63734914;1.06;-1.01;-0.140
20250425;13.87;13.87;13.98;13.77;4329800;60148483;0.99;0.43;0.060
20250424;14.08;13.81;14.13;13.75;5895000;81892516;1.34;-2.2;-0.310
20250423;14.29;14.12;14.51;14.04;9341716;133123500;2.14;0.64;0.090
20250422;14.07;14.03;14.15;13.95;5240206;73652163;1.2;-0.28;-0.040
20250421;13.8;14.07;14.15;13.68;5681300;79524821;1.3;1.74;0.240
20250418;13.72;13.83;13.95;13.63;4816184;66339977;1.1;0.8;0.110
20250417;13.71;13.72;13.98;13.69;6704200;92904696;1.53;-0.72;-0.100
20250416;13.98;13.82;14.04;13.49;12387000;170519913;2.83;-2.81;-0.400
20250415;14.49;14.22;14.49;14.19;7077900;101082360;1.62;-1.93;-0.280
20250414;14.64;14.5;14.85;14.48;7657124;111991457;1.75;0.0;0.000
20250411;14.2;14.5;14.72;14.18;7410130;107441470;1.69;0.55;0.080
20250410;14.54;14.42;14.89;14.4;11477234;167770062;2.63;0.91;0.130
20250409;13.65;14.29;14.37;13.11;14564747;201953453;3.33;3.1;0.430
20250408;13.33;13.86;14.25;13.33;17738516;244646354;4.06;6.37;0.830
20250407;14.95;13.03;15.13;12.7;20492790;283739335;4.69;-17.37;-2.740
20250403;15.61;15.77;16.12;15.57;8442862;133606290;1.93;0.0;0.000
20250402;15.91;15.77;16.04;15.72;7695293;122036743;1.76;-0.88;-0.140
20250401;16.05;15.91;16.23;15.9;6152910;98682241;1.41;-0.56;-0.090
20250331;16.15;16.0;16.15;15.72;7740000;123241051;1.77;-0.87;-0.140
20250328;16.23;16.14;16.32;16.08;5576950;90366210;1.28;-0.25;-0.040
20250327;16.34;16.18;16.43;16.0;8719318;141087509;1.99;-1.16;-0.190
20250326;16.47;16.37;16.6;16.35;5530900;91035533;1.26;-0.67;-0.110
20250325;16.55;16.48;16.65;16.34;5690900;93834952;1.3;-0.6;-0.100
20250324;16.95;16.58;16.99;16.23;10121046;167218630;2.31;-2.01;-0.340
20250321;17.24;16.92;17.36;16.88;9115275;155863896;2.08;-2.37;-0.410
20250320;17.46;17.33;17.56;17.31;6233300;108655001;1.43;-0.91;-0.160
20250319;17.76;17.49;17.76;17.41;7352800;128908470;1.68;-1.69;-0.300
20250318;17.77;17.79;18.04;17.66;8352300;148880602;1.91;-0.28;-0.050
20250317;17.68;17.84;17.89;17.48;10977700;194664293;2.51;1.36;0.240
20250314;17.44;17.6;17.67;17.21;10552236;184540282;2.41;0.98;0.170
20250313;17.87;17.43;17.89;17.22;12008667;210035921;2.75;-2.79;-0.500
20250312;18.15;17.93;18.29;17.87;10404971;188404910;2.38;-0.5;-0.090
20250311;17.8;18.02;18.06;17.73;7436270;133073406;1.7;-0.22;-0.040
20250310;18.24;18.06;18.38;17.9;11735096;212130115;2.68;-1.58;-0.290
20250307;18.53;18.35;19.1;18.22;18732661;350230814;4.28;-0.81;-0.150
20250306;17.86;18.5;18.84;17.8;18372680;336830892;4.2;4.58;0.810
20250305;17.56;17.69;17.79;17.33;9225290;161975644;2.11;0.28;0.050
20250304;17.23;17.64;17.72;17.13;8765400;154013380;2.0;1.97;0.340
20250303;17.2;17.3;17.73;16.94;14162699;246966800;3.24;1.47;0.250
20250228;18.07;17.05;18.17;17.0;17753800;309986845;4.06;-6.42;-1.170
20250227;18.66;18.22;18.79;17.89;16959220;310120456;3.88;-2.31;-0.430
20250226;18.75;18.65;18.79;18.42;15548997;288875068;3.56;-0.05;-0.010
20250225;18.5;18.66;18.99;18.35;16357065;305410369;3.74;-0.96;-0.180
20250224;19.0;18.84;19.35;18.7;22968000;435423700;5.25;-0.74;-0.140
20250221;18.53;18.98;19.0;18.3;23041767;431849965;5.27;2.71;0.500
20250220;18.65;18.48;18.74;18.26;17867097;330721237;4.09;-1.33;-0.250
20250219;18.42;18.73;18.78;18.24;17150152;319284815;3.92;1.68;0.310
20250218;18.87;18.42;19.49;18.31;29273182;552591194;6.7;-3.46;-0.660
20250217;19.68;19.08;19.8;18.8;44065744;848555203;10.08;-0.57;-0.110
20250214;18.0;19.19;19.68;17.8;45636888;856656211;10.44;6.49;1.170
20250213;18.29;18.02;18.3;17.84;17712896;320073870;4.05;-0.93;-0.170
20250212;17.9;18.19;18.34;17.85;15685990;284625119;3.59;1.45;0.260
20250211;18.18;17.93;18.19;17.76;19065612;342085583;4.36;-2.34;-0.430
20250210;17.92;18.36;18.38;17.78;27522835;499817697;6.29;2.0;0.360
20250207;17.67;18.0;18.24;17.49;32561798;582870791;7.45;5.14;0.880
20250206;16.91;17.12;17.14;16.55;13645261;231241165;3.12;1.72;0.290
20250205;16.28;16.83;17.08;16.18;18768317;313837551;4.29;5.92;0.940
20250127;16.21;15.89;16.31;15.65;12264269;196281755;2.81;-3.58;-0.590
20250124;16.05;16.48;16.5;16.0;9426415;153828752;2.16;3.0;0.480
20250123;16.15;16.0;16.5;16.0;8765900;142488849;2.0;0.13;0.020
20250122;15.87;15.98;16.09;15.79;5244800;83621211;1.2;0.06;0.010
20250121;16.08;15.97;16.19;15.73;5653968;89909101;1.29;-0.31;-0.050
20250120;16.09;16.02;16.23;15.92;5709368;91577143;1.31;0.5;0.080
20250117;15.81;15.94;16.04;15.74;5148206;81922716;1.18;0.25;0.040
20250116;15.96;15.9;16.3;15.82;8025700;128619053;1.84;0.63;0.100
20250115;16.04;15.8;16.09;15.77;7495054;118902314;1.71;-1.43;-0.230
20250114;15.48;16.03;16.08;15.43;10958400;173441602;2.51;4.5;0.690
20250113;14.92;15.34;15.44;14.7;7152054;108472661;1.64;1.86;0.280
20250110;15.56;15.06;15.78;15.04;6645500;102316841;1.52;-3.34;-0.520
20250109;15.52;15.58;15.78;15.4;6282496;98368573;1.44;0.0;0.000
20250108;15.88;15.58;15.95;15.1;9667700;149700313;2.21;-2.14;-0.340
20250107;15.72;15.92;15.94;15.66;5781626;91451822;1.32;1.4;0.220
20250106;15.69;15.7;15.8;15.45;6270687;98032173;1.43;0.26;0.040
20250103;16.22;15.66;16.35;15.57;9952798;158135334;2.28;-3.09;-0.500
20250102;16.99;16.16;17.05;15.96;11570099;190832971;2.65;-4.83;-0.820