20251022;36.72;37.39;38.2;36.0;1825083;68339623;2.45;2.05;0.750
20251021;36.09;36.64;36.64;35.51;1251490;45219831;1.68;1.58;0.570
20251020;37.12;36.07;37.28;35.74;1580866;57462822;2.12;-1.98;-0.730
20251017;37.53;36.8;37.92;36.7;1712050;63672913;2.29;-2.9;-1.100
20251016;37.42;37.9;37.95;36.62;2330622;87185649;3.12;1.28;0.480
20251015;34.85;37.42;37.76;34.71;3660081;134412940;4.91;6.91;2.420
20251014;34.98;35.0;36.29;34.69;1164269;40948514;1.56;0.09;0.030
20251013;34.2;34.97;35.15;33.12;1731244;59573289;2.32;-1.1;-0.390
20251010;35.41;35.36;36.1;35.2;1266372;45126300;1.7;-0.73;-0.260
20251009;36.16;35.62;36.6;35.55;1779570;63929078;2.39;-1.47;-0.530
20250930;36.22;36.15;36.5;35.42;2079085;74872368;2.79;-0.19;-0.070
20250929;34.92;36.22;36.46;34.0;2474132;88238015;3.32;4.23;1.470
20250926;35.0;34.75;35.42;34.35;1140781;39726124;1.53;-1.08;-0.380
20250925;34.68;35.13;36.6;34.63;2117920;75404177;2.84;1.01;0.350
20250924;34.49;34.78;34.98;34.1;1787870;62003885;2.4;0.78;0.270
20250923;35.86;34.51;35.86;33.71;1998710;68748322;2.68;-3.76;-1.350
20250922;35.61;35.86;36.42;35.37;1485235;53465086;1.99;0.73;0.260
20250919;35.4;35.6;36.28;35.04;1903500;68076382;2.55;0.56;0.200
20250918;37.05;35.4;37.91;35.0;2947110;107316812;3.95;-4.32;-1.600
20250917;37.4;37.3;38.18;36.9;1788297;67244266;2.4;0.03;0.010
20250916;37.32;37.29;37.57;36.84;1329448;49429484;1.78;-0.08;-0.030
20250915;37.93;37.32;38.25;37.26;1643450;61614568;2.2;-2.18;-0.830
20250912;38.0;38.15;38.99;37.7;2779552;106418200;3.73;-0.13;-0.050
20250911;36.82;38.2;38.38;36.1;3539102;132992676;4.74;3.75;1.380
20250910;34.94;36.82;37.5;34.8;3180642;114795350;4.26;5.38;1.880
20250909;35.42;34.94;35.49;34.75;1246950;43755282;1.67;-1.36;-0.480
20250908;35.15;35.42;36.17;34.92;1614800;57240063;2.16;1.2;0.420
20250905;33.74;35.0;35.2;33.58;2147700;74380787;2.88;3.73;1.260
20250904;34.45;33.74;34.63;33.19;2267320;77244594;3.04;-2.06;-0.710
20250903;34.26;34.45;35.15;34.18;2192361;75958165;2.94;0.94;0.320
20250902;35.36;34.13;35.56;33.5;3181780;108778751;4.26;-3.61;-1.280
20250901;35.88;35.41;36.3;34.96;2293761;81405005;3.07;-1.01;-0.360
20250829;36.5;35.77;36.81;35.55;1993826;72006648;2.67;-2.11;-0.770
20250828;36.32;36.54;36.89;35.19;2675240;96679894;3.59;0.61;0.220
20250827;38.59;36.32;39.19;36.28;3657750;137529358;4.9;-5.91;-2.280
20250826;37.91;38.6;39.39;37.75;3450690;133665443;4.62;1.69;0.640
20250825;37.66;37.96;38.27;37.37;2626116;99364717;3.52;0.53;0.200
20250822;38.35;37.76;39.94;37.44;3787608;146105068;5.08;-1.28;-0.490
20250821;38.71;38.25;39.19;37.77;2577753;98752738;3.45;-1.24;-0.480
20250820;38.88;38.73;39.14;37.73;4914630;188820267;6.59;-1.45;-0.570
20250819;37.0;39.3;39.3;36.01;8058991;302029449;10.8;2.99;1.140
20250818;35.1;38.16;38.96;35.1;8146630;304427828;10.92;10.1;3.500
20250815;34.11;34.66;34.88;33.82;2613081;90158753;3.5;1.64;0.560
20250814;34.91;34.1;35.38;33.98;2493710;85880634;3.34;-2.29;-0.800
20250813;34.12;34.9;35.99;33.93;4483559;156737912;6.01;2.17;0.740
20250812;34.8;34.16;34.9;34.1;2450490;84012877;3.28;-2.12;-0.740
20250811;34.36;34.9;35.0;34.09;2729050;94508910;3.66;2.02;0.690
20250808;34.3;34.21;34.73;33.77;2359370;80477331;3.16;-0.26;-0.090
20250807;34.3;34.3;35.14;34.1;4231059;146137535;5.67;-0.58;-0.200
20250806;33.07;34.5;34.68;32.55;5668840;192014691;7.6;5.15;1.690
20250805;33.84;32.81;34.22;32.52;4020644;133257276;5.39;1.36;0.440
20250804;31.6;32.37;32.37;31.36;2186130;70042983;2.93;2.11;0.670
20250801;31.31;31.7;31.98;31.17;1456000;45943932;1.95;1.21;0.380
20250731;32.17;31.32;32.3;31.2;2125800;67412233;2.85;-2.67;-0.860
20250730;32.7;32.18;32.9;31.84;2494520;80319713;3.34;-1.8;-0.590
20250729;32.77;32.77;32.94;32.43;2216920;72358493;2.97;-0.18;-0.060
20250728;32.44;32.83;32.96;32.19;2288365;74812631;3.07;1.02;0.330
20250725;31.95;32.5;32.88;31.78;2377970;76984030;3.19;1.5;0.480
20250724;32.51;32.02;32.99;31.83;3441990;111398599;4.61;-1.51;-0.490
20250723;32.31;32.51;32.97;32.05;2837400;92024273;3.8;0.25;0.080
20250722;33.12;32.43;33.15;32.23;3160890;103189388;4.24;-2.05;-0.680
20250721;33.12;33.11;34.26;32.81;3994800;132946431;5.35;-0.03;-0.010
20250718;34.5;33.12;34.69;33.01;6276784;212216036;8.41;-4.03;-1.390
20250717;32.75;34.51;36.5;31.87;9900843;336243795;13.27;6.48;2.100
20250716;30.11;32.41;34.46;29.95;7391689;239322535;9.91;7.5;2.260
20250715;30.79;30.15;30.99;29.93;2118850;64194138;2.84;-2.43;-0.750
20250714;29.69;30.9;31.3;29.67;3605549;110417683;4.83;3.76;1.120
20250711;29.66;29.78;29.87;29.3;2113660;62663747;2.83;0.44;0.130
20250710;30.14;29.65;30.67;29.37;4179946;124408198;5.6;-3.48;-1.070
20250709;32.0;30.72;32.99;30.41;6733224;212470737;9.02;1.29;0.390
20250708;29.92;30.33;30.63;29.8;2706770;81925072;3.63;0.8;0.240
20250707;31.96;30.09;32.0;29.56;5610470;170485578;7.32;-5.97;-1.910
20250704;32.44;32.0;32.46;31.7;2472709;79126069;3.23;-1.23;-0.400
20250703;31.95;32.4;32.8;31.31;3632257;117232467;4.74;2.21;0.700
20250702;32.18;31.7;32.39;31.32;3398390;107945500;4.43;-1.49;-0.480
20250701;30.55;32.18;32.18;30.24;5163168;161648652;6.73;6.03;1.830
20250630;30.29;30.35;30.52;30.02;2126950;64204722;2.77;0.2;0.060
20250627;30.98;30.29;31.07;30.14;2491200;75729409;3.25;-0.82;-0.250
20250626;31.15;30.54;31.27;30.52;3366680;103708357;4.39;-3.2;-1.010
20250625;31.0;31.55;31.66;30.3;3848030;120013437;5.02;1.77;0.550
20250624;30.99;31.0;31.32;30.52;4127116;127248467;5.38;-0.26;-0.080
20250623;27.51;31.08;32.28;27.47;7977938;244232401;10.41;12.9;3.550
20250620;28.0;27.53;28.31;27.43;1256600;34766494;1.64;-1.64;-0.460
20250619;28.65;27.99;28.99;27.78;1460749;41252027;1.91;-2.78;-0.800
20250618;28.52;28.79;28.86;28.08;1653869;47218732;2.16;0.24;0.070
20250617;29.38;28.72;29.7;28.44;2875999;83446114;3.75;-2.54;-0.750
20250616;30.12;29.47;30.35;29.19;3184500;94949309;4.15;-2.13;-0.640
20250613;29.99;30.11;30.44;29.7;3488090;104986635;4.55;-0.1;-0.030
20250612;29.8;30.14;30.16;29.39;3043380;90851691;3.97;1.11;0.330
20250611;29.96;29.81;30.26;29.68;2663400;79744582;3.47;-0.5;-0.150
20250610;29.82;29.96;30.27;29.43;3758996;112275845;4.9;0.03;0.010
20250609;29.3;29.95;30.15;29.14;3461650;103188358;4.52;2.74;0.800
20250606;29.09;29.15;29.3;28.32;4285613;123459222;5.59;-2.67;-0.800
20250605;29.75;29.95;29.95;28.8;3946670;116385869;5.15;1.29;0.380
20250604;29.8;29.57;29.99;29.45;3217360;95263768;4.2;-0.84;-0.250
20250603;29.25;29.82;30.23;28.91;3841098;114066364;5.01;0.68;0.200
20250530;31.89;29.62;31.96;29.37;7596165;230057290;9.91;-8.86;-2.880
20250529;33.0;32.5;33.2;31.51;7150307;229308489;9.33;-3.04;-1.020
20250528;32.95;33.52;34.44;32.53;9528098;316792843;12.43;-1.7;-0.580
20250527;35.18;34.1;35.79;32.32;13476427;447995512;17.58;-2.85;-1.000
20250526;29.36;35.1;35.1;29.36;7601951;247702480;9.92;20.0;5.850
20250523;30.0;29.25;30.5;29.01;5091820;150051405;6.64;-2.47;-0.740
20250522;29.69;29.99;31.97;29.69;7507854;231791456;9.79;1.97;0.580
20250521;31.0;29.41;31.17;29.33;5415545;161962963;7.06;-5.01;-1.550
20250520;29.82;30.96;31.42;29.59;8467105;259244406;11.04;6.1;1.780
20250519;28.08;29.18;29.67;28.08;7935558;230447263;10.35;7.24;1.970
20250516;25.73;27.21;27.83;25.59;4506531;120850308;5.88;6.12;1.570
20250515;25.75;25.64;25.92;25.24;1887200;48208685;2.46;-0.97;-0.250
20250514;26.5;25.89;27.0;25.75;2158200;56481045;2.82;-1.56;-0.410
20250513;26.79;26.3;26.81;26.24;1749998;46252537;2.28;-0.83;-0.220
20250512;26.46;26.52;26.99;26.3;1988609;52822722;2.59;0.87;0.230
20250509;27.17;26.29;27.29;26.22;2186330;57997330;2.85;-3.24;-0.880
20250508;28.3;28.64;28.75;28.01;2423681;69209429;3.16;1.06;0.300
20250507;28.21;28.34;28.77;27.88;2482590;70219384;3.24;1.5;0.420
20250506;27.12;27.92;27.98;27.0;1966830;54070188;2.57;3.29;0.890
20250430;27.15;27.03;27.36;26.93;1476150;40009526;1.93;-0.44;-0.120
20250429;27.19;27.15;27.65;26.82;2030049;55419991;2.65;1.31;0.350
20250428;27.2;26.8;27.2;26.5;1148100;30751037;1.5;-1.03;-0.280
20250425;27.21;27.08;27.48;26.88;1463800;39722070;1.91;-1.17;-0.320
20250424;27.19;27.4;27.69;26.53;3005340;81785292;3.92;-0.18;-0.050
20250423;26.5;27.45;27.65;26.4;2423180;65753285;3.16;4.17;1.100
20250422;26.15;26.35;26.81;25.99;1442300;38017796;1.88;0.5;0.130
20250421;25.61;26.22;26.27;25.41;1133640;29418416;1.48;1.86;0.480
20250418;25.75;25.74;25.97;25.42;1069300;27468028;1.39;-0.04;-0.010
20250417;25.3;25.75;25.92;25.0;1532600;39343278;2.0;1.9;0.480
20250416;25.7;25.27;25.7;24.81;1340170;33845484;1.75;-1.83;-0.470
20250415;25.42;25.74;26.1;25.22;1427140;36581398;1.86;1.3;0.330
20250414;25.49;25.41;25.72;25.27;1283750;32709956;1.67;1.56;0.390
20250411;24.5;25.02;25.35;24.5;1913320;47939096;2.5;0.64;0.160
20250410;24.52;24.86;25.42;24.1;2921910;72982391;3.81;4.5;1.070
20250409;23.0;23.79;24.14;21.35;3207200;73381418;4.18;2.15;0.500
20250408;22.98;23.29;24.47;22.53;3473730;81349519;4.53;3.14;0.710
20250407;25.29;22.58;25.99;22.24;3962670;94588708;5.17;-18.48;-5.120
20250403;28.66;27.7;29.0;27.17;3962180;111053105;5.17;-4.45;-1.290
20250402;29.2;28.99;29.69;28.86;2655700;77759587;3.46;-0.38;-0.110
20250401;28.79;29.1;29.4;28.58;3054167;88659198;3.98;1.64;0.470
20250331;29.26;28.63;29.49;27.89;4721940;135046231;6.16;-3.34;-0.990
20250328;31.36;29.62;32.48;29.6;6364177;197292599;8.3;-0.84;-0.250
20250327;29.21;29.87;29.87;28.7;3534350;104021128;4.61;2.19;0.640
20250326;28.21;29.23;29.65;28.21;3423473;99898938;4.47;2.96;0.840
20250325;28.32;28.39;28.86;27.99;1794860;50910284;2.34;-0.73;-0.210
20250324;28.15;28.6;28.66;27.52;2197833;61865600;2.87;1.67;0.470
20250321;29.12;28.13;29.42;28.05;3263570;92708295;4.26;-4.42;-1.300
20250320;30.03;29.43;30.44;29.41;3544100;105564060;4.62;-3.1;-0.940
20250319;29.27;30.37;30.98;28.85;5902200;177312538;7.7;2.71;0.800
20250318;29.0;29.57;29.73;28.67;3806757;111122936;4.97;1.62;0.470
20250317;28.58;29.1;29.66;28.25;3497897;101552752;4.56;1.43;0.410
20250314;28.34;28.69;29.0;28.34;3410230;97934303;4.45;0.1;0.030
20250313;29.31;28.66;29.31;28.31;4360370;125136189;5.69;-3.18;-0.940
20250312;28.11;29.6;29.97;27.81;7482893;215867879;9.76;6.13;1.710
20250311;27.9;27.89;28.36;27.55;3750520;104390650;4.89;-1.38;-0.390
20250310;28.29;28.28;28.47;28.01;3408583;96103010;4.45;-1.02;-0.290
20250307;28.7;28.57;28.75;27.83;6073250;171511602;7.92;-1.62;-0.470
20250306;28.4;29.04;29.08;28.18;7878760;226310288;10.28;1.82;0.520
20250305;28.1;28.52;28.63;27.69;7438455;209430076;9.7;0.49;0.140
20250304;28.54;28.38;29.39;27.81;7364247;209136720;9.61;-0.84;-0.240
20250303;30.99;28.62;31.0;28.18;9845491;289475689;12.84;-8.8;-2.760
20250228;33.13;31.38;33.68;30.01;13014346;413030100;16.98;-7.08;-2.390
20250227;30.39;33.77;33.77;30.18;17316414;561121720;22.59;20.01;5.630
20250226;24.3;28.14;28.14;24.2;4614773;127503084;6.02;20.0;4.690
20250225;23.25;23.45;23.48;23.08;1114887;26041606;1.45;0.13;0.030
20250224;23.04;23.42;23.69;22.89;1519395;35448863;1.98;1.65;0.380
20250221;23.23;23.04;23.28;22.94;1443140;33288262;1.88;-0.39;-0.090
20250220;22.82;23.13;23.21;22.81;1333047;30684364;1.74;1.54;0.350
20250219;22.49;22.78;22.86;22.49;1178696;26805319;1.54;1.33;0.300
20250218;22.89;22.48;23.31;22.3;1802401;41172895;2.35;-2.43;-0.560
20250217;22.35;23.04;23.83;22.25;2164060;49881043;2.82;3.13;0.700
20250214;22.27;22.34;22.57;22.27;615800;13811122;0.8;0.13;0.030
20250213;22.95;22.31;22.95;22.3;840630;18949029;1.1;-2.11;-0.480
20250212;22.87;22.79;23.13;22.64;889450;20333386;1.16;-0.48;-0.110
20250211;22.85;22.9;23.03;22.7;914799;20913297;1.19;0.35;0.080
20250210;22.89;22.82;22.89;22.6;849570;19314140;1.11;0.0;0.000
20250207;22.53;22.82;22.96;22.53;1091540;24843080;1.42;1.29;0.290
20250206;22.27;22.53;22.57;22.19;953250;21395734;1.24;1.26;0.280
20250205;22.12;22.25;22.3;21.91;924050;20470629;1.21;0.82;0.180
20250127;22.12;22.07;22.39;21.97;729610;16190264;0.95;0.32;0.070
20250124;21.79;22.0;22.05;21.6;824850;18032324;1.08;0.96;0.210
20250123;21.85;21.79;22.07;21.75;871715;19126352;1.14;0.55;0.120
20250122;21.76;21.67;21.88;21.43;686410;14904903;0.9;-0.37;-0.080
20250121;21.87;21.75;21.93;21.52;711360;15425878;0.93;0.14;0.030
20250120;21.5;21.72;21.78;21.32;1084960;23464105;1.42;1.64;0.350
20250117;21.45;21.37;21.48;21.24;732200;15635902;0.96;0.23;0.050
20250116;21.5;21.32;21.76;21.23;719600;15442722;0.94;-0.84;-0.180
20250115;21.4;21.5;21.72;21.35;999905;21574156;1.3;0.33;0.070
20250114;20.95;21.43;21.45;20.87;1119700;23805019;1.46;3.28;0.680
20250113;20.61;20.75;20.96;20.39;590600;12228603;0.77;0.24;0.050
20250110;21.21;20.7;21.45;20.7;659250;13934642;0.86;-2.4;-0.510
20250109;21.19;21.21;21.41;21.05;440400;9374073;0.57;0.05;0.010
20250108;21.23;21.2;21.42;20.7;780590;16499030;1.02;-0.24;-0.050
20250107;20.8;21.25;21.33;20.8;699890;14773816;0.91;1.53;0.320
20250106;20.9;20.93;21.29;20.12;1002850;20828204;1.31;-0.1;-0.020
20250103;21.91;20.95;21.91;20.95;1061539;22627020;1.38;-2.74;-0.590
20250102;21.8;21.54;22.21;21.3;1027500;22428169;1.52;-1.33;-0.290