20251022;21.98;21.98;22.11;21.68;4523514;99143149;3.83;0.87;0.190
20251021;20.76;21.79;21.88;20.68;5849217;125770183;4.95;5.01;1.040
20251020;20.68;20.75;21.34;20.66;5870696;122976622;5.1;2.37;0.480
20251017;20.97;20.27;21.18;20.27;5803977;119678259;5.14;-3.34;-0.700
20251016;21.47;20.97;22.08;20.91;7029854;150889069;6.45;-3.19;-0.690
20251015;21.55;21.66;21.78;21.11;7323474;157069764;6.71;-0.78;-0.170
20251014;23.59;21.83;23.67;21.71;8536462;192257600;7.83;-6.55;-1.530
20251013;22.9;23.36;23.7;22.12;8843136;204921829;8.11;-5.39;-1.330
20251010;23.57;24.69;25.21;23.44;13359372;324903885;12.25;5.6;1.310
20251009;23.06;23.38;24.56;23.0;9635398;229445578;8.84;2.68;0.610
20250930;23.3;22.77;23.3;22.74;4702624;107843559;4.31;-1.64;-0.380
20250929;23.46;23.15;23.69;22.97;5946735;138392804;5.45;-1.28;-0.300
20250926;23.94;23.45;24.2;23.33;6854221;162162405;6.28;-1.59;-0.380
20250925;24.71;23.83;24.71;23.75;8077320;194996007;7.48;-3.6;-0.890
20250924;24.65;24.72;25.1;24.22;11558760;284152701;10.7;-0.64;-0.160
20250923;22.68;24.88;26.57;22.56;18542388;456972141;17.16;9.8;2.220
20250922;22.32;22.66;22.67;21.98;2890080;64625064;2.68;1.39;0.310
20250919;22.62;22.35;22.74;22.16;2853245;63861367;2.64;-0.67;-0.150
20250918;23.0;22.5;23.46;22.26;5215402;119266607;4.83;-1.92;-0.440
20250917;23.29;22.94;23.29;22.78;3618170;83167132;3.35;-1.08;-0.250
20250916;22.95;23.19;23.29;22.45;5296275;121518929;4.9;2.66;0.600
20250915;22.14;22.59;23.5;22.05;5733108;131138977;5.31;1.99;0.440
20250912;22.12;22.15;22.43;21.92;2427152;53789648;2.25;-0.27;-0.060
20250911;21.91;22.21;22.35;21.58;3025676;66447777;2.8;0.95;0.210
20250910;22.55;22.0;22.81;21.96;2599093;57776922;2.41;-1.87;-0.420
20250909;22.71;22.42;22.98;22.12;3148988;70522039;2.91;-1.58;-0.360
20250908;21.98;22.78;23.05;21.95;5099839;115348060;4.72;3.64;0.800
20250905;21.08;21.98;21.99;21.0;3423521;73872116;3.17;4.27;0.900
20250904;21.33;21.08;21.67;20.8;2892882;61467457;2.68;-1.17;-0.250
20250903;22.13;21.33;22.24;21.28;2587140;55823016;2.39;-2.82;-0.620
20250902;22.33;21.95;22.33;21.22;4810754;104475138;4.45;-1.7;-0.380
20250901;22.21;22.33;22.74;22.02;4265020;95683239;3.95;0.27;0.060
20250829;22.01;22.27;22.36;21.31;4076962;89738267;3.77;1.18;0.260
20250828;22.06;22.01;22.39;20.99;6314388;136543664;5.84;-0.41;-0.090
20250827;22.68;22.1;22.88;22.09;6232404;140208312;5.77;-2.86;-0.650
20250826;22.94;22.75;23.6;22.69;5941876;137139468;5.5;-1.09;-0.250
20250825;23.73;23.0;23.73;22.66;8768392;202328570;8.12;-3.12;-0.740
20250822;23.75;23.74;24.02;23.22;6492793;153380974;6.01;1.63;0.380
20250821;23.09;23.36;24.17;22.88;9021896;212736324;8.35;1.17;0.270
20250820;23.1;23.09;23.68;22.9;6293858;145686160;5.83;-0.69;-0.160
20250819;22.51;23.25;23.41;22.26;8085028;185804058;7.48;3.06;0.690
20250818;22.83;22.56;22.83;22.45;7342244;165822788;6.8;-1.14;-0.260
20250815;22.15;22.82;23.35;22.08;8587480;196274673;7.95;2.79;0.620
20250814;22.23;22.2;22.68;21.81;7501783;166501432;6.94;0.45;0.100
20250813;22.48;22.1;22.7;21.87;6484357;144257196;6.0;-1.69;-0.380
20250812;23.19;22.48;23.19;22.1;8095042;181579388;7.49;-2.47;-0.570
20250811;23.02;23.05;23.49;22.98;6269950;145620161;5.8;0.22;0.050
20250808;23.87;23.0;23.87;22.9;6446394;149758596;5.97;-2.91;-0.690
20250807;24.02;23.69;24.39;23.45;8908528;211939654;8.25;-1.29;-0.310
20250806;24.0;24.0;24.76;23.56;11517936;277315135;10.66;-1.03;-0.250
20250805;23.05;24.25;25.08;22.7;17263118;413129390;15.98;5.8;1.330
20250804;21.2;22.92;23.1;20.9;12527460;277355142;11.6;7.45;1.590
20250801;21.59;21.33;21.67;20.86;9240612;196315440;8.55;-2.02;-0.440
20250731;22.5;21.77;23.15;21.68;14362115;322033384;13.29;-6.57;-1.530
20250730;21.99;23.3;23.3;21.65;21144220;478070678;19.57;6.01;1.320
20250729;20.9;21.98;23.23;20.54;16653328;362766898;15.42;4.52;0.950
20250728;19.98;21.03;21.44;19.85;13862365;288408394;12.83;2.99;0.610
20250725;19.83;20.42;20.84;19.24;16371468;330622832;15.15;6.8;1.300
20250724;18.61;19.12;19.23;18.58;4501492;85058303;4.17;2.52;0.470
20250723;18.94;18.65;19.05;18.57;3275215;61540713;3.03;-2.1;-0.400
20250722;19.21;19.05;19.27;18.96;2922720;55842789;2.71;-0.68;-0.130
20250721;19.12;19.18;19.33;19.05;2662108;50997696;2.46;0.42;0.080
20250718;19.52;19.1;19.52;19.02;2559076;48970339;2.37;-0.98;-0.190
20250717;19.24;19.29;19.33;18.98;2410531;46242802;2.23;0.73;0.140
20250716;19.15;19.15;19.2;19.0;2547345;48688721;2.36;0.52;0.100
20250715;19.13;19.05;19.27;18.8;3055991;58009340;2.83;-0.78;-0.150
20250714;19.09;19.2;19.37;18.86;3777514;72551736;3.5;1.32;0.250
20250711;19.32;18.95;19.32;18.85;4016472;76357271;3.72;-1.86;-0.360
20250710;19.06;19.31;19.38;18.79;3959526;75636446;3.67;1.31;0.250
20250709;19.38;19.06;19.53;19.04;2946678;56595931;2.73;-1.9;-0.370
20250708;19.1;19.43;19.56;18.94;4274276;82867920;3.96;1.78;0.340
20250707;18.83;19.09;19.09;18.52;3184838;59962104;2.95;2.58;0.480
20250704;19.15;18.61;19.15;18.52;3509996;65714143;3.25;-2.46;-0.470
20250703;19.13;19.08;19.32;19.04;2588879;49588848;2.4;-0.26;-0.050
20250702;18.99;19.13;19.34;18.8;4166164;79465890;3.86;1.11;0.210
20250701;19.2;18.92;19.2;18.66;3291447;62281863;3.06;-1.3;-0.250
20250630;18.59;19.17;19.24;18.47;5039946;95457381;4.68;3.12;0.580
20250627;18.9;18.59;19.15;18.51;3862668;72151776;3.59;0.16;0.030
20250626;18.8;18.56;18.96;18.43;3933946;73397461;3.66;-0.85;-0.160
20250625;18.65;18.72;19.09;18.5;4143603;77725038;3.85;0.32;0.060
20250624;17.71;18.66;18.75;17.71;5366964;98678845;4.99;6.14;1.080
20250623;17.4;17.58;17.7;17.11;2897016;50752351;2.69;1.03;0.180
20250620;17.86;17.4;18.06;17.15;3747336;65661645;3.48;-2.58;-0.460
20250619;18.5;17.86;18.8;17.8;6019424;109425851;5.59;-3.46;-0.640
20250618;18.77;18.5;18.83;18.37;3487128;64531924;3.24;-1.7;-0.320
20250617;19.22;18.82;19.57;18.68;4434224;83789145;4.12;-2.54;-0.490
20250616;18.91;19.31;19.6;18.75;4101322;79050678;3.81;2.17;0.410
20250613;19.78;18.9;20.04;18.85;6316922;121395021;5.87;-3.96;-0.780
20250612;19.83;19.68;20.25;19.43;6560919;129922865;6.1;-1.25;-0.250
20250611;19.93;19.93;20.35;19.8;5122637;102535930;4.76;-1.34;-0.270
20250610;20.36;20.2;20.43;19.79;7137868;143579071;6.63;-1.94;-0.400
20250609;21.4;20.6;21.44;20.33;14391351;298251149;13.38;-3.74;-0.800
20250606;21.18;21.4;23.66;21.13;18284088;407453492;16.99;1.71;0.360
20250605;20.78;21.04;21.6;20.56;6901519;145704893;6.41;1.06;0.220
20250604;21.27;20.82;21.37;20.5;6484221;134564507;6.03;-1.47;-0.310
20250603;19.68;21.13;21.99;19.25;10746527;222689022;9.99;8.47;1.650
20250530;20.36;19.48;20.46;19.35;5766788;114122378;5.36;-2.89;-0.580
20250529;19.97;20.06;21.09;19.88;8355356;171205011;7.77;0.96;0.190
20250528;20.02;19.87;20.68;19.8;5632899;113528713;5.24;-1.29;-0.260
20250527;20.67;20.13;20.82;19.8;4456852;89554219;4.14;-1.03;-0.210
20250526;19.53;20.34;20.78;19.16;6838377;137197320;6.36;4.15;0.810
20250523;28.28;27.46;28.38;27.42;5276276;146755289;6.84;-4.92;-1.420
20250522;27.83;28.88;29.4;27.46;6702069;191507577;8.69;3.88;1.080
20250521;27.64;27.8;29.05;26.7;5711919;158587043;7.41;0.54;0.150
20250520;25.9;27.65;28.08;25.56;6138670;166530878;7.96;7.63;1.960
20250519;26.15;25.69;26.3;25.4;1945308;50067441;2.52;-1.15;-0.300
20250516;25.55;25.99;26.48;25.2;3351041;87134140;4.35;2.08;0.530
20250515;24.74;25.46;25.99;24.4;3032750;76893469;3.93;2.37;0.590
20250514;25.34;24.87;25.48;24.73;2228283;55706472;2.89;-1.89;-0.480
20250513;25.3;25.35;25.53;25.01;2391820;60374060;3.1;1.2;0.300
20250512;26.0;25.05;26.28;24.99;3450088;87750956;4.47;-2.15;-0.550
20250509;26.29;25.6;26.29;25.4;1671000;42866782;2.17;-1.27;-0.330
20250508;25.3;25.93;26.19;25.28;2554277;65813491;3.31;3.02;0.760
20250507;25.8;25.17;26.04;24.89;2656818;67563455;3.45;-0.91;-0.230
20250506;25.57;25.4;25.81;25.25;2307990;58704362;2.99;1.32;0.330
20250430;24.42;25.07;25.25;24.05;2321836;57495481;3.01;4.11;0.990
20250429;23.73;24.08;24.55;23.63;1968384;47559262;2.55;1.43;0.340
20250428;23.91;23.74;24.35;23.64;1484858;35454235;1.93;-0.67;-0.160
20250425;23.9;23.9;24.29;23.58;1566021;37380397;2.03;0.46;0.110
20250424;23.6;23.79;24.46;23.2;3682234;87804119;4.78;0.46;0.110
20250423;22.76;23.68;23.8;22.76;2637140;61807292;3.42;4.36;0.990
20250422;22.99;22.69;22.99;22.6;1209800;27519843;1.57;-0.83;-0.190
20250421;23.06;22.88;23.06;22.35;1911405;43511047;2.48;0.93;0.210
20250418;22.65;22.67;23.1;22.09;2248706;50618800;2.92;-0.35;-0.080
20250417;22.12;22.75;23.09;21.7;3124158;70833120;4.05;3.64;0.800
20250416;22.2;21.95;22.21;21.36;2126907;46306531;2.76;-1.13;-0.250
20250415;22.45;22.2;22.8;21.93;1853710;41293738;2.4;0.95;0.210
20250414;21.71;21.99;22.34;21.71;2443698;53792516;3.17;3.29;0.700
20250411;20.84;21.29;21.6;20.67;2458864;52227275;3.19;1.09;0.230
20250410;20.49;21.06;21.73;20.3;3774653;80189720;4.9;5.35;1.070
20250409;19.39;19.99;20.28;17.54;4102384;78314683;5.32;1.37;0.270
20250408;20.22;19.72;20.94;19.0;3971570;79227701;5.15;2.18;0.420
20250407;22.5;19.3;22.98;19.3;5139822;105596338;6.67;-20.02;-4.830
20250403;24.57;24.13;24.89;23.91;2296297;55878573;2.98;-3.13;-0.780
20250402;24.78;24.91;25.45;24.59;2250833;56462674;2.92;0.4;0.100
20250401;25.01;24.81;25.5;24.71;2627283;65862805;3.48;-1.55;-0.390
20250331;25.01;25.2;25.42;23.9;4475563;110182672;5.93;0.0;0.000
20250328;25.81;25.2;26.14;25.13;3357470;85602258;4.45;-1.83;-0.470
20250327;27.17;25.67;27.2;25.58;6182875;160607929;8.19;-5.52;-1.500
20250326;25.78;27.17;27.86;25.5;8279980;223179823;10.96;7.14;1.810
20250325;26.95;25.36;27.29;25.3;6446128;168505288;8.53;-6.18;-1.670
20250324;27.23;27.03;27.79;26.05;6949727;186450546;9.2;-1.89;-0.520
20250321;28.0;27.55;28.8;27.0;11678428;325942013;15.46;-8.17;-2.450
20250320;25.54;30.0;30.69;25.31;14888042;416438575;19.71;17.28;4.420
20250319;25.56;25.58;26.05;25.1;3543680;90672873;4.69;-0.08;-0.020
20250318;24.99;25.6;25.99;24.69;4921369;125309147;6.52;2.2;0.550
20250317;24.8;25.05;25.28;24.32;4243695;105524694;5.62;3.17;0.770
20250314;23.9;24.28;24.48;23.37;3269784;78531321;4.33;2.32;0.550
20250313;24.45;23.73;24.48;23.32;3728660;88678113;4.94;-3.42;-0.840
20250312;24.21;24.57;24.9;24.1;3984340;97667325;5.28;1.45;0.350
20250311;24.5;24.22;24.78;23.89;4319550;104673738;5.72;-3.51;-0.880
20250310;24.24;25.1;25.12;24.15;5719248;140919783;7.57;3.72;0.900
20250307;23.7;24.2;24.48;23.58;4093447;98794022;5.42;1.68;0.400
20250306;23.58;23.8;24.46;23.45;4044820;96887399;5.36;1.36;0.320
20250305;23.75;23.48;23.88;23.12;2926230;68633603;3.87;-0.42;-0.100
20250304;22.87;23.58;24.16;22.81;4173428;98452158;5.53;1.86;0.430
20250303;24.15;23.15;24.3;22.7;4948714;116082301;6.55;-2.53;-0.600
20250228;24.45;23.75;25.2;23.59;7056517;171351688;9.34;-2.86;-0.700
20250227;23.8;24.45;25.0;23.0;8170059;196030390;10.82;1.16;0.280
20250226;23.18;24.17;24.9;23.16;9984256;242156450;13.22;3.16;0.740
20250225;21.52;23.43;23.76;21.26;7989948;181681253;10.58;8.72;1.880
20250224;21.0;21.55;21.65;20.82;2913645;62111373;3.86;2.47;0.520
20250221;20.9;21.03;21.19;20.7;1735340;36434246;3.62;0.33;0.070
20250220;21.02;20.96;21.22;20.8;1697800;35577859;3.55;-0.47;-0.100
20250219;20.53;21.06;21.21;20.44;1567580;32977244;3.27;2.63;0.540
20250218;21.25;20.52;21.26;20.33;1426540;29717226;2.98;-3.3;-0.700
20250217;21.12;21.22;21.3;20.73;1925209;40314885;4.02;0.76;0.160
20250214;20.88;21.06;21.6;20.73;1439380;30461434;3.01;0.86;0.180
20250213;21.49;20.88;21.57;20.88;1622108;34299946;3.39;-2.88;-0.620
20250212;21.46;21.5;21.62;21.3;1015740;21761805;2.12;0.19;0.040
20250211;21.85;21.46;21.85;21.33;1303628;27961343;2.72;-1.56;-0.340
20250210;21.61;21.8;21.84;21.35;1307360;28203111;2.73;0.88;0.190
20250207;22.11;21.61;22.11;21.27;2197680;47637037;4.59;-0.64;-0.140
20250206;20.6;21.75;21.8;20.6;1669980;35705002;3.49;4.27;0.890
20250205;20.47;20.86;20.9;20.3;1233700;25511701;2.58;1.91;0.390
20250127;21.0;20.47;21.3;20.43;1111240;23034276;2.32;-1.78;-0.370
20250124;20.66;20.84;20.88;20.4;1037780;21447803;2.17;0.92;0.190
20250123;20.5;20.65;21.24;20.5;1468220;30643710;3.07;0.78;0.160
20250122;20.9;20.49;21.14;20.32;956140;19650146;2.0;-1.44;-0.300
20250121;20.95;20.79;21.0;20.2;1428340;29593497;2.98;0.14;0.030
20250120;20.58;20.76;20.95;20.52;1360160;28241568;2.84;2.06;0.420
20250117;20.44;20.34;20.7;20.11;978840;19886395;2.04;-0.54;-0.110
20250116;20.96;20.45;20.99;20.2;1298989;26673802;2.71;-0.97;-0.200
20250115;20.75;20.65;21.02;20.55;1250220;25954943;2.61;-0.43;-0.090
20250114;19.8;20.74;20.77;19.7;1873400;38304922;3.91;6.3;1.230
20250113;19.3;19.51;19.79;18.87;965420;18695631;2.02;0.83;0.160
20250110;19.74;19.35;20.29;19.35;1259260;24997956;2.63;-1.98;-0.390
20250109;19.7;19.74;20.02;19.54;908200;18033728;1.9;-0.1;-0.020
20250108;19.89;19.76;20.2;19.12;1304520;25622440;2.72;-1.3;-0.260
20250107;19.46;20.02;20.19;19.32;1078240;21399933;2.25;2.04;0.400
20250106;19.6;19.62;20.01;18.66;1299920;25322711;2.71;-0.3;-0.060
20250103;20.98;19.68;21.29;19.55;2435760;49193548;5.09;-6.2;-1.300
20250102;21.96;20.98;22.15;20.71;2056680;44064983;4.3;-4.33;-0.950