20251022;79.4;78.87;80.08;78.5;571820;45344283;1.83;-0.67;-0.530
20251021;79.3;79.4;79.97;78.5;633060;50147477;2.02;0.13;0.100
20251020;77.5;79.3;80.12;77.5;1058056;83851875;3.38;2.84;2.190
20251017;80.4;77.11;80.51;77.03;1162556;91525920;3.71;-3.92;-3.150
20251016;81.51;80.26;82.0;80.05;936020;75587727;2.99;-2.37;-1.950
20251015;81.09;82.21;82.88;80.02;1202185;98291403;3.84;1.39;1.130
20251014;84.38;81.08;85.88;80.81;1670526;138550170;5.33;-3.82;-3.220
20251013;83.4;84.3;85.01;81.0;2044597;170455533;6.53;-4.2;-3.700
20251010;90.0;88.0;93.94;87.32;2644490;240195260;8.44;-1.22;-1.090
20251009;89.23;89.09;90.44;86.66;1284440;114275459;4.1;-0.21;-0.190
20250930;88.63;89.28;91.47;88.03;1493620;133651567;4.77;0.96;0.850
20250929;89.2;88.43;90.19;87.87;1202942;106566245;3.84;-0.92;-0.820
20250926;91.32;89.25;92.7;89.25;1247380;113384104;3.98;-3.49;-3.230
20250925;92.0;92.48;92.98;91.24;1381865;127438653;4.41;0.1;0.090
20250924;89.0;92.39;92.74;88.0;1568962;142724888;5.01;3.14;2.810
20250923;92.0;89.58;92.32;87.78;1614920;144321155;5.16;-2.62;-2.410
20250922;91.48;92.39;93.13;91.42;1184585;109224797;3.78;0.99;0.910
20250919;93.41;91.48;94.77;90.7;1858942;171428116;5.94;-2.54;-2.380
20250918;95.04;93.86;97.9;92.6;2962079;283537693;9.46;-1.1;-1.040
20250917;94.6;94.9;96.13;94.06;1930241;183264558;6.16;-0.21;-0.200
20250916;91.23;95.1;95.5;91.19;3100190;291478461;9.9;4.24;3.870
20250915;91.01;91.23;93.31;90.26;1556557;143155316;4.97;0.1;0.090
20250912;92.66;91.14;92.88;90.02;1612035;147202157;5.15;-1.64;-1.520
20250911;87.01;92.66;93.0;86.56;2900072;263143566;9.26;6.02;5.260
20250910;87.39;87.4;89.58;86.86;1033980;90967188;3.3;-0.88;-0.780
20250909;89.99;88.18;89.99;87.7;1378387;121756177;4.4;-2.81;-2.550
20250908;87.24;90.73;91.6;86.2;2110819;190224136;6.74;4.34;3.770
20250905;84.6;86.96;87.0;84.01;1121318;96466809;3.58;3.06;2.580
20250904;87.31;84.38;88.98;82.65;1726954;148082868;5.51;-3.26;-2.840
20250903;90.68;87.22;92.6;87.21;1662090;147935392;5.31;-3.99;-3.620
20250902;92.99;90.84;93.3;87.19;3022650;272637891;9.65;-1.88;-1.740
20250901;91.04;92.58;93.3;90.8;1611160;148789858;5.14;1.5;1.370
20250829;93.0;91.21;94.45;90.68;2348714;216832612;7.5;-2.21;-2.060
20250828;93.55;93.27;95.78;90.5;2653976;246427546;8.47;-0.76;-0.710
20250827;94.25;93.98;100.48;93.55;3939030;379361722;12.58;1.0;0.930
20250826;94.92;93.05;95.04;93.0;1719460;161559756;4.96;-2.45;-2.340
20250825;94.46;95.39;96.66;94.3;2372520;226275853;6.85;0.89;0.840
20250822;94.0;94.55;96.2;92.62;2227900;210255315;6.43;0.67;0.630
20250821;94.48;93.92;99.0;92.67;3110833;296432090;8.98;-0.39;-0.370
20250820;94.2;94.29;94.78;92.57;1971928;184653068;5.69;-0.64;-0.610
20250819;93.41;94.9;96.58;91.3;3339478;314023040;9.64;1.75;1.630
20250818;92.18;93.27;93.88;91.27;2396148;221629470;6.92;1.18;1.090
20250815;90.83;92.18;92.53;90.6;1981380;181516402;5.72;1.49;1.350
20250814;93.0;90.83;93.5;89.8;2384051;218069302;6.88;-1.57;-1.450
20250813;89.99;92.28;93.39;89.01;2706148;247329762;7.81;2.33;2.100
20250812;89.19;90.18;91.86;88.27;2102140;189479439;6.07;1.27;1.130
20250811;88.88;89.05;90.56;88.6;1384591;124051531;4.0;0.28;0.250
20250808;91.0;88.8;91.0;88.68;1495847;133643495;4.32;-2.99;-2.740
20250807;90.21;91.54;92.18;89.21;2083407;188731317;6.01;0.33;0.300
20250806;88.91;91.24;92.2;87.58;2970280;267075295;8.57;0.64;0.580
20250805;92.47;90.66;92.8;89.86;1796886;163060479;5.19;-1.03;-0.940
20250804;86.81;91.6;92.88;86.77;3048664;276463078;8.8;5.31;4.620
20250801;85.01;86.98;87.77;84.64;1716980;148573817;4.96;1.84;1.570
20250731;83.88;85.41;87.99;83.82;1840300;159067358;5.31;1.1;0.930
20250730;86.22;84.48;86.22;83.61;1154560;97886483;3.33;-2.29;-1.980
20250729;86.02;86.46;87.09;85.5;930080;80159610;2.68;-0.39;-0.340
20250728;88.56;86.8;88.56;86.28;842420;73306185;2.43;-0.32;-0.280
20250725;86.36;87.08;87.48;85.86;1157200;100386370;3.34;0.83;0.720
20250724;85.4;86.36;87.65;85.4;1106780;96037504;3.19;1.12;0.960
20250723;85.95;85.4;86.17;85.1;911780;77971452;2.63;-1.02;-0.880
20250722;87.61;86.28;87.8;85.91;1259820;109221109;3.64;-1.57;-1.380
20250721;86.48;87.66;88.46;85.71;1769700;154416437;5.11;2.23;1.910
20250718;86.58;85.75;86.58;85.2;871672;74702539;2.52;-0.21;-0.180
20250717;86.15;85.93;87.88;85.0;1447640;125052692;4.18;-0.17;-0.150
20250716;83.77;86.08;86.75;83.54;1638920;140404158;4.73;2.76;2.310
20250715;84.51;83.77;85.5;82.86;1130915;94785578;3.26;-0.88;-0.740
20250714;82.16;84.51;85.82;82.16;1395140;117596157;4.03;2.32;1.920
20250711;80.51;82.59;83.39;80.23;983540;80751369;2.84;1.98;1.600
20250710;82.18;80.99;82.71;80.4;962360;78022340;2.78;-2.04;-1.690
20250709;82.15;82.68;84.5;82.15;1151280;96190443;3.32;0.65;0.530
20250708;81.12;82.15;82.8;80.56;725500;59586182;2.09;1.22;0.990
20250707;82.51;81.16;82.51;81.02;574640;46686352;1.66;-1.62;-1.340
20250704;82.25;82.5;85.8;81.55;920560;76347679;2.66;-0.7;-0.580
20250703;83.32;83.08;83.83;82.22;653500;54139646;1.89;-0.29;-0.240
20250702;86.08;83.32;87.0;82.98;936935;78998576;2.7;-3.22;-2.770
20250701;87.4;86.09;87.4;85.78;806920;69576894;2.33;-1.52;-1.330
20250630;86.0;87.42;88.71;86.0;1123400;98506972;3.24;2.02;1.730
20250627;86.08;85.69;87.48;85.39;878220;75439461;2.53;-0.43;-0.370
20250626;87.4;86.06;88.0;85.86;1003987;87274868;2.9;-1.54;-1.350
20250625;87.0;87.41;88.0;85.46;1453507;126123874;4.2;0.48;0.420
20250624;83.73;86.99;87.85;83.16;1555607;134151472;4.49;3.91;3.270
20250623;79.39;83.72;83.97;78.29;1125480;92036255;3.25;5.18;4.120
20250620;82.46;79.6;82.97;79.5;882613;71179694;2.55;-4.17;-3.460
20250619;120.0;116.84;121.29;116.5;756989;90241330;3.06;-2.74;-3.290
20250618;117.0;120.13;120.6;116.8;628500;74712654;2.54;1.99;2.340
20250617;117.5;117.79;119.3;116.9;446500;52533218;1.8;0.54;0.630
20250616;116.88;117.16;118.63;116.51;399921;46988204;1.62;-0.2;-0.240
20250613;118.9;117.4;120.37;117.1;470000;55631553;1.9;-1.3;-1.550
20250612;118.0;118.95;120.49;116.01;519100;61788525;2.1;0.63;0.740
20250611;118.9;118.21;119.07;117.0;377200;44677606;1.52;0.17;0.200
20250610;120.58;118.01;120.58;115.63;769300;90536391;3.11;-1.76;-2.110
20250609;121.65;120.12;122.55;119.7;722900;87351564;2.92;-1.1;-1.330
20250606;123.0;121.45;123.01;120.6;515800;62580793;2.08;-1.34;-1.650
20250605;120.83;123.1;123.68;119.02;679100;82638598;2.74;1.85;2.240
20250604;119.51;120.86;122.16;119.51;443800;53685587;1.79;0.65;0.780
20250603;118.0;120.08;121.01;117.71;400300;48063243;1.62;0.23;0.280
20250530;122.91;119.8;122.91;118.34;783198;94239073;3.16;-3.13;-3.870
20250529;121.0;123.67;124.5;121.0;862800;106286081;3.49;2.33;2.810
20250528;123.8;120.86;124.63;120.15;838600;102313342;3.39;-2.37;-2.940
20250527;126.0;123.8;126.36;122.6;739300;91772352;2.99;-1.66;-2.090
20250526;126.13;125.89;126.41;124.09;832000;104038935;3.36;-1.19;-1.510
20250523;124.45;127.4;133.87;124.1;1529938;197677714;6.18;1.9;2.370
20250522;125.42;125.03;128.03;124.8;574638;72421726;2.32;-1.01;-1.270
20250521;127.72;126.3;128.04;125.05;751000;94839322;3.03;-1.4;-1.790
20250520;129.92;128.09;130.3;126.7;848991;108863120;3.43;-1.41;-1.830
20250519;135.0;129.92;135.3;126.98;1701391;220141112;6.87;-4.83;-6.600
20250516;131.08;136.52;139.22;131.02;2063300;281416800;8.34;3.09;4.090
20250515;129.9;132.43;136.17;127.28;2033300;269170462;8.22;2.65;3.420
20250514;126.99;129.01;131.5;125.31;1058703;136753585;4.28;0.91;1.160
20250513;129.0;127.85;130.88;127.0;1231600;158759919;4.98;0.0;0.000
20250512;125.55;127.85;130.97;125.55;1638200;210562900;11.89;3.12;3.870
20250509;130.02;123.98;131.0;121.05;1870603;232920679;13.58;-6.13;-8.100
20250508;127.8;132.08;134.99;126.89;1975900;261144677;14.34;3.35;4.280
20250507;129.58;127.8;131.77;125.41;1693700;217996958;12.29;-0.37;-0.480
20250506;125.5;128.28;129.95;123.0;1983000;249911575;14.39;3.6;4.460
20250430;117.98;123.82;124.8;115.67;1892100;229295046;13.73;6.12;7.140
20250429;113.08;116.68;117.43;112.3;1069200;123609769;7.76;2.23;2.540
20250428;114.29;114.14;115.87;112.86;707600;80788940;5.14;-0.14;-0.160
20250425;114.88;114.3;116.0;112.6;888100;101830027;6.45;-1.06;-1.230
20250424;117.71;115.53;120.28;114.6;1200800;140597230;8.71;-2.67;-3.170
20250423;114.68;118.7;120.77;113.96;1813000;213680337;13.16;4.9;5.540
20250422;114.87;113.16;115.99;112.8;718500;81783225;5.21;-2.32;-2.690
20250421;110.44;115.85;116.5;109.91;1049600;119235126;7.62;3.72;4.160
20250418;112.61;111.69;114.83;111.11;656100;73572886;4.76;-1.6;-1.820
20250417;114.81;113.51;116.75;113.5;756100;86918084;5.49;-1.15;-1.320
20250416;116.45;114.83;117.23;113.3;843500;97090155;6.12;-1.4;-1.630
20250415;118.68;116.46;119.48;115.06;992100;115759479;7.2;-1.54;-1.820
20250414;116.0;118.28;120.28;115.98;1284800;151860845;9.32;3.74;4.260
20250411;110.24;114.02;115.85;110.07;1366000;155502105;9.91;1.97;2.200
20250410;114.52;111.82;115.9;110.0;1718600;194540281;12.47;4.34;4.650
20250409;99.0;107.17;108.5;91.9;1838000;187306036;13.34;4.07;4.190
20250408;101.1;102.98;107.2;99.52;1677200;172679016;12.17;2.16;2.180
20250407;111.16;100.8;119.0;100.8;1752700;189800353;12.72;-20.0;-25.200
20250403;129.5;126.0;134.0;125.72;1313439;169307706;9.53;-4.78;-6.330
20250402;127.12;132.33;135.55;127.12;1917900;252613751;13.92;4.84;6.110
20250401;128.52;126.22;129.32;126.13;928800;118333463;6.74;-2.14;-2.760
20250331;131.88;128.98;132.53;123.58;1479100;187394955;10.73;-3.89;-5.220
20250328;136.3;134.2;138.54;133.68;899500;121787741;6.53;-1.53;-2.080
20250327;138.59;136.28;140.4;135.6;847710;116990834;6.15;-2.06;-2.870
20250326;136.99;139.15;143.5;136.0;946310;132890730;6.87;0.4;0.550
20250325;142.19;138.6;144.0;137.53;1127000;158300128;8.18;-2.52;-3.580
20250324;142.62;142.18;146.09;137.69;1504671;212387422;10.92;-1.12;-1.610
20250321;154.0;143.79;154.0;143.01;2231700;326141788;16.2;-7.63;-11.880
20250320;162.16;155.67;162.95;153.86;2086272;326845452;15.14;-4.37;-7.110
20250319;159.85;162.78;172.0;156.38;2789000;454118478;20.24;0.69;1.120
20250318;164.0;161.66;166.64;159.0;2483900;402190914;18.03;-2.01;-3.320
20250317;144.8;164.98;166.0;143.8;4201499;653096835;30.49;14.29;20.630
20250314;137.2;144.35;145.33;135.1;2055496;288605038;14.92;4.25;5.890
20250313;151.0;138.46;153.0;136.68;2824900;404341123;20.5;-9.83;-15.090
20250312;147.0;153.55;155.5;145.0;3187900;481798184;23.14;5.01;7.330
20250311;143.0;146.22;148.5;142.6;1490091;216159506;10.81;0.15;0.220
20250310;149.0;146.0;149.5;143.01;1622400;237204620;11.77;-1.88;-2.800
20250307;145.0;148.8;154.07;143.38;2328300;347345334;16.9;2.2;3.200
20250306;147.5;145.6;152.15;145.0;2018218;298049991;14.65;1.12;1.610
20250305;142.69;143.99;145.88;140.51;1749500;250849234;12.7;0.57;0.820
20250304;133.0;143.17;145.66;132.2;2623198;368374378;19.04;7.06;9.440
20250303;135.5;133.73;137.45;132.0;1862544;251153692;13.52;-1.35;-1.830
20250228;149.99;135.56;150.87;135.01;3064660;429428156;22.24;-11.0;-16.750
20250227;151.82;152.31;157.95;147.02;3255073;497915672;23.62;-0.45;-0.690
20250226;146.58;153.0;159.0;144.85;4520918;692952472;32.81;5.63;8.150
20250225;144.02;144.85;148.88;142.9;2221000;322752752;16.12;-1.78;-2.620
20250224;149.0;147.47;152.59;143.0;2699513;398038331;19.59;-2.63;-3.980
20250221;148.0;151.45;152.73;145.5;2942782;438482650;21.36;1.15;1.720
20250220;152.99;149.73;153.06;146.5;3416500;511820748;24.79;-4.14;-6.470
20250219;141.0;156.2;159.5;141.0;4165900;637684716;30.23;9.08;13.000
20250218;149.53;143.2;149.94;142.48;2824100;411064241;20.49;-6.41;-9.800
20250217;143.88;153.0;153.84;143.39;3889607;579274056;28.23;5.1;7.430
20250214;149.88;145.57;150.0;143.4;3778781;551267961;27.42;-3.68;-5.560
20250213;160.6;151.13;167.08;151.13;4829074;762313028;35.05;-7.3;-11.900
20250212;152.0;163.03;173.01;148.38;5661575;913618385;41.09;6.08;9.350
20250211;156.0;153.68;161.28;151.5;5317301;825663266;38.59;-3.35;-5.330
20250210;135.0;159.01;166.0;132.99;7652424;1144641209;55.53;14.33;19.930
20250207;122.8;139.08;146.3;121.0;7315842;986353424;53.09;14.07;17.160
20250206;108.95;121.92;128.4;108.3;4228238;511858906;30.68;10.96;12.040
20250205;104.51;109.88;114.5;104.51;2551800;279033996;18.52;5.44;5.670
20250127;109.99;104.21;110.05;104.11;2134800;225490688;15.49;-5.26;-5.780
20250124;106.0;109.99;110.46;104.66;2807538;303906160;20.37;2.4;2.580
20250123;104.56;107.41;110.28;103.02;2834600;304854130;20.57;3.53;3.660
20250122;106.15;103.75;106.94;103.0;1910800;200146978;13.87;-4.02;-4.350
20250121;105.8;108.1;108.28;104.23;2623100;280097495;19.04;2.58;2.720
20250120;110.5;105.38;111.05;105.28;2709454;289175266;19.66;-3.74;-4.100
20250117;101.18;109.48;111.41;101.18;3893526;420454402;28.26;6.81;6.980
20250116;105.6;102.5;107.2;101.69;1878500;196109022;13.63;-2.34;-2.460
20250115;107.0;104.96;108.55;104.2;2236200;236307739;16.23;-1.39;-1.480
20250114;98.56;106.44;106.57;98.56;3498100;362582257;25.39;7.46;7.390
20250113;97.3;99.05;106.68;97.3;2816080;286855624;20.44;-1.84;-1.860
20250110;95.18;100.91;109.87;95.18;3160676;324929029;22.94;4.79;4.610
20250109;93.79;96.3;98.3;93.15;1653700;158281244;12.0;1.59;1.510
20250108;92.0;94.79;96.68;89.7;1492000;139270196;10.83;2.99;2.750
20250107;88.8;92.04;92.36;88.8;884600;80119663;6.42;3.89;3.450
20250106;89.8;88.59;91.19;87.26;1117400;99335061;8.11;-2.0;-1.810
20250103;98.78;90.4;99.9;90.4;1315207;123786102;9.54;-8.27;-8.150
20250102;99.89;98.55;102.3;97.11;978000;97018065;7.1;-1.45;-1.450