20251022;59.6;59.55;60.31;58.71;1019370;60435641;2.13;0.08;0.050
20251021;59.56;59.5;59.93;58.03;1346322;79556271;2.81;-0.1;-0.060
20251020;60.49;59.56;61.76;58.51;2465052;147971864;5.15;-1.54;-0.930
20251017;62.11;60.49;63.2;59.26;3519515;214656768;7.36;-1.64;-1.010
20251016;56.73;61.5;62.76;55.39;4141225;252339855;8.66;9.82;5.500
20251015;52.0;56.0;56.72;52.0;2294855;125594406;4.8;7.51;3.910
20251014;55.59;52.09;56.0;51.8;1738180;92522377;3.63;-2.6;-1.390
20251013;53.0;53.48;54.59;44.02;2268339;120459824;4.74;-2.05;-1.120
20251010;56.1;54.6;57.97;54.49;1763828;99186957;3.69;-2.69;-1.510
20251009;57.3;56.11;58.69;55.8;1628770;92386499;3.4;-1.77;-1.010
20250930;56.4;57.12;57.8;55.14;1698760;96314732;3.55;2.88;1.600
20250929;53.83;55.52;56.75;53.2;1922080;105813147;4.02;3.02;1.630
20250926;56.65;53.89;57.0;53.56;2282560;125501703;4.77;-5.46;-3.110
20250925;59.31;57.0;59.36;56.48;1830890;105653489;3.83;-3.88;-2.300
20250924;58.65;59.3;60.38;58.0;1423061;84438934;2.97;1.0;0.590
20250923;59.87;58.71;60.45;57.08;2121630;124253450;4.43;-1.54;-0.920
20250922;59.11;59.63;61.3;58.5;2173108;129785891;4.54;0.88;0.520
20250919;61.19;59.11;61.65;57.87;2511496;149343010;5.25;-2.97;-1.810
20250918;61.52;60.92;62.85;60.23;2191794;135215728;4.58;-2.57;-1.610
20250917;61.64;62.53;63.42;60.6;2589143;160339942;5.41;1.46;0.900
20250916;64.62;61.63;65.7;60.2;4729092;293962406;9.89;-4.99;-3.240
20250915;60.51;64.87;67.5;60.43;6467275;415515471;13.52;7.38;4.460
20250912;61.39;60.41;62.97;59.65;6006857;366265582;12.56;-0.69;-0.420
20250911;64.27;60.83;67.0;60.01;9684841;618870565;20.24;-6.77;-4.420
20250910;56.1;65.25;66.0;56.1;6643177;420950983;13.89;13.3;7.660
20250909;56.08;57.59;59.48;55.0;5371494;306681650;11.23;4.46;2.460
20250908;47.45;55.13;55.8;46.58;4649901;243956133;9.72;16.26;7.710
20250905;44.2;47.42;47.49;43.6;2880326;133008842;6.02;7.7;3.390
20250904;44.88;44.03;46.5;43.66;2472444;109618862;5.17;-1.17;-0.520
20250903;45.1;44.55;46.57;43.4;2450986;108803698;5.12;1.25;0.550
20250902;45.4;44.0;45.51;42.67;3557454;156796796;7.44;-2.98;-1.350
20250901;42.46;45.35;45.64;42.46;4300465;191495065;8.99;6.91;2.930
20250829;40.01;42.42;42.85;40.0;4498123;187036127;9.4;6.56;2.610
20250828;37.06;39.81;39.85;36.0;4276392;162857503;8.94;3.92;1.500
20250827;40.15;38.31;41.36;38.05;4694558;186919609;9.81;-5.99;-2.440
20250826;40.32;40.75;44.07;39.88;5469717;226733281;11.43;1.07;0.430
20250825;38.94;40.32;40.85;38.28;3622431;143822894;7.57;5.36;2.050
20250822;37.5;38.27;38.47;36.5;3811497;143712833;7.97;2.35;0.880
20250821;35.33;37.39;38.7;35.16;4729526;176696146;9.89;5.77;2.040
20250820;33.99;35.35;35.43;33.69;2153794;74993313;4.5;3.3;1.130
20250819;34.69;34.22;34.81;33.65;2289689;78531343;4.79;-1.33;-0.460
20250818;31.9;34.68;34.69;31.85;4101262;137316481;8.57;8.65;2.760
20250815;31.22;31.92;31.99;30.8;2224413;69819761;4.65;2.34;0.730
20250814;31.03;31.19;33.0;30.87;3539281;112039462;7.4;0.52;0.160
20250813;30.36;31.03;31.34;29.94;2011809;61481280;4.21;2.82;0.850
20250812;30.21;30.18;30.4;29.9;1070478;32241667;2.24;-0.1;-0.030
20250811;30.15;30.21;30.44;29.94;1267192;38284908;2.65;0.2;0.060
20250808;30.58;30.15;30.98;30.12;1630050;49646859;3.41;-1.89;-0.580
20250807;30.65;30.73;31.19;30.47;2245250;69167854;4.69;-0.07;-0.020
20250806;29.96;30.75;31.02;29.05;3699501;111963827;7.73;4.66;1.370
20250805;29.46;29.38;29.75;29.1;1494890;43975023;3.12;-0.07;-0.020
20250804;28.41;29.4;29.44;28.13;2169810;62759403;4.54;3.78;1.070
20250801;28.53;28.33;28.53;27.69;2047590;57556608;4.28;-0.11;-0.030
20250731;28.3;28.36;28.7;28.1;1253450;35600586;2.62;0.14;0.040
20250730;28.57;28.32;28.86;27.91;2007670;56723072;4.2;-1.7;-0.490
20250729;29.42;28.81;29.8;28.31;2337910;67621354;4.89;-2.07;-0.610
20250728;28.8;29.42;29.59;28.8;1621739;47418168;3.39;1.94;0.560
20250725;28.68;28.86;28.96;28.49;1034340;29770871;2.16;0.66;0.190
20250724;28.76;28.67;29.4;28.4;1461685;42130109;3.06;0.17;0.050
20250723;29.29;28.62;29.3;28.3;1567090;45000009;3.28;-1.45;-0.420
20250722;28.9;29.04;30.11;28.74;2815220;82748344;5.88;0.83;0.240
20250721;29.47;28.8;29.47;28.19;2568120;74047376;5.37;-1.0;-0.290
20250718;28.01;29.09;29.5;27.97;3804970;110200106;7.95;3.49;0.980
20250717;27.15;28.11;28.52;27.04;2677980;74691786;5.6;3.54;0.960
20250716;27.28;27.15;27.42;27.03;1146670;31181281;2.4;-0.29;-0.080
20250715;26.99;27.23;27.45;26.8;1803594;48810297;3.77;0.85;0.230
20250714;26.65;27.0;27.12;26.43;1203794;32310480;2.52;1.66;0.440
20250711;26.72;26.56;26.96;26.17;1570360;41577401;3.28;-1.01;-0.270
20250710;27.07;26.83;27.41;26.7;1233950;33229112;2.58;-1.29;-0.350
20250709;26.97;27.18;27.27;26.77;1842780;49819949;3.85;0.48;0.130
20250708;27.27;27.05;27.42;27.01;1735200;47089663;3.63;-1.24;-0.340
20250707;26.69;27.39;27.5;26.5;2073880;56354350;4.34;2.47;0.660
20250704;27.62;26.73;27.71;26.6;3604590;97502729;7.53;-2.8;-0.770
20250703;27.38;27.5;28.58;26.96;4282829;117931998;8.95;-0.54;-0.150
20250702;27.18;27.65;29.88;26.7;7168705;199312118;14.98;-2.19;-0.620
20250701;25.73;28.27;29.87;25.73;7903390;219885850;16.52;10.3;2.640
20250630;25.13;25.63;26.99;24.6;4205895;108061375;8.79;3.22;0.800
20250627;24.65;24.83;25.0;24.37;1245600;30784545;2.6;0.73;0.180
20250626;24.75;24.65;24.94;24.28;955020;23547431;2.0;0.24;0.060
20250625;24.42;24.59;25.05;24.11;1525680;37474079;3.19;1.61;0.390
20250624;23.36;24.2;24.49;23.31;2109980;50531378;4.41;3.51;0.820
20250623;22.8;23.38;23.84;22.39;1979980;46124253;4.14;3.27;0.740
20250620;22.89;22.64;23.13;22.43;818210;18605211;1.71;-1.05;-0.240
20250619;23.29;22.88;23.66;22.8;1423530;32951489;2.98;-2.1;-0.490
20250618;23.71;23.37;23.71;22.97;1462100;33971494;3.06;-0.64;-0.150
20250617;24.06;23.52;24.11;23.39;1097991;26002883;2.3;-2.16;-0.520
20250616;24.1;24.04;24.46;23.9;1192780;28751136;2.49;-0.12;-0.030
20250613;24.82;24.07;24.88;24.02;1255740;30533152;2.62;-3.14;-0.780
20250612;24.97;24.85;25.2;24.59;1189350;29582186;2.49;0.4;0.100
20250611;24.6;24.75;24.98;24.53;1029720;25466197;2.15;0.12;0.030
20250610;24.51;24.72;25.47;24.43;1724550;42958353;3.6;0.08;0.020
20250609;24.22;24.7;25.02;24.22;1363350;33638347;2.85;1.69;0.410
20250606;24.33;24.29;24.54;24.11;811561;19684026;1.7;-0.04;-0.010
20250605;24.77;24.3;24.91;24.2;1495280;36438865;3.13;-2.02;-0.500
20250604;24.9;24.8;25.14;24.56;1130560;27997157;2.36;0.45;0.110
20250603;24.97;24.69;24.97;24.22;1814890;44734066;3.79;-1.04;-0.260
20250530;25.22;24.95;25.52;24.87;1578320;39786022;3.3;-1.62;-0.410
20250529;25.11;25.36;25.5;25.1;1185741;29988807;2.48;1.04;0.260
20250528;25.25;25.31;25.7;25.12;1346790;34049283;2.82;-0.71;-0.180
20250527;25.43;25.49;25.77;25.16;1729020;43965319;3.61;0.24;0.060
20250526;25.85;25.43;26.1;25.29;2099215;53796037;4.39;-1.59;-0.410
20250523;25.97;25.84;26.35;25.44;2952071;76629297;6.17;-1.6;-0.420
20250522;24.71;26.26;26.31;24.71;4550340;117421986;9.51;4.75;1.190
20250521;25.6;25.07;25.6;24.68;2358270;58859463;4.93;-0.67;-0.170
20250520;24.7;25.24;25.88;24.3;3822170;96461501;7.99;2.39;0.590
20250519;24.0;24.65;24.85;23.55;2967310;71906259;6.2;1.86;0.450
20250516;23.66;24.2;25.26;23.65;4427190;109064068;9.25;1.04;0.250
20250515;22.65;23.95;24.24;22.55;4139027;97913985;8.65;5.51;1.250
20250514;22.73;22.7;22.95;22.24;1791250;40392688;3.74;-0.39;-0.090
20250513;23.78;22.79;23.89;22.75;2830100;65697917;5.92;-2.81;-0.660
20250512;22.47;23.45;23.68;22.4;3885750;89796810;8.12;6.2;1.370
20250509;22.34;22.08;22.62;21.9;2719087;60429019;5.68;-0.54;-0.120
20250508;20.92;22.2;22.8;20.92;4216497;93401001;8.81;5.66;1.190
20250507;20.97;21.01;21.16;20.56;2033431;42501292;4.25;1.11;0.230
20250506;20.16;20.78;20.78;20.1;2471914;50677450;5.17;4.63;0.920
20250430;19.98;19.86;20.34;19.86;1773200;35559562;3.71;-1.29;-0.260
20250429;19.97;20.12;20.28;19.27;1761324;35136050;3.68;-0.3;-0.060
20250428;20.6;20.18;20.85;19.92;1309300;26498644;2.74;-1.13;-0.230
20250425;20.1;20.41;20.7;19.89;1303340;26468822;2.72;1.85;0.370
20250424;20.32;20.04;20.48;19.82;1884010;37952664;3.94;-1.52;-0.310
20250423;19.8;20.35;20.5;19.8;1593390;32184716;3.33;3.14;0.620
20250422;19.72;19.73;19.99;19.55;1170910;23134529;2.45;0.25;0.050
20250421;19.33;19.68;19.83;19.11;1070880;20980911;2.24;1.81;0.350
20250418;19.43;19.33;19.64;19.08;1064470;20582182;2.23;-0.51;-0.100
20250417;19.3;19.43;19.65;19.19;1054240;20565111;2.2;0.41;0.080
20250416;19.8;19.35;19.98;18.98;1618180;31450248;3.38;-3.2;-0.640
20250415;19.78;19.99;20.66;19.63;1842290;36742322;3.85;0.81;0.160
20250414;19.21;19.83;20.04;19.19;2251150;44285105;4.71;4.92;0.930
20250411;18.76;18.9;19.23;18.76;1379630;26200360;2.88;0.43;0.080
20250410;18.73;18.82;19.34;18.62;2184270;41652043;4.57;2.67;0.490
20250409;17.55;18.33;18.52;16.19;3402679;59464665;7.11;1.5;0.270
20250408;18.15;18.06;18.91;17.55;2979940;54102886;6.23;0.84;0.150
20250407;21.0;17.91;21.0;17.9;3746270;69515105;7.83;-19.97;-4.470
20250403;22.58;22.38;22.98;22.09;1404390;31568355;2.94;-2.27;-0.520
20250402;22.59;22.9;23.27;22.53;1192830;27378512;2.49;1.37;0.310
20250401;22.68;22.59;23.06;22.51;1158350;26347965;2.42;0.89;0.200
20250331;22.47;22.39;22.49;21.74;1308880;28861503;2.74;0.49;0.110
20250328;22.82;22.28;22.92;22.2;1671790;37637432;3.49;-1.94;-0.440
20250327;23.0;22.72;23.15;22.44;1146040;26066888;2.4;-1.73;-0.400
20250326;22.82;23.12;23.43;22.57;1225990;28409267;2.56;1.58;0.360
20250325;22.99;22.76;23.28;22.35;1625910;37150560;3.4;-1.17;-0.270
20250324;24.25;23.03;24.26;22.24;2562620;59279670;5.36;-4.2;-1.010
20250321;24.5;24.04;24.76;23.95;2049490;49743409;4.28;-2.55;-0.630
20250320;24.5;24.67;25.01;24.18;2658927;65661789;5.56;0.98;0.240
20250319;24.39;24.43;24.67;24.28;2208740;54021561;4.62;0.33;0.080
20250318;24.02;24.35;24.65;24.0;2023990;49194854;4.23;1.37;0.330
20250317;24.05;24.02;24.36;23.73;2311450;55546110;4.83;0.08;0.020
20250314;23.5;24.0;24.0;23.05;2112560;49919020;4.42;2.61;0.610
20250313;23.58;23.39;23.76;23.0;1864030;43409022;3.9;-1.64;-0.390
20250312;24.0;23.78;24.16;23.64;2178920;51894252;4.55;-0.71;-0.170
20250311;23.38;23.95;24.23;23.38;2375703;56625955;4.97;0.8;0.190
20250310;23.45;23.76;24.06;23.25;3400130;80441218;7.11;0.64;0.150
20250307;23.39;23.61;24.16;23.3;3116900;73743969;6.52;0.38;0.090
20250306;23.44;23.52;23.87;23.4;2511720;59270044;5.25;0.17;0.040
20250305;23.43;23.48;23.59;22.86;1771330;41138546;3.7;0.21;0.050
20250304;22.82;23.43;23.44;22.62;2394030;55660630;5.0;2.14;0.490
20250303;23.42;22.94;23.76;22.83;2666570;61993738;5.57;-2.01;-0.470
20250228;24.64;23.41;24.77;23.23;3263831;77313845;6.82;-5.3;-1.310
20250227;25.09;24.72;25.2;24.22;3969302;97990176;8.3;-1.55;-0.390
20250226;25.88;25.11;25.99;24.81;5834292;147511698;12.2;-1.49;-0.380
20250225;23.9;25.49;26.58;23.9;10063700;255687103;21.04;4.9;1.190
20250224;21.74;24.3;25.5;21.61;10165363;242358365;21.25;11.78;2.560
20250221;21.8;21.74;21.88;21.5;1327130;28759932;2.77;0.23;0.050
20250220;21.44;21.69;21.77;21.33;1401950;30276575;2.93;1.21;0.260
20250219;21.06;21.43;21.54;20.86;1377925;29503456;2.88;1.76;0.370
20250218;21.49;21.06;21.59;20.82;1550602;33025690;3.24;-2.0;-0.430
20250217;20.98;21.49;21.66;20.67;1904630;40606281;3.98;3.07;0.640
20250214;20.55;20.85;20.95;20.51;959810;19938674;2.01;1.46;0.300
20250213;21.26;20.55;21.26;20.55;1347591;28071373;2.82;-3.34;-0.710
20250212;21.44;21.26;21.44;21.08;1079865;22904297;2.26;-0.14;-0.030
20250211;21.4;21.29;21.44;21.1;886780;18836548;1.85;-0.51;-0.110
20250210;21.55;21.4;21.55;21.1;1284770;27341039;2.69;0.23;0.050
20250207;21.24;21.35;21.69;21.05;1401194;29962468;2.93;0.52;0.110
20250206;20.87;21.24;21.28;20.73;1127390;23727069;2.36;1.87;0.390
20250205;21.05;20.85;21.14;20.65;1224374;25517816;2.56;0.0;0.000
20250127;21.72;20.85;21.72;20.84;1057664;22409213;2.21;-2.84;-0.610
20250124;20.6;21.46;21.75;20.56;1905290;40350602;3.98;3.92;0.810
20250123;21.09;20.65;21.2;20.59;1043830;21848022;2.18;-0.48;-0.100
20250122;21.0;20.75;21.0;20.65;662050;13782636;1.38;-1.28;-0.270
20250121;21.2;21.02;21.28;20.65;887850;18550285;1.86;0.0;0.000
20250120;20.9;21.02;21.18;20.77;1123427;23572376;2.35;1.59;0.330
20250117;20.43;20.69;20.78;20.22;1061410;21769304;2.22;0.93;0.190
20250116;20.74;20.5;21.06;20.15;1510690;31213618;3.16;-1.16;-0.240
20250115;20.35;20.74;21.47;20.04;2366320;49204201;4.95;2.93;0.590
20250114;19.28;20.15;20.15;19.12;1182980;23368913;2.47;5.55;1.060
20250113;19.0;19.09;19.2;18.46;1012600;19132101;2.12;0.0;0.000
20250110;19.87;19.09;20.17;19.02;816990;16002782;1.71;-4.21;-0.840
20250109;19.96;19.93;20.18;19.83;670572;13416490;1.4;-0.05;-0.010
20250108;19.89;19.94;20.28;19.41;1056210;21014361;2.21;-1.24;-0.250
20250107;19.48;20.19;20.28;19.48;1376820;27444458;2.88;3.54;0.690
20250106;19.2;19.5;19.81;18.4;1453160;28228885;3.04;1.56;0.300
20250103;20.3;19.2;20.48;19.09;1546070;30549624;3.23;-5.14;-1.040
20250102;20.56;20.24;21.1;20.06;1573905;32516162;3.29;-1.56;-0.320