20251022;29.41;27.57;29.45;27.55;42890295;1215431179;8.05;-7.89;-2.360
20251021;28.52;29.93;29.98;28.36;28622903;839384220;5.37;5.46;1.550
20251020;28.78;28.38;28.97;28.08;17386955;496307509;3.26;0.46;0.130
20251017;30.02;28.25;30.38;28.24;30028464;870354324;5.63;-5.86;-1.760
20251016;31.5;30.01;31.5;29.97;35387091;1082317847;6.64;-5.18;-1.640
20251015;30.67;31.65;32.08;29.94;42958366;1349124310;8.06;3.77;1.150
20251014;32.18;30.5;33.08;30.41;43788621;1386177899;8.22;-4.66;-1.490
20251013;30.77;31.99;32.74;30.15;45183175;1420004162;8.48;-1.6;-0.520
20251010;32.91;32.51;32.91;31.84;52610080;1699277925;9.87;-3.36;-1.130
20251009;30.6;33.64;35.15;30.36;92662904;3101322799;17.39;10.77;3.270
20250930;30.25;30.37;30.75;29.7;24544219;740563793;4.61;1.1;0.330
20250929;29.83;30.04;30.35;29.37;17745895;530105569;3.33;0.33;0.100
20250926;31.2;29.94;31.44;29.94;27376048;837000301;5.14;-5.07;-1.600
20250925;30.84;31.54;31.85;30.71;33421228;1053615156;6.27;2.1;0.650
20250924;30.38;30.89;30.95;29.73;25248581;770664923;4.74;1.35;0.410
20250923;31.6;30.48;31.72;29.8;35810831;1096552041;6.72;-4.48;-1.430
20250922;31.8;31.91;32.3;31.17;39769658;1268573007;7.46;2.11;0.660
20250919;30.95;31.25;31.88;30.72;34640262;1082026988;6.5;1.66;0.510
20250918;31.16;30.74;32.22;30.13;44288324;1388792873;8.31;-1.38;-0.430
20250917;30.96;31.17;31.54;30.66;32955049;1026976765;6.18;0.23;0.070
20250916;29.25;31.1;31.17;29.18;44919217;1372487934;8.43;5.78;1.700
20250915;29.82;29.4;30.14;29.39;19180207;570743194;3.6;-1.67;-0.500
20250912;30.0;29.9;30.5;29.79;26972772;810731764;5.06;-1.25;-0.380
20250911;29.39;30.28;30.5;28.99;34973136;1045571509;6.56;1.88;0.560
20250910;29.29;29.72;30.12;29.16;35363852;1050693454;6.64;3.37;0.970
20250909;29.54;28.75;29.63;28.63;21823443;632550158;4.1;-3.62;-1.080
20250908;29.48;29.83;29.85;28.85;27706894;812917926;5.2;1.12;0.330
20250905;28.69;29.5;29.63;28.38;25037564;726797885;4.7;3.33;0.950
20250904;29.9;28.55;30.13;28.03;29587353;860294723;5.55;-3.38;-1.000
20250903;30.46;29.55;30.8;29.31;27421469;824704206;5.15;-2.51;-0.760
20250902;32.46;30.31;32.47;30.1;45194974;1396467811;8.48;-6.31;-2.040
20250901;32.8;32.35;32.8;31.61;36258829;1166884884;6.8;-0.34;-0.110
20250829;33.56;32.46;33.6;32.3;50803658;1666779377;9.53;-4.73;-1.610
20250828;33.5;34.07;34.31;32.16;79317019;2653402476;14.88;2.59;0.860
20250827;32.75;33.21;35.86;32.31;94380647;3204097655;17.71;2.75;0.890
20250826;31.5;32.32;33.15;31.18;56626369;1836432033;10.63;2.02;0.640
20250825;32.0;31.68;32.45;31.38;55007277;1751560753;10.32;0.32;0.100
20250822;29.55;31.58;32.61;29.54;70036032;2184193087;13.14;6.12;1.820
20250821;30.66;29.76;30.78;29.62;38522789;1159221447;7.23;-1.88;-0.570
20250820;29.5;30.33;30.33;29.03;43376469;1292946113;8.14;1.92;0.570
20250819;29.62;29.76;30.06;29.37;37736329;1121869651;7.08;-0.17;-0.050
20250818;28.34;29.81;30.21;28.34;57305375;1685178123;10.75;5.19;1.470
20250815;28.06;28.34;28.64;28.05;24570815;695628822;4.61;1.0;0.280
20250814;29.1;28.06;29.1;27.84;38495697;1095491062;7.22;-3.34;-0.970
20250813;28.85;29.03;29.28;28.6;32665004;944359086;6.13;0.8;0.230
20250812;28.81;28.8;29.08;28.5;24450418;703230251;4.59;-0.41;-0.120
20250811;28.83;28.92;29.32;28.68;30922707;895503701;5.8;0.31;0.090
20250808;29.44;28.83;29.68;28.82;36675902;1069237061;6.88;-2.3;-0.680
20250807;29.45;29.51;29.95;29.09;51408432;1515278225;9.65;-0.91;-0.270
20250806;28.7;29.78;30.17;28.5;80228297;2361016225;15.05;3.22;0.930
20250805;27.93;28.85;29.49;27.45;77107793;2195746350;14.47;4.15;1.150
20250804;26.79;27.7;27.88;26.78;36531739;1000788997;6.85;2.14;0.580
20250801;26.42;27.12;27.92;26.07;52534198;1433321635;9.86;3.04;0.800
20250731;26.32;26.32;27.36;26.23;33711392;905207080;6.33;-0.6;-0.160
20250730;27.3;26.48;27.42;26.22;33497700;897186224;6.29;-3.46;-0.950
20250729;27.23;27.43;27.6;27.01;28819742;786606592;5.41;-0.4;-0.110
20250728;26.68;27.54;27.66;26.22;52682809;1429275571;9.89;4.28;1.130
20250725;26.2;26.41;26.49;26.12;16818983;441996776;3.16;0.53;0.140
20250724;26.12;26.27;26.32;26.07;14912616;390423325;2.8;0.31;0.080
20250723;26.39;26.19;26.55;26.08;21464976;563365436;4.03;-1.73;-0.460
20250722;27.0;26.65;27.12;26.46;22359580;596794698;4.2;-1.26;-0.340
20250721;26.6;26.99;27.16;26.41;24352334;655416946;4.57;1.66;0.440
20250718;26.7;26.55;27.0;26.35;21620174;575014710;4.06;-0.93;-0.250
20250717;26.58;26.8;26.96;26.24;22287341;594399566;4.18;1.48;0.390
20250716;26.68;26.41;27.19;26.31;26334629;703984791;4.94;-1.01;-0.270
20250715;26.15;26.68;26.69;26.07;27023182;715008393;5.07;2.34;0.610
20250714;26.26;26.07;26.32;25.9;12170580;317146110;2.28;-0.84;-0.220
20250711;26.08;26.29;26.4;25.72;17104086;447130158;3.21;0.84;0.220
20250710;26.06;26.07;26.26;25.86;13620971;354949465;2.56;-0.23;-0.060
20250709;26.7;26.13;26.74;26.08;21406081;564696634;4.02;-2.39;-0.640
20250708;26.02;26.77;26.79;25.9;23504898;624135493;4.41;3.36;0.870
20250707;26.22;25.9;26.27;25.6;13704480;354768105;2.57;-1.18;-0.310
20250704;26.51;26.21;26.76;26.02;22473177;592621061;4.22;-1.06;-0.280
20250703;26.79;26.84;27.2;26.6;20602144;553761830;3.87;-0.15;-0.040
20250702;27.71;26.88;27.82;26.68;27564745;743999023;5.17;-3.97;-1.110
20250701;28.36;27.99;28.46;27.82;37849370;1062884634;7.1;-2.24;-0.640
20250630;27.3;28.63;29.55;27.2;61694275;1738139481;11.58;6.0;1.620
20250627;26.48;27.01;27.5;26.14;45505251;1231821497;8.54;2.7;0.710
20250626;26.59;26.3;26.93;26.28;24438380;649528401;4.59;-1.61;-0.430
20250625;26.39;26.73;26.86;26.25;28631610;760331802;5.37;1.6;0.420
20250624;25.4;26.31;26.33;25.4;29898120;781849026;5.61;4.03;1.020
20250623;24.68;25.29;25.34;24.65;14122493;354257780;2.65;1.12;0.280
20250620;25.51;25.01;26.19;25.01;21448131;545076249;4.02;-2.68;-0.690
20250619;25.8;25.7;26.6;25.51;25375038;659828251;4.76;-0.5;-0.130
20250618;25.92;25.83;26.08;25.42;18332490;471764898;3.44;-0.27;-0.070
20250617;25.7;25.9;26.37;25.26;22856044;589245901;4.29;0.82;0.210
20250616;25.2;25.69;26.1;25.06;17463554;448769918;3.28;1.66;0.420
20250613;26.0;25.27;26.0;25.1;22265158;565870670;4.18;-3.07;-0.800
20250612;26.09;26.07;26.7;25.89;19750555;519681204;3.71;-0.69;-0.180
20250611;26.2;26.25;27.07;26.0;22860380;605667222;4.29;0.77;0.200
20250610;27.06;26.05;27.3;25.8;35942034;946186597;6.74;-4.65;-1.270
20250609;26.38;27.32;28.24;26.38;43143998;1179627390;8.1;3.8;1.000
20250606;26.2;26.32;26.68;25.9;21197007;556140322;3.98;0.0;0.000
20250605;25.71;26.32;26.55;25.41;26865442;700468403;5.04;2.57;0.660
20250604;25.55;25.66;26.05;25.43;15840078;407998985;2.97;0.0;0.000
20250603;25.69;25.66;26.24;25.57;17646095;456394483;3.31;-1.38;-0.360
20250530;27.15;26.02;27.29;25.76;28505560;746075514;5.35;-3.88;-1.050
20250529;25.91;27.07;27.09;25.9;31819612;845296789;5.97;5.33;1.370
20250528;26.05;25.7;26.26;25.59;13547625;350197234;2.54;-1.23;-0.320
20250527;26.7;26.02;26.73;25.85;16111256;420410836;3.02;-2.62;-0.700
20250526;26.17;26.72;26.76;26.0;19012572;501542540;3.57;1.98;0.520
20250523;27.02;26.2;27.13;26.14;23450343;623835776;4.4;-3.5;-0.950
20250522;26.66;27.15;27.7;26.44;30056935;817786758;5.64;0.97;0.260
20250521;27.56;26.89;27.56;26.69;18996535;511541922;3.56;-1.97;-0.540
20250520;27.42;27.43;27.78;27.02;17321687;474450023;3.25;-0.25;-0.070
20250519;27.61;27.5;27.86;26.85;25232449;688134003;4.73;-1.36;-0.380
20250516;27.4;27.88;28.58;27.4;25250791;708070556;4.74;0.43;0.120
20250515;28.87;27.76;28.87;27.68;32349408;904417845;6.07;-4.28;-1.240
20250514;29.41;29.0;29.87;28.71;45062976;1312831597;8.46;-2.23;-0.660
20250513;29.64;29.66;30.29;29.14;55065619;1633828538;10.33;1.16;0.340
20250512;28.61;29.32;29.34;28.26;48370928;1393536257;9.08;4.79;1.340
20250509;29.3;27.98;29.5;27.95;49852868;1417787231;9.35;-6.3;-1.880
20250508;28.58;29.86;30.58;28.56;79772267;2372998598;14.97;5.1;1.450
20250507;29.24;28.41;29.5;27.88;57372785;1627024299;10.77;-1.01;-0.290
20250506;26.65;28.7;29.1;26.36;81618703;2271551857;15.32;12.9;3.280
20250430;23.96;25.42;25.61;23.85;42588558;1061232385;7.99;3.12;0.770
20250429;24.39;24.65;24.98;24.18;22081565;545708552;4.14;0.61;0.150
20250428;25.0;24.5;25.28;24.38;20968038;516469067;3.93;-1.53;-0.380
20250425;24.6;24.88;25.75;24.45;32134088;805299585;6.03;1.68;0.410
20250424;25.29;24.47;25.34;24.38;23766464;587194401;4.46;-2.94;-0.740
20250423;24.68;25.21;25.65;24.54;42122118;1057988008;7.9;3.83;0.930
20250422;25.23;24.28;25.28;24.27;29304603;719233500;5.5;-3.34;-0.840
20250421;24.0;25.12;25.18;23.77;45066195;1100516847;8.46;-0.87;-0.220
20250418;25.23;25.34;25.57;25.12;19325808;489826687;3.63;0.56;0.140
20250417;25.21;25.2;25.75;25.1;19997596;508561763;3.75;-0.04;-0.010
20250416;25.89;25.21;26.06;24.8;26722178;677128139;5.01;-3.41;-0.890
20250415;26.2;26.1;26.65;25.7;25092454;654289226;4.71;-0.72;-0.190
20250414;26.28;26.29;26.98;26.12;38994812;1032609633;7.32;2.3;0.590
20250411;25.23;25.7;26.25;25.16;36217590;929681550;6.8;1.54;0.390
20250410;25.74;25.31;26.86;25.3;60601717;1571558275;11.37;5.11;1.230
20250409;22.91;24.08;24.35;21.23;52330289;1216050807;9.82;2.21;0.520
20250408;23.5;23.56;24.38;22.85;50522047;1194673630;9.48;1.33;0.310
20250407;25.35;23.25;26.78;23.25;60084543;1481870707;11.27;-19.99;-5.810
20250403;30.89;29.06;31.44;28.85;60293228;1804802058;11.31;-8.85;-2.820
20250402;31.77;31.88;32.72;31.5;34317922;1098328392;6.44;0.95;0.300
20250401;32.3;31.58;32.45;31.3;31540317;1001000322;5.92;-2.41;-0.780
20250331;30.9;32.36;32.4;30.73;42228951;1340969459;7.92;3.62;1.130
20250328;31.5;31.23;32.47;31.05;23966793;758075288;4.5;-0.26;-0.080
20250327;30.98;31.31;32.07;30.7;27338338;861173777;5.13;0.38;0.120
20250326;31.0;31.19;31.84;30.98;24424022;767657767;4.58;1.66;0.510
20250325;32.2;30.68;32.65;30.6;34976107;1094576772;6.56;-5.37;-1.740
20250324;32.88;32.42;33.42;31.44;42549471;1374703562;7.98;-1.01;-0.330
20250321;34.96;32.75;34.99;32.68;54890100;1840626338;10.3;-8.6;-3.080
20250320;35.39;35.83;36.8;34.99;66286106;2378763612;12.44;2.64;0.920
20250319;34.9;34.91;36.28;34.6;45591323;1610478702;8.55;-0.26;-0.090
20250318;34.2;35.0;35.8;33.64;55666269;1948117339;10.45;3.4;1.150
20250317;33.9;33.85;34.28;33.22;31089778;1051711710;5.83;-0.15;-0.050
20250314;32.38;33.9;34.11;32.06;40950511;1372465043;7.68;3.86;1.260
20250313;34.65;32.64;34.87;32.3;56516282;1876975455;10.6;-6.74;-2.360
20250312;34.6;35.0;35.86;34.15;44185755;1548616903;8.29;2.04;0.700
20250311;34.5;34.3;35.2;33.79;45732240;1570026563;8.58;-2.86;-1.010
20250310;35.23;35.31;36.72;34.5;44707879;1589830959;8.39;-0.76;-0.270
20250307;36.8;35.58;37.36;35.16;60119130;2177394989;11.28;-4.76;-1.780
20250306;35.0;37.36;38.76;34.96;93214364;3449378893;17.49;5.69;2.010
20250305;34.0;35.35;35.67;33.66;67910885;2349004058;12.74;3.36;1.150
20250304;33.38;34.2;34.55;33.01;58353664;1989456784;10.95;2.67;0.890
20250303;33.33;33.31;34.24;32.18;58972643;1966042235;11.07;-0.24;-0.080
20250228;34.7;33.39;34.87;33.04;54297348;1831666905;10.19;-3.78;-1.310
20250227;36.42;34.7;36.63;33.96;92220667;3230824413;17.3;-5.63;-2.070
20250226;36.56;36.77;37.68;36.11;69667371;2562751696;13.07;-1.08;-0.400
20250225;35.88;37.17;39.18;35.88;96019875;3584594871;18.03;1.2;0.440
20250224;38.64;36.73;39.2;36.2;118415190;4473532020;22.24;-2.96;-1.120
20250221;41.23;37.85;44.44;37.8;160200575;6601409578;30.09;-9.9;-4.160
20250220;41.21;42.01;42.8;39.36;132703297;5414839171;24.92;1.97;0.810
20250219;36.66;41.2;41.2;36.1;134983881;5106599694;25.35;14.44;5.200
20250218;35.98;36.0;37.5;35.15;88172738;3192645428;16.56;-1.69;-0.620
20250217;35.19;36.62;37.5;34.41;100102723;3613989963;18.8;1.86;0.670
20250214;37.93;35.95;38.3;35.6;103421626;3826749177;19.42;-3.1;-1.150
20250213;38.5;37.1;38.5;35.98;113104721;4194176908;21.24;-6.29;-2.490
20250212;37.2;39.59;41.48;36.44;126653493;4902247468;23.79;8.17;2.990
20250211;36.83;36.6;40.59;36.2;143917479;5480586415;27.03;1.64;0.590
20250210;36.97;36.01;37.31;34.9;112218748;4009903052;21.08;-0.8;-0.290
20250207;35.5;36.3;37.86;34.53;144093928;5223655997;27.07;2.98;1.050
20250206;29.48;35.25;36.74;29.36;163081414;5545501259;30.63;15.12;4.630
20250205;31.19;30.62;32.39;29.5;126774098;3933040013;23.81;1.66;0.500
20250127;30.35;30.12;32.28;29.67;125912716;3866825452;23.65;-0.76;-0.230
20250124;27.99;30.35;30.58;27.41;147748875;4268509810;27.75;10.16;2.800
20250123;28.73;27.55;29.46;27.0;137172178;3850974179;25.77;-1.96;-0.550
20250122;28.45;28.1;28.45;26.48;151673546;4178180219;28.49;-2.06;-0.590
20250121;27.01;28.69;28.69;27.01;133245056;3773428830;25.03;19.99;4.780
20250120;20.59;23.91;24.5;20.38;106080629;2382327913;19.93;16.81;3.440
20250117;19.64;20.47;20.76;19.47;44029115;888061778;8.27;3.49;0.690
20250116;20.44;19.78;20.62;19.62;41440943;831680102;7.78;-2.13;-0.430
20250115;19.63;20.21;21.18;19.51;59690016;1215864584;11.21;2.95;0.580
20250114;18.68;19.63;19.68;18.25;35513299;683384450;6.67;5.71;1.060
20250113;18.45;18.57;19.06;18.19;25746234;478911098;4.84;-2.11;-0.400
20250110;19.55;18.97;19.8;18.94;32927255;639136360;6.18;-3.31;-0.650
20250109;18.68;19.62;20.64;18.67;53984158;1072010426;10.14;4.47;0.840
20250108;18.45;18.78;19.15;17.97;42715883;795747725;8.02;0.91;0.170
20250107;17.75;18.61;18.88;17.58;37188951;681371275;6.99;4.85;0.860
20250106;18.37;17.75;18.85;17.53;31982927;580587309;6.01;-2.37;-0.430
20250103;19.3;18.18;19.48;18.12;32453493;608927892;6.1;-5.41;-1.040
20250102;20.03;19.22;20.15;18.99;38352040;749752188;7.2;-4.62;-0.930