20251022;11.1;11.04;11.13;10.94;9941690;109563204;1.04;-0.81;-0.090
20251021;11.02;11.13;11.23;10.9;12212405;135800243;1.28;1.09;0.120
20251020;11.01;11.01;11.18;10.98;11895346;131608840;1.25;-0.09;-0.010
20251017;10.95;11.02;11.47;10.94;21299223;237993481;2.24;0.73;0.080
20251016;11.04;10.94;11.07;10.87;8064500;88425741;0.85;-1.0;-0.110
20251015;11.03;11.05;11.09;10.95;8985510;99097560;0.94;0.36;0.040
20251014;11.14;11.01;11.25;10.97;13000804;144504474;1.37;-0.72;-0.080
20251013;10.7;11.09;11.18;10.7;13168200;145338482;1.38;-0.09;-0.010
20251010;10.92;11.1;11.15;10.87;16984800;187459808;1.78;1.65;0.180
20251009;10.85;10.92;10.99;10.75;11938600;130193583;1.25;1.11;0.120
20250930;10.65;10.8;10.93;10.56;13356300;143917667;1.4;1.5;0.160
20250929;10.57;10.64;10.75;10.41;11154148;117900806;1.17;2.11;0.220
20250926;10.45;10.42;10.55;10.31;8475900;88405499;0.89;0.0;0.000
20250925;10.6;10.42;10.62;10.41;7560500;79272046;0.79;-1.23;-0.130
20250924;10.35;10.55;10.57;10.28;6525900;68544215;0.69;1.64;0.170
20250923;10.61;10.38;10.65;10.21;10907100;112935442;1.15;-2.63;-0.280
20250922;10.79;10.66;10.79;10.52;7665300;81323720;0.81;-1.2;-0.130
20250919;10.7;10.79;10.82;10.64;8516327;91509582;0.89;1.31;0.140
20250918;10.86;10.65;10.99;10.61;14160527;153288457;1.49;-2.2;-0.240
20250917;10.86;10.89;10.98;10.83;7937544;86526353;0.83;-0.46;-0.050
20250916;11.1;10.94;11.14;10.85;9732449;106509362;1.02;-0.82;-0.090
20250915;11.06;11.03;11.09;10.88;10984748;120462433;1.15;-0.18;-0.020
20250912;10.95;11.05;11.1;10.92;13786000;151754604;1.45;0.91;0.100
20250911;10.81;10.95;10.96;10.73;11196469;121837765;1.18;0.83;0.090
20250910;10.96;10.86;10.98;10.79;12338508;134032726;1.3;-1.63;-0.180
20250909;11.0;11.04;11.19;10.97;17157217;190440209;1.8;0.36;0.040
20250908;11.07;11.0;11.2;10.92;15677214;172904247;1.65;-1.35;-0.150
20250905;10.79;11.15;11.17;10.72;20565888;225527466;2.16;3.43;0.370
20250904;10.5;10.78;10.98;10.48;20110417;216210539;2.11;2.67;0.280
20250903;10.67;10.5;10.7;10.44;12037341;126820041;1.26;-1.32;-0.140
20250902;10.71;10.64;10.72;10.52;9433638;100174556;0.99;-0.84;-0.090
20250901;10.71;10.73;10.75;10.61;8640413;92306612;0.91;-0.19;-0.020
20250829;10.78;10.75;10.84;10.68;10931500;117674625;1.15;-0.19;-0.020
20250828;10.72;10.77;10.86;10.49;14029103;149757309;1.47;0.47;0.050
20250827;11.06;10.72;11.08;10.71;20868978;227429608;2.19;-2.99;-0.330
20250826;11.14;11.05;11.15;10.97;15438838;170829670;1.62;-1.25;-0.140
20250825;11.0;11.19;11.36;11.0;27587122;307941738;2.9;1.18;0.130
20250822;11.13;11.06;11.13;10.97;17660553;195051059;1.86;-0.9;-0.100
20250821;11.6;11.16;11.6;11.08;37059625;416270099;3.89;-2.79;-0.320
20250820;11.55;11.48;11.59;11.22;33747062;383796433;3.55;-1.63;-0.190
20250819;11.42;11.67;11.96;11.28;49419075;574536035;5.19;3.27;0.370
20250818;10.85;11.3;11.4;10.85;39960798;447659108;4.2;4.63;0.500
20250815;10.61;10.8;10.83;10.61;17094156;183689282;1.8;0.65;0.070
20250814;10.88;10.73;11.14;10.7;22274721;242975518;2.34;-1.38;-0.150
20250813;10.88;10.88;10.98;10.8;15281038;166036384;1.61;0.0;0.000
20250812;11.06;10.88;11.07;10.83;19699858;214681046;2.07;-2.16;-0.240
20250811;11.17;11.12;11.18;10.92;33194460;367989631;3.49;3.44;0.370
20250808;10.64;10.75;10.85;10.56;18567806;198696842;1.95;0.94;0.100
20250807;10.58;10.65;10.68;10.52;14364407;152341641;1.51;0.85;0.090
20250806;10.68;10.56;10.68;10.52;16752184;177035781;1.76;-1.31;-0.140
20250805;10.8;10.7;10.82;10.6;13381501;142939654;1.41;-0.65;-0.070
20250804;10.64;10.77;10.77;10.6;10096214;107879493;1.06;0.65;0.070
20250801;10.8;10.7;10.92;10.67;14934902;160960207;1.57;-1.65;-0.180
20250731;11.01;10.88;11.05;10.84;24479402;267185587;2.57;-1.81;-0.200
20250730;11.18;11.08;11.34;11.03;28495749;317330536;2.99;-1.95;-0.220
20250729;11.19;11.3;11.44;10.98;41202400;461117694;4.33;1.35;0.150
20250728;11.25;11.15;11.27;11.06;30331333;338274107;3.19;-1.68;-0.190
20250725;11.98;11.34;12.06;11.3;67715689;783411472;7.12;-6.74;-0.820
20250724;11.53;12.16;12.58;11.53;85290009;1029164848;8.96;0.5;0.060
20250723;13.5;12.1;13.5;12.04;141604053;1812527023;14.88;-1.39;-0.170
20250722;12.27;12.27;12.27;12.03;20479658;251230772;2.15;10.04;1.120
20250721;11.15;11.15;11.15;10.97;30781120;343042921;3.23;9.96;1.010
20250718;10.0;10.14;10.29;10.0;12228400;124305902;1.29;1.6;0.160
20250717;9.95;9.98;10.09;9.94;5679526;56734323;0.6;0.1;0.010
20250716;9.96;9.97;10.06;9.92;6663106;66561626;0.7;-0.7;-0.070
20250715;10.1;10.04;10.16;9.91;11371515;113664974;1.2;-1.18;-0.120
20250714;10.12;10.16;10.51;10.11;15326090;157363639;1.61;0.49;0.050
20250711;10.2;10.11;10.25;10.09;9867400;100159613;1.04;-0.59;-0.060
20250710;10.03;10.17;10.18;9.96;10373903;104824380;1.09;1.7;0.170
20250709;10.15;10.0;10.15;9.97;8288700;83160887;0.87;-1.38;-0.140
20250708;10.1;10.14;10.24;10.05;9380256;95062228;0.99;0.9;0.090
20250707;9.85;10.05;10.1;9.82;10630700;106215056;1.12;1.93;0.190
20250704;10.19;9.86;10.19;9.84;14250900;141930803;1.5;-2.95;-0.300
20250703;10.16;10.16;10.24;10.08;9186688;93346344;0.97;0.3;0.030
20250702;10.02;10.13;10.23;9.9;10880088;109751246;1.14;0.5;0.050
20250701;10.08;10.09;10.22;10.0;10929000;110237457;1.15;0.3;0.030
20250630;10.28;10.06;10.38;10.01;13999800;141416095;1.47;-1.37;-0.140
20250627;10.0;10.2;10.27;9.99;17940557;181755146;1.89;2.31;0.230
20250626;9.88;9.97;10.2;9.85;21033110;210691023;2.21;0.81;0.080
20250625;9.88;9.89;10.06;9.79;16659228;164837702;1.75;0.1;0.010
20250624;9.8;9.88;9.95;9.77;17273959;170021688;1.82;0.2;0.020
20250623;9.9;9.86;9.92;9.6;30875278;301753641;3.24;-1.1;-0.110
20250620;9.04;9.97;9.97;9.03;41603642;398283728;4.37;10.04;0.910
20250619;9.07;9.06;9.3;9.01;9743390;88997062;1.02;-0.55;-0.050
20250618;9.04;9.11;9.28;8.97;9768913;88909031;1.03;0.89;0.080
20250617;9.04;9.03;9.1;8.99;5672601;51255783;0.6;-0.11;-0.010
20250616;9.01;9.04;9.13;9.0;7145845;64771493;0.75;0.0;0.000
20250613;9.15;9.04;9.16;8.97;9163800;82962016;0.96;-1.42;-0.130
20250612;9.09;9.17;9.19;9.03;7290600;66371970;0.77;0.55;0.050
20250611;9.0;9.12;9.24;8.97;10648300;97332295;1.12;1.56;0.140
20250610;9.0;8.98;9.09;8.9;5816200;52324362;0.61;-0.66;-0.060
20250609;8.9;9.04;9.05;8.9;6192157;55661090;0.65;1.12;0.100
20250606;8.91;8.94;8.99;8.89;5776645;51709609;0.61;0.34;0.030
20250605;8.92;8.91;8.98;8.84;4363900;38779951;0.46;-0.11;-0.010
20250604;8.77;8.92;8.96;8.73;6474047;57553048;0.68;1.71;0.150
20250603;8.73;8.77;8.79;8.68;4573600;40002890;0.48;0.0;0.000
20250530;8.92;8.77;8.92;8.75;6868500;60409551;0.72;-1.68;-0.150
20250529;8.86;8.92;8.96;8.85;4643261;41441561;0.49;0.34;0.030
20250528;9.01;8.89;9.02;8.85;6671601;59346802;0.7;-1.33;-0.120
20250527;8.96;9.01;9.03;8.88;5966000;53406015;0.63;0.33;0.030
20250526;9.09;8.98;9.26;8.95;10851100;98548193;1.14;0.11;0.010
20250523;8.89;8.97;9.15;8.87;9801003;88698296;1.03;0.79;0.070
20250522;9.04;8.9;9.06;8.9;5363536;48060962;0.56;-1.55;-0.140
20250521;9.06;9.04;9.25;8.97;8328057;75532019;0.88;-0.22;-0.020
20250520;9.02;9.06;9.12;8.96;6420758;57931873;0.67;-0.33;-0.030
20250519;8.84;9.09;9.1;8.81;12350874;111033128;1.3;3.06;0.270
20250516;8.9;8.82;8.95;8.8;8795034;77913968;0.92;-1.45;-0.130
20250515;9.02;8.95;9.4;8.95;16400911;149983553;1.72;-0.44;-0.040
20250514;8.9;8.99;9.01;8.86;8716400;77916557;0.92;0.78;0.070
20250513;9.08;8.92;9.12;8.88;6410400;57459454;0.67;-0.56;-0.050
20250512;8.95;8.97;9.04;8.88;6191800;55456127;0.65;1.01;0.090
20250509;9.08;8.88;9.09;8.87;7288300;65015735;0.77;-1.99;-0.180
20250508;9.03;9.06;9.2;9.02;6680287;60760769;0.7;-0.88;-0.080
20250507;9.15;9.14;9.3;9.04;8045200;73602115;0.85;1.33;0.120
20250506;8.91;9.02;9.03;8.83;7624602;68320795;0.8;1.81;0.160
20250430;8.91;8.86;9.08;8.83;5835400;52030089;0.61;-0.56;-0.050
20250429;8.78;8.91;8.97;8.68;6229400;55324943;0.65;1.71;0.150
20250428;9.09;8.76;9.1;8.75;11674447;102963517;1.23;-3.31;-0.300
20250425;9.07;9.06;9.29;9.06;7194743;65949427;0.76;-0.22;-0.020
20250424;9.14;9.08;9.26;8.97;6102700;55475963;0.64;-0.55;-0.050
20250423;9.18;9.13;9.31;9.12;4231600;38848576;0.44;-0.54;-0.050
20250422;9.15;9.18;9.28;9.03;6904400;63312742;0.73;0.55;0.050
20250421;9.06;9.13;9.25;8.93;6058900;55215302;0.64;0.77;0.070
20250418;8.92;9.06;9.16;8.79;7963243;71257098;0.84;0.89;0.080
20250417;8.74;8.98;9.29;8.7;11616915;104902463;1.22;1.93;0.170
20250416;9.08;8.81;9.09;8.76;8273715;73516034;0.87;-2.97;-0.270
20250415;9.16;9.08;9.25;9.07;5249100;47889752;0.55;-1.2;-0.110
20250414;9.34;9.19;9.39;9.16;7703700;71426870;0.81;-0.65;-0.060
20250411;9.22;9.25;9.34;9.17;5733600;53138884;0.6;-0.32;-0.030
20250410;9.03;9.28;9.35;8.99;10135210;93309970;1.07;3.92;0.350
20250409;8.74;8.93;9.02;8.39;12108101;105856618;1.27;0.11;0.010
20250408;8.88;8.92;9.14;8.71;15761735;139731890;1.66;-1.44;-0.130
20250407;9.9;9.05;9.9;9.05;12843100;119062762;1.35;-9.95;-1.000
20250403;9.95;10.05;10.14;9.95;4394600;44134010;0.46;0.2;0.020
20250402;9.95;10.03;10.08;9.88;5434900;54387516;0.57;1.01;0.100
20250401;9.98;9.93;10.06;9.91;5118600;51025490;0.54;-0.7;-0.070
20250331;10.18;10.0;10.23;9.92;7188331;72045846;0.76;-1.77;-0.180
20250328;10.25;10.18;10.26;10.14;4620925;47074484;0.49;-0.68;-0.070
20250327;10.28;10.25;10.28;10.14;3819619;39050564;0.4;-0.29;-0.030
20250326;10.2;10.28;10.33;10.18;3983845;40943608;0.42;0.19;0.020
20250325;10.33;10.26;10.38;10.13;6327895;64673990;0.66;-0.58;-0.060
20250324;10.47;10.32;10.5;10.23;7497100;77420600;0.79;-1.62;-0.170
20250321;10.57;10.49;10.62;10.45;5555600;58465617;0.58;-0.76;-0.080
20250320;10.78;10.57;10.78;10.55;7883900;83915590;0.83;-2.13;-0.230
20250319;10.77;10.8;10.84;10.62;7290400;78252020;0.77;0.28;0.030
20250318;10.93;10.77;10.94;10.75;6555300;70806508;0.69;-0.83;-0.090
20250317;10.85;10.86;11.04;10.85;9051200;99083399;0.95;0.18;0.020
20250314;10.92;10.84;10.99;10.8;11244975;122265622;1.18;-0.73;-0.080
20250313;10.65;10.92;11.04;10.65;13918900;151557727;1.46;1.96;0.210
20250312;10.66;10.71;10.97;10.61;15267739;164339607;1.6;0.47;0.050
20250311;10.15;10.66;10.77;10.11;19350139;202054236;2.03;4.0;0.410
20250310;10.2;10.25;10.27;10.15;6486800;66252689;0.68;0.59;0.060
20250307;10.28;10.19;10.34;10.15;6841201;70043196;0.72;-1.26;-0.130
20250306;10.2;10.32;10.38;10.09;11846900;120958256;1.24;1.18;0.120
20250305;10.32;10.2;10.36;9.76;22153998;222212578;2.33;-1.54;-0.160
20250304;10.38;10.36;10.38;10.26;6808039;70265709;0.72;-0.29;-0.030
20250303;10.35;10.39;10.53;10.23;9770375;101967215;1.03;1.27;0.130
20250228;10.41;10.26;10.48;10.21;9947076;102767279;1.05;-2.01;-0.210
20250227;10.55;10.47;10.65;10.4;8676101;91261005;0.91;-0.38;-0.040
20250226;10.43;10.51;10.56;10.33;8844744;92631140;0.93;1.15;0.120
20250225;10.31;10.39;10.74;10.23;10037101;104942755;1.05;0.19;0.020
20250224;10.44;10.37;10.55;10.34;8896301;92776358;0.93;-0.86;-0.090
20250221;10.48;10.46;10.51;10.29;10087801;104724460;1.06;0.29;0.030
20250220;10.54;10.43;10.57;10.4;7216519;75406660;0.76;-1.51;-0.160
20250219;10.39;10.59;10.6;10.33;8199700;86015321;0.86;1.83;0.190
20250218;10.58;10.4;10.6;10.34;10196801;106696504;1.07;-1.79;-0.190
20250217;10.66;10.59;10.73;10.56;9495400;100817197;1.0;-1.03;-0.110
20250214;10.78;10.7;10.9;10.65;7222866;77577975;0.76;-0.83;-0.090
20250213;10.87;10.79;10.94;10.76;7828344;84799138;0.82;-0.74;-0.080
20250212;10.7;10.87;10.88;10.64;11581854;124517623;1.22;1.49;0.160
20250211;10.81;10.71;11.0;10.63;7981000;85439355;0.84;-1.11;-0.120
20250210;10.72;10.83;10.93;10.62;12358100;132952740;1.3;1.12;0.120
20250207;10.59;10.71;10.83;10.59;10609504;113920596;1.11;1.23;0.130
20250206;10.45;10.58;10.58;10.33;7223780;75804841;0.76;1.05;0.110
20250205;10.51;10.47;10.58;10.32;8633500;90396791;0.91;1.95;0.200
20250127;10.35;10.27;10.53;10.23;6077000;62913204;0.64;-0.58;-0.060
20250124;10.33;10.33;10.41;10.2;7120800;73577688;0.75;0.0;0.000
20250123;10.53;10.33;10.65;10.33;7624180;79963575;0.8;-1.15;-0.120
20250122;10.59;10.45;10.66;10.37;7027900;73309121;0.74;-1.97;-0.210
20250121;10.88;10.66;10.96;10.61;8529306;91249320;0.9;-1.57;-0.170
20250120;10.8;10.83;11.18;10.78;14007950;153651030;1.47;2.36;0.250
20250117;10.47;10.58;10.73;10.42;7909640;83983625;0.83;0.76;0.080
20250116;10.42;10.5;10.65;10.4;8245968;86763596;0.87;0.77;0.080
20250115;10.53;10.42;10.55;10.3;9608900;99906015;1.01;-0.95;-0.100
20250114;10.28;10.52;10.59;10.24;12216600;127605614;1.28;2.14;0.220
20250113;10.57;10.3;10.57;10.27;10154700;105340886;1.07;-3.38;-0.360
20250110;10.86;10.66;11.17;10.66;10493501;114432288;1.1;-1.2;-0.130
20250109;10.93;10.79;10.93;10.71;8902800;96277988;0.94;-2.0;-0.220
20250108;10.56;11.01;11.25;10.49;21184191;232965354;2.23;4.26;0.450
20250107;10.4;10.56;10.63;10.26;7735300;80797170;0.81;3.02;0.310
20250106;10.25;10.25;10.43;10.15;7016100;72057469;0.74;0.59;0.060
20250103;10.54;10.19;10.62;10.17;9475854;97899126;1.0;-3.32;-0.350
20250102;10.81;10.54;10.96;10.41;9365100;100476686;0.98;-2.23;-0.240