20251022;17.31;16.96;17.42;16.95;11575589;197998654;1.97;-3.03;-0.530
20251021;17.08;17.49;17.55;16.9;16571426;286749199;2.81;2.58;0.440
20251020;17.94;17.05;18.1;16.86;20627233;357802267;3.5;-2.18;-0.380
20251017;18.5;17.43;18.54;17.39;24811562;443063425;4.21;-6.29;-1.170
20251016;19.52;18.6;19.58;18.55;26551192;503220323;4.51;-4.71;-0.920
20251015;19.49;19.52;19.75;19.19;16898860;328410890;2.87;-0.1;-0.020
20251014;20.41;19.54;20.7;19.44;25043734;504022538;4.25;-2.74;-0.550
20251013;19.18;20.09;20.3;19.18;24730124;491807831;4.2;1.26;0.250
20251010;20.0;19.84;20.88;19.69;34676879;696354603;5.89;-3.36;-0.690
20251009;18.63;20.53;20.76;18.45;43746519;864495234;7.43;8.8;1.660
20250930;18.14;18.87;19.08;18.06;27928460;520007045;4.74;3.68;0.670
20250929;17.39;18.2;18.26;17.24;23937167;427962144;4.07;4.54;0.790
20250926;17.51;17.41;18.07;17.32;21111671;372530474;3.59;-1.42;-0.250
20250925;17.68;17.66;18.16;17.62;17953128;319913427;3.05;-1.67;-0.300
20250924;17.41;17.96;18.24;17.23;28443338;503169488;4.83;2.98;0.520
20250923;17.58;17.44;17.59;17.02;22545423;390519878;3.83;-1.52;-0.270
20250922;17.0;17.71;17.93;17.0;29062371;508934470;4.94;4.73;0.800
20250919;16.06;16.91;17.08;16.05;30520572;513200041;5.18;4.64;0.750
20250918;16.18;16.16;16.73;15.85;24000778;389411315;4.08;-1.88;-0.310
20250917;16.76;16.47;16.85;16.38;14991924;247964369;2.55;-2.02;-0.340
20250916;16.68;16.81;16.97;16.48;14290126;240157183;2.43;0.48;0.080
20250915;17.07;16.73;17.07;16.72;12713306;214128930;2.16;-1.93;-0.330
20250912;16.94;17.06;17.16;16.68;15648838;264815637;2.66;1.13;0.190
20250911;16.82;16.87;16.95;16.53;16174091;271357359;2.75;-0.35;-0.060
20250910;17.2;16.93;17.39;16.76;22525325;383961403;3.83;-2.98;-0.520
20250909;16.44;17.45;17.9;16.39;32984481;561275704;5.6;5.89;0.970
20250908;16.11;16.48;16.72;16.11;18294474;302065921;3.11;1.42;0.230
20250905;15.97;16.25;16.25;15.91;13411379;216242450;2.28;1.75;0.280
20250904;16.36;15.97;16.67;15.71;21754236;352719025;3.7;-2.92;-0.480
20250903;16.27;16.45;16.8;16.09;26184710;431885529;4.45;1.11;0.180
20250902;16.56;16.27;16.7;16.08;24938107;407754668;4.24;-3.1;-0.520
20250901;16.71;16.79;17.27;16.5;34502959;580582746;5.86;-1.81;-0.310
20250829;18.28;17.1;18.52;16.8;50494851;879688776;8.58;-2.95;-0.520
20250828;19.71;17.62;19.71;17.29;64478113;1174986339;10.95;-7.02;-1.330
20250827;17.82;18.95;18.95;17.81;49098877;910757197;8.34;9.98;1.720
20250826;15.5;17.23;17.23;15.21;32909649;535075616;5.59;10.03;1.570
20250825;15.3;15.66;15.86;15.13;26396569;408424920;4.48;3.71;0.560
20250822;15.3;15.1;15.36;15.01;11666639;176505394;1.98;-0.53;-0.080
20250821;15.17;15.18;15.33;15.09;10112350;153547575;1.72;-0.72;-0.110
20250820;15.18;15.29;15.32;15.05;10780400;163719951;1.83;0.46;0.070
20250819;15.51;15.22;15.58;15.17;14974026;229345531;2.54;-1.81;-0.280
20250818;15.75;15.5;15.76;15.42;18924478;293764812;3.21;-1.21;-0.190
20250815;15.5;15.69;15.98;15.47;23149220;364431527;3.93;1.16;0.180
20250814;15.97;15.51;16.4;15.49;34006398;541454972;5.78;-2.21;-0.350
20250813;15.28;15.86;16.2;14.85;37113606;574664053;6.3;3.8;0.580
20250812;15.58;15.28;15.62;15.22;17010979;261278134;2.89;-1.93;-0.300
20250811;15.44;15.58;15.69;15.35;24634539;382109861;4.18;0.39;0.060
20250808;15.1;15.52;15.84;14.88;31372352;481622120;5.33;2.24;0.340
20250807;15.35;15.18;15.65;15.11;31228403;477746540;5.3;0.86;0.130
20250806;15.0;15.05;15.26;14.83;45070590;677197229;7.66;0.07;0.010
20250805;13.71;15.04;15.04;13.71;47167397;703342124;8.01;10.02;1.370
20250804;13.32;13.67;13.76;13.23;14050845;190512395;2.39;2.63;0.350
20250801;12.81;13.32;13.55;12.81;13813813;182737003;2.35;3.9;0.500
20250731;13.07;12.82;13.07;12.79;6997345;90402346;1.19;-2.14;-0.280
20250730;13.05;13.1;13.22;12.97;6879228;90039330;1.17;0.54;0.070
20250729;13.05;13.03;13.09;12.9;5583081;72346933;0.95;-0.38;-0.050
20250728;13.21;13.08;13.24;13.05;7862646;103193125;1.34;-1.21;-0.160
20250725;13.45;13.24;13.47;13.2;8695062;115623257;1.48;-1.49;-0.200
20250724;13.31;13.44;13.54;13.31;9285538;124803983;1.58;0.75;0.100
20250723;13.52;13.34;13.59;13.32;10729919;144212168;1.82;-1.69;-0.230
20250722;13.8;13.57;13.85;13.48;20688236;281299598;3.51;-3.07;-0.430
20250721;13.21;14.0;14.13;13.16;30153380;412126882;5.12;5.82;0.770
20250718;13.23;13.23;13.45;13.01;18019255;238146736;3.06;0.0;0.000
20250717;13.27;13.23;13.41;13.16;10560106;139564391;1.79;-0.68;-0.090
20250716;13.4;13.32;13.49;13.23;10833480;144558582;1.84;0.0;0.000
20250715;12.93;13.32;14.0;12.9;21588903;291312899;3.67;2.62;0.340
20250714;12.78;12.98;13.03;12.74;6660824;86091038;1.13;1.49;0.190
20250711;12.91;12.79;12.97;12.75;5743761;73727511;0.98;-1.54;-0.200
20250710;12.89;12.99;13.0;12.78;7247500;93403791;1.23;0.23;0.030
20250709;13.2;12.96;13.22;12.88;8886565;115913525;1.51;-1.67;-0.220
20250708;13.14;13.18;13.26;13.1;6161684;81090764;1.05;0.08;0.010
20250707;13.0;13.17;13.32;12.96;8077399;106454281;1.37;1.31;0.170
20250704;13.3;13.0;13.34;12.94;11442700;149721341;1.94;-2.4;-0.320
20250703;13.1;13.32;13.5;13.05;14558790;193830286;2.47;1.22;0.160
20250702;12.91;13.16;13.48;12.91;13279151;175216091;2.26;1.39;0.180
20250701;12.85;12.98;13.02;12.75;8278742;106676186;1.41;0.93;0.120
20250630;12.88;12.86;13.07;12.64;12207845;157197521;2.07;-0.92;-0.120
20250627;12.41;12.98;13.09;12.39;13487993;171963264;2.29;4.68;0.580
20250626;12.42;12.4;12.64;12.35;7152573;89389161;1.21;-0.4;-0.050
20250625;12.18;12.45;12.57;12.12;10238777;127048945;1.74;2.47;0.300
20250624;11.88;12.15;12.36;11.88;8146007;99129815;1.38;2.1;0.250
20250623;11.61;11.9;11.96;11.54;5973684;70228063;1.01;2.15;0.250
20250620;11.87;11.65;11.88;11.62;5095300;59678552;0.87;-1.19;-0.140
20250619;11.71;11.79;11.83;11.66;5880341;69105589;1.0;0.34;0.040
20250618;11.86;11.75;11.88;11.67;4772944;56059840;0.81;-1.09;-0.130
20250617;11.89;11.88;11.97;11.77;3244100;38454501;0.55;0.08;0.010
20250616;11.9;11.87;12.01;11.84;4041994;48164107;0.69;-0.67;-0.080
20250613;12.2;11.95;12.2;11.9;5822900;69902272;0.99;-2.45;-0.300
20250612;12.33;12.25;12.37;12.15;5569083;68163287;0.95;-0.81;-0.100
20250611;12.45;12.35;12.52;12.32;5990810;74240008;1.02;-0.72;-0.090
20250610;12.77;12.65;12.81;12.4;5969020;75349612;1.01;-0.94;-0.120
20250609;12.72;12.77;12.85;12.69;4615679;58860398;0.78;0.24;0.030
20250606;12.8;12.74;12.84;12.69;4806000;61261172;0.82;-0.47;-0.060
20250605;12.89;12.8;13.0;12.76;5587400;71801781;0.95;-0.62;-0.080
20250604;12.87;12.88;12.95;12.8;5798505;74657307;0.98;0.39;0.050
20250603;12.43;12.83;12.89;12.43;8846860;112533236;1.5;2.56;0.320
20250530;12.78;12.51;12.83;12.43;9153600;115067333;1.55;-2.19;-0.280
20250529;12.57;12.79;13.1;12.51;13102510;167838546;2.23;1.27;0.160
20250528;12.68;12.63;12.9;12.57;6083700;77277911;1.03;-0.32;-0.040
20250527;12.39;12.67;12.9;12.3;10417108;131762477;1.77;2.34;0.290
20250526;12.45;12.38;12.52;12.27;4590100;56881301;0.78;-0.56;-0.070
20250523;12.48;12.45;12.84;12.43;7370358;93101715;1.25;-0.8;-0.100
20250522;12.59;12.55;12.8;12.44;5483172;69050521;0.93;-0.87;-0.110
20250521;12.76;12.66;12.93;12.6;7453900;94684192;1.27;-1.48;-0.190
20250520;12.91;12.85;13.35;12.78;11143117;144436763;1.89;1.02;0.130
20250519;12.37;12.72;12.95;12.25;10917176;137684458;1.85;2.75;0.340
20250516;12.12;12.38;12.43;12.05;9529018;116495641;1.62;-0.88;-0.110
20250515;12.57;12.49;12.83;12.48;7254259;91517901;1.23;-1.03;-0.130
20250514;12.68;12.62;12.75;12.58;6509900;82334319;1.11;-0.86;-0.110
20250513;12.6;12.73;12.84;12.45;9407150;118821385;1.6;0.71;0.090
20250512;12.26;12.64;12.75;12.2;12511550;156326678;2.13;3.78;0.460
20250509;12.33;12.18;12.39;12.06;5800557;70693979;0.99;-0.9;-0.110
20250508;12.19;12.29;12.38;12.09;7004265;86015017;1.19;0.82;0.100
20250507;12.39;12.19;12.44;12.04;11303700;138564744;1.92;-0.65;-0.080
20250506;12.09;12.27;12.27;11.95;10325200;125298490;1.75;1.66;0.200
20250430;12.01;12.07;12.18;11.95;6088900;73525368;1.03;0.5;0.060
20250429;12.08;12.01;12.25;11.9;7060355;85178129;1.2;0.25;0.030
20250428;12.13;11.98;12.19;11.98;4393175;53024421;0.75;-1.16;-0.140
20250425;12.13;12.12;12.24;12.03;4475380;54309553;0.76;-0.41;-0.050
20250424;12.11;12.17;12.32;12.09;5700909;69453765;0.97;0.41;0.050
20250423;11.96;12.12;12.2;11.9;5995300;72279994;1.02;1.93;0.230
20250422;11.89;11.89;11.98;11.84;3626493;43186014;0.62;-0.25;-0.030
20250421;11.79;11.92;11.96;11.79;4389042;52189236;0.75;1.1;0.130
20250418;12.0;11.79;12.0;11.67;5826287;68794594;0.99;-2.16;-0.260
20250417;11.6;12.05;12.13;11.6;7556087;90501493;1.28;2.9;0.340
20250416;11.71;11.71;11.9;11.44;5750346;67114080;0.98;-0.85;-0.100
20250415;11.45;11.81;11.84;11.45;6146710;71725845;1.04;2.61;0.300
20250414;11.6;11.51;11.72;11.47;4407619;51022193;0.75;0.35;0.040
20250411;11.31;11.47;11.64;11.31;5830500;67188303;0.99;0.53;0.060
20250410;11.06;11.41;11.76;11.06;12817046;147230123;2.18;4.68;0.510
20250409;10.33;10.9;11.04;9.82;9904727;104766746;1.68;3.12;0.330
20250408;10.72;10.57;10.97;10.31;11005720;116813329;1.87;-3.56;-0.390
20250407;11.35;10.96;11.45;10.96;8413038;93484069;1.43;-10.02;-1.220
20250403;12.5;12.18;12.71;12.09;11836088;146279810;2.01;-4.62;-0.590
20250402;12.64;12.77;12.77;12.5;9764577;123305749;1.66;1.11;0.140
20250401;12.99;12.63;13.08;12.57;13653526;174949734;2.32;-2.4;-0.310
20250331;13.12;12.94;13.46;12.7;13810359;180125044;2.35;-1.97;-0.260
20250328;13.6;13.2;13.65;13.06;17953140;239574436;3.05;-4.76;-0.660
20250327;12.95;13.86;14.52;12.8;29875630;405692843;5.07;5.0;0.660
20250326;12.5;13.2;13.38;12.45;22645289;295428968;3.85;4.68;0.590
20250325;12.11;12.61;13.0;11.91;16082241;201727861;2.73;3.28;0.400
20250324;12.65;12.21;12.75;11.96;10798895;132644263;1.83;-2.94;-0.370
20250321;12.23;12.58;12.65;12.15;11291460;140482819;1.92;2.53;0.310
20250320;12.35;12.27;12.72;12.21;9659644;120164469;1.64;-0.24;-0.030
20250319;11.95;12.3;12.41;11.88;8757638;107244594;1.49;2.84;0.340
20250318;12.01;11.96;12.06;11.84;3362300;40119951;0.57;-0.33;-0.040
20250317;11.82;12.0;12.14;11.8;4838046;58077961;0.82;1.52;0.180
20250314;11.72;11.82;11.83;11.56;3957268;46398144;0.67;0.85;0.100
20250313;11.9;11.72;11.95;11.57;4239075;49669551;0.72;-1.68;-0.200
20250312;12.1;11.92;12.12;11.9;4084925;49025582;0.69;-1.24;-0.150
20250311;11.75;12.07;12.07;11.75;5342571;63862534;0.91;1.86;0.220
20250310;12.07;11.85;12.12;11.81;5760547;68555433;0.98;-1.58;-0.190
20250307;12.0;12.04;12.18;11.82;7292297;87820106;1.24;0.08;0.010
20250306;12.02;12.03;12.18;11.93;7817323;94182485;1.33;0.42;0.050
20250305;11.89;11.98;12.23;11.76;9901940;118681772;1.68;0.76;0.090
20250304;11.95;11.89;11.97;11.65;10210444;120853008;1.73;-2.06;-0.250
20250303;11.65;12.14;12.2;11.52;17334617;204385972;2.94;5.93;0.680
20250228;10.98;11.46;11.52;10.91;9210480;104253149;1.56;3.99;0.440
20250227;11.05;11.02;11.09;10.87;2707368;29712128;0.46;0.09;0.010
20250226;10.85;11.01;11.12;10.84;4380998;48170414;0.74;2.04;0.220
20250225;11.0;10.79;11.03;10.77;4594534;50101344;0.78;-2.62;-0.290
20250224;11.13;11.08;11.15;11.03;2077864;23036290;0.35;-0.63;-0.070
20250221;11.16;11.15;11.25;11.04;2867045;31865314;0.49;-0.8;-0.090
20250220;11.11;11.24;11.27;11.01;3305416;36826373;0.56;1.63;0.180
20250219;10.79;11.06;11.14;10.75;4412864;48555705;0.75;2.69;0.290
20250218;10.86;10.77;11.03;10.74;2213890;24082885;0.38;-1.19;-0.130
20250217;10.91;10.9;10.95;10.81;2251080;24470638;0.38;0.0;0.000
20250214;10.95;10.9;11.05;10.88;1786745;19540763;0.3;-0.09;-0.010
20250213;11.13;10.91;11.13;10.9;2634800;29007584;0.45;-1.71;-0.190
20250212;11.08;11.1;11.13;11.01;1676893;18568127;0.28;0.18;0.020
20250211;11.12;11.08;11.15;11.0;1952339;21589951;0.33;-0.36;-0.040
20250210;11.12;11.12;11.16;11.05;2085666;23176553;0.35;0.0;0.000
20250207;11.2;11.12;11.23;10.98;4320139;48080180;0.73;-0.71;-0.080
20250206;11.13;11.2;11.23;10.91;3156718;35073191;0.54;0.99;0.110
20250205;11.23;11.09;11.23;11.03;3320558;36941245;0.56;-0.27;-0.030
20250127;10.95;11.12;11.2;10.94;2247200;24982305;0.38;1.46;0.160
20250124;11.0;10.96;11.09;10.86;2479272;27120256;0.42;0.46;0.050
20250123;10.94;10.91;11.09;10.85;2565761;28207803;0.44;0.65;0.070
20250122;11.12;10.84;11.25;10.76;4890439;53594602;0.83;-2.52;-0.280
20250121;11.19;11.12;11.5;10.97;5080901;56694822;0.86;2.3;0.250
20250120;10.8;10.87;10.94;10.7;2272156;24583237;0.39;1.3;0.140
20250117;10.65;10.73;10.74;10.56;1894361;20233810;0.32;0.75;0.080
20250116;10.59;10.65;10.74;10.53;2779406;29560254;0.47;1.33;0.140
20250115;10.6;10.51;10.63;10.46;1509739;15923731;0.26;-0.85;-0.090
20250114;10.47;10.6;10.65;10.39;2616688;27581202;0.44;2.12;0.220
20250113;10.59;10.38;10.66;10.34;1630300;16979504;0.28;-1.8;-0.190
20250110;10.76;10.57;10.85;10.55;1390341;14894974;0.24;-0.94;-0.100
20250109;10.75;10.67;10.82;10.65;1683101;18063073;0.29;-0.84;-0.090
20250108;11.07;10.76;11.08;10.55;3455492;37219538;0.59;-2.8;-0.310
20250107;11.08;11.07;11.28;10.86;1841306;20299904;0.31;-0.9;-0.100
20250106;11.05;11.17;11.25;10.91;2513249;27863976;0.43;0.72;0.080
20250103;11.35;11.09;11.45;11.05;2292691;25774923;0.39;-1.86;-0.210
20250102;11.55;11.3;11.6;11.14;1763000;20113892;0.3;-1.99;-0.230