20251022;13.4;13.46;13.67;13.34;20675788;279224726;3.49;-0.3;-0.040
20251021;13.18;13.5;13.55;13.12;30218800;404251755;5.1;2.12;0.280
20251020;12.97;13.22;13.41;12.97;27863900;367890433;4.7;3.04;0.390
20251017;13.23;12.83;13.28;12.82;21325750;277914233;3.6;-2.8;-0.370
20251016;13.47;13.2;13.5;13.18;19715101;262423447;3.32;-2.44;-0.330
20251015;13.16;13.53;13.54;13.05;26102701;348332813;4.4;2.58;0.340
20251014;13.76;13.19;13.76;13.11;27178400;363984623;4.58;-2.22;-0.300
20251013;12.79;13.49;13.54;12.57;27973800;368434633;4.72;-0.52;-0.070
20251010;13.6;13.56;13.79;13.45;26347900;358294399;4.44;-0.73;-0.100
20251009;13.44;13.66;13.79;13.41;31131400;426046345;5.25;1.64;0.220
20250930;13.36;13.44;13.62;13.35;24555580;330197034;4.14;0.75;0.100
20250929;13.29;13.34;13.43;13.11;24473174;325780178;4.13;0.3;0.040
20250926;13.62;13.3;13.71;13.3;29039000;391310060;4.9;-3.27;-0.450
20250925;13.75;13.75;14.02;13.7;29063726;402930870;4.9;-0.94;-0.130
20250924;13.5;13.88;13.89;13.3;35336789;484603216;5.96;1.39;0.190
20250923;14.4;13.69;14.4;13.24;60291299;826361613;10.17;-5.26;-0.760
20250922;14.14;14.45;14.6;14.1;44036000;633007856;7.43;0.77;0.110
20250919;15.01;14.34;15.04;14.3;61967961;902033039;10.45;-5.78;-0.880
20250918;15.74;15.22;15.74;15.15;97347134;1494370143;16.42;-4.22;-0.670
20250917;14.99;15.89;16.28;14.73;127979134;1997587699;21.58;7.0;1.040
20250916;14.45;14.85;15.0;14.34;80057282;1183994456;13.5;3.41;0.490
20250915;14.39;14.36;14.55;14.28;31984040;461086403;5.39;0.14;0.020
20250912;14.31;14.34;14.58;14.18;39261500;565867911;6.62;0.07;0.010
20250911;13.95;14.33;14.39;13.85;45377101;645789132;7.65;1.99;0.280
20250910;13.99;14.05;14.25;13.88;29532916;415799255;4.98;1.15;0.160
20250909;14.25;13.89;14.25;13.86;31326000;439475788;5.28;-2.8;-0.400
20250908;14.15;14.29;14.4;14.08;30843474;439194591;5.2;0.49;0.070
20250905;13.89;14.22;14.28;13.64;41027933;575210313;6.92;2.38;0.330
20250904;14.29;13.89;14.59;13.62;44300435;626294141;7.47;-1.49;-0.210
20250903;14.68;14.1;14.79;14.09;40133900;576814828;6.77;-3.49;-0.510
20250902;15.2;14.61;15.26;14.5;54591233;805963055;9.21;-3.82;-0.580
20250901;14.85;15.19;15.28;14.75;70298713;1059032052;11.85;3.69;0.540
20250829;14.9;14.65;15.02;14.6;55391934;814323207;9.34;-1.81;-0.270
20250828;15.0;14.92;15.21;14.41;100038726;1477997389;16.87;-4.05;-0.630
20250827;16.0;15.55;16.38;15.55;104928158;1668272270;17.69;-4.6;-0.750
20250826;15.56;16.3;16.58;15.48;145917602;2346231769;24.61;4.02;0.630
20250825;15.64;15.67;16.05;15.55;100723577;1590108594;16.99;-1.57;-0.250
20250822;16.0;15.92;16.7;15.51;129796518;2073786557;21.89;-4.1;-0.680
20250821;15.88;16.6;16.8;15.08;163809786;2577768600;27.62;2.15;0.350
20250820;17.46;16.25;17.72;16.19;187318681;3111421192;31.59;-9.67;-1.740
20250819;17.75;17.99;18.61;17.58;214564604;3889430950;36.18;5.7;0.970
20250818;17.69;17.02;17.76;16.59;189593900;3210653874;31.97;-2.74;-0.480
20250815;18.0;17.5;18.3;16.65;205892921;3615918573;34.72;0.57;0.100
20250814;18.52;17.4;18.72;17.17;222976743;3947052425;37.6;-8.76;-1.670
20250813;17.54;19.07;19.07;16.86;270469724;4828196945;45.61;9.98;1.730
20250812;15.12;17.34;17.34;15.11;289087298;4879440100;48.75;10.03;1.580
20250811;15.99;15.76;16.69;15.21;242389542;3852958878;40.88;2.94;0.450
20250808;15.61;15.31;16.28;14.63;235908186;3586777363;39.78;-1.92;-0.300
20250807;15.2;15.61;15.61;15.2;171188655;2658572037;28.87;10.01;1.420
20250806;13.02;14.19;14.19;12.67;222525697;2976992120;37.53;10.0;1.290
20250805;12.82;12.9;12.9;12.72;79234599;1021078306;13.36;9.97;1.170
20250804;10.61;11.73;11.73;10.47;141549930;1583695260;23.87;10.04;1.070
20250801;10.74;10.66;10.95;10.58;57735188;619821669;9.74;0.47;0.050
20250731;10.67;10.61;10.99;10.53;56338501;603077587;9.5;-0.56;-0.060
20250730;10.86;10.69;11.0;10.65;71343600;771782688;12.03;-3.52;-0.390
20250729;10.48;11.08;11.12;10.37;137090900;1477683670;23.12;1.09;0.120
20250728;10.0;10.96;11.09;10.0;158358200;1714727321;26.71;8.73;0.880
20250725;9.7;10.08;10.65;9.7;80788639;821889878;13.62;4.02;0.390
20250724;9.55;9.69;9.97;9.53;43541060;422047014;7.34;3.09;0.290
20250723;9.5;9.4;9.53;9.39;18688700;176642508;3.15;-1.57;-0.150
20250722;9.57;9.55;9.62;9.46;21867500;208301604;3.69;-0.73;-0.070
20250721;9.46;9.62;9.64;9.43;27478153;263410604;4.63;1.69;0.160
20250718;9.52;9.46;9.57;9.41;19469100;184240772;3.28;-0.53;-0.050
20250717;9.41;9.51;9.57;9.3;28528207;271079012;4.81;0.96;0.090
20250716;9.36;9.42;9.48;9.33;25876100;243673433;4.36;0.21;0.020
20250715;9.51;9.4;9.69;9.27;41352700;389283972;6.97;1.29;0.120
20250714;9.34;9.28;9.44;9.2;16023900;149473621;2.7;0.0;0.000
20250711;9.25;9.28;9.32;9.14;14972500;138351870;2.52;0.32;0.030
20250710;9.33;9.25;9.37;9.2;14730600;136440742;2.48;-0.54;-0.050
20250709;9.34;9.3;9.53;9.28;25798253;241940809;4.35;-1.27;-0.120
20250708;9.1;9.42;9.47;9.07;38532783;360659772;6.5;3.29;0.300
20250707;9.06;9.12;9.18;9.02;11225200;102328451;1.89;-0.22;-0.020
20250704;9.28;9.14;9.32;9.13;22484800;206430302;3.79;-2.25;-0.210
20250703;9.21;9.35;9.42;9.2;30821558;287402711;5.2;1.74;0.160
20250702;9.49;9.19;9.5;9.15;30358300;281110727;5.12;-2.55;-0.240
20250701;9.29;9.43;9.59;9.25;35322265;332388726;5.96;0.75;0.070
20250630;9.26;9.36;9.42;9.25;24465001;228410975;4.13;1.85;0.170
20250627;9.16;9.19;9.28;9.09;20975700;192989703;3.54;1.1;0.100
20250626;9.18;9.09;9.23;9.07;17351600;158851435;2.93;-0.98;-0.090
20250625;9.14;9.18;9.19;9.07;18733100;171316169;3.16;0.44;0.040
20250624;9.0;9.14;9.15;8.92;23507300;213394395;3.96;2.93;0.260
20250623;8.6;8.88;8.88;8.56;15281000;134216807;2.58;1.49;0.130
20250620;8.76;8.75;8.96;8.73;13992207;123376847;2.36;-0.79;-0.070
20250619;8.94;8.82;9.07;8.77;17256794;153653386;2.91;-2.33;-0.210
20250618;8.9;9.03;9.06;8.83;17482300;157122875;2.95;0.67;0.060
20250617;8.9;8.97;9.05;8.88;14706600;131835066;2.48;0.34;0.030
20250616;8.78;8.94;8.99;8.78;18849500;168368142;3.18;0.9;0.080
20250613;9.13;8.86;9.15;8.82;28133694;251181142;4.74;-3.49;-0.320
20250612;9.23;9.18;9.34;9.11;28291094;260421084;4.77;-1.5;-0.140
20250611;9.3;9.32;9.53;9.26;23561294;220875917;3.97;0.32;0.030
20250610;9.63;9.29;9.65;9.18;38895729;364649666;6.56;-3.53;-0.340
20250609;9.58;9.63;9.68;9.52;29926500;287710264;5.05;0.94;0.090
20250606;9.54;9.54;9.72;9.42;30002394;285421368;5.06;-0.73;-0.070
20250605;9.59;9.61;9.74;9.4;40068294;382550558;6.76;-0.72;-0.070
20250604;9.5;9.68;9.97;9.47;61629505;598792498;10.39;3.09;0.290
20250603;9.43;9.39;9.8;9.34;34927004;330553039;5.89;0.86;0.080
20250530;9.45;9.31;9.64;9.25;36255000;341538303;6.11;-1.38;-0.130
20250529;9.15;9.44;9.55;9.15;27189658;255860381;4.59;2.83;0.260
20250528;9.31;9.18;9.36;9.1;19080223;175834983;3.22;-1.29;-0.120
20250527;9.38;9.3;9.39;9.21;14726600;136733589;2.48;-0.96;-0.090
20250526;9.2;9.39;9.41;9.16;27296000;253096827;4.6;1.73;0.160
20250523;9.57;9.23;9.58;9.22;31002200;291586987;5.23;-3.45;-0.330
20250522;9.56;9.56;9.79;9.41;30765548;296291664;5.19;-0.1;-0.010
20250521;9.65;9.57;9.65;9.46;27061900;258449954;4.56;-1.54;-0.150
20250520;9.59;9.72;9.8;9.41;38966248;376565904;6.57;1.57;0.150
20250519;9.55;9.57;9.58;9.32;23837300;226023173;4.02;0.21;0.020
20250516;9.46;9.55;9.71;9.33;28522701;272691642;4.81;1.38;0.130
20250515;9.67;9.42;9.68;9.41;24921400;236430350;4.2;-2.18;-0.210
20250514;9.59;9.63;9.77;9.56;33493000;322801721;5.65;-0.62;-0.060
20250513;10.21;9.69;10.32;9.62;68855301;681027897;11.61;-2.12;-0.210
20250512;9.75;9.9;9.98;9.71;57646100;567252623;9.72;2.91;0.280
20250509;9.67;9.62;9.71;9.48;31734410;304662653;5.35;-0.52;-0.050
20250508;9.65;9.67;9.9;9.6;45415200;440640241;7.66;0.62;0.060
20250507;9.77;9.61;9.86;9.5;79029600;762869666;13.33;0.1;0.010
20250506;8.89;9.6;9.6;8.75;36968500;341641255;6.23;9.97;0.870
20250430;8.44;8.73;8.75;8.44;28314847;245213033;4.77;3.93;0.330
20250429;8.34;8.4;8.54;8.23;18609600;157302819;3.14;0.84;0.070
20250428;8.46;8.33;8.48;8.31;15507700;129931661;2.62;-1.54;-0.130
20250425;8.45;8.46;8.65;8.35;17912895;152243210;3.02;0.36;0.030
20250424;8.61;8.43;8.64;8.4;18460799;156558336;3.11;-2.43;-0.210
20250423;8.55;8.64;8.8;8.55;28034795;242917021;4.73;2.01;0.170
20250422;8.58;8.47;8.66;8.47;16146700;137937115;2.72;-1.74;-0.150
20250421;8.42;8.62;8.82;8.42;23106494;198129153;3.9;2.38;0.200
20250418;8.27;8.42;8.44;8.21;21972100;183378431;3.71;1.81;0.150
20250417;8.23;8.27;8.41;8.22;14065199;117274816;2.37;-0.6;-0.050
20250416;8.56;8.32;8.57;8.21;19541100;163318802;3.3;-2.8;-0.240
20250415;8.67;8.56;8.72;8.46;21564200;184656707;3.64;-1.15;-0.100
20250414;8.81;8.66;8.91;8.61;36673900;320378856;6.18;2.97;0.250
20250411;8.2;8.41;8.52;8.2;29605299;248491168;4.99;0.96;0.080
20250410;8.3;8.33;8.6;8.27;42098501;355431880;7.1;3.22;0.260
20250409;7.52;8.07;8.11;6.9;51129000;388804463;8.62;5.49;0.420
20250408;7.51;7.65;8.18;7.41;44808100;343394436;7.56;-6.59;-0.540
20250407;8.31;8.19;8.5;8.19;15165900;125039931;2.56;-10.0;-0.910
20250403;9.1;9.1;9.26;9.02;19302500;176140578;3.26;-1.62;-0.150
20250402;9.27;9.25;9.4;9.23;19510201;181574754;3.29;0.11;0.010
20250401;9.3;9.24;9.42;9.21;19537000;181540787;3.29;-0.54;-0.050
20250331;9.15;9.29;9.31;9.01;27790000;253919800;4.69;0.0;0.000
20250328;9.53;9.29;9.54;9.25;29080245;272375786;4.9;-2.52;-0.240
20250327;9.45;9.53;9.69;9.35;34031000;323862200;5.74;-0.1;-0.010
20250326;9.5;9.54;9.66;9.41;28391400;271094742;4.79;0.32;0.030
20250325;9.85;9.51;9.9;9.48;40729347;392364251;6.87;-4.33;-0.430
20250324;9.99;9.94;10.13;9.58;57355854;564239123;9.67;-1.19;-0.120
20250321;10.51;10.06;10.79;10.06;105168293;1078826258;17.74;-10.02;-1.120
20250320;12.22;11.18;12.28;11.0;77010678;902038040;12.99;-6.68;-0.800
20250319;12.18;11.98;12.45;11.89;49830610;601934446;8.4;-3.0;-0.370
20250318;12.58;12.35;12.71;12.25;66402294;824122735;11.2;-2.76;-0.350
20250317;12.51;12.7;13.35;12.36;88437423;1134801052;14.91;1.6;0.200
20250314;12.7;12.5;12.7;11.7;80335299;981768224;13.55;-0.24;-0.030
20250313;12.3;12.53;12.73;12.1;92168778;1148895711;15.54;1.13;0.140
20250312;12.5;12.39;12.98;12.26;113071113;1424858173;19.07;0.24;0.030
20250311;11.61;12.36;12.67;11.52;96468822;1176080640;16.27;4.3;0.510
20250310;11.78;11.85;12.1;11.7;49393601;586381612;8.33;1.11;0.130
20250307;11.99;11.72;12.58;11.62;87225900;1049844870;14.71;-5.1;-0.630
20250306;11.92;12.35;12.82;11.82;118940280;1462171081;20.06;2.57;0.310
20250305;11.43;12.04;12.44;11.43;98913778;1186050818;16.68;3.97;0.460
20250304;11.3;11.58;11.86;11.3;81618224;943317341;13.76;0.26;0.030
20250303;11.39;11.55;12.08;10.9;96206455;1113188890;16.22;-1.28;-0.150
20250228;11.6;11.7;12.34;11.57;126220299;1510749533;21.29;-1.35;-0.160
20250227;12.6;11.86;12.94;11.78;165581534;2032182397;27.92;-8.77;-1.140
20250226;13.39;13.0;13.39;12.31;275479842;3589406224;46.46;6.82;0.830
20250225;12.17;12.17;12.17;11.96;51549523;627267750;8.69;10.04;1.110
20250224;10.06;11.06;11.06;9.71;85590802;893579180;14.43;10.05;1.010
20250221;9.95;10.05;10.21;9.84;46404407;465024964;7.83;-0.5;-0.050
20250220;9.79;10.1;10.29;9.79;58352600;588291355;9.84;2.85;0.280
20250219;9.57;9.82;9.85;9.57;31218253;304585591;5.26;2.61;0.250
20250218;10.1;9.57;10.23;9.55;44245800;435750443;7.46;-4.97;-0.500
20250217;9.93;10.07;10.23;9.93;38090800;383741154;6.42;-0.1;-0.010
20250214;10.3;10.08;10.37;10.0;53656447;542733965;9.05;-2.33;-0.240
20250213;10.62;10.32;10.76;10.23;73685005;766719352;12.43;-4.8;-0.520
20250212;10.06;10.84;10.9;9.91;99993814;1050600427;16.86;6.07;0.620
20250211;9.93;10.22;10.58;9.83;87602100;894781120;14.77;2.71;0.270
20250210;9.84;9.95;10.15;9.75;89106600;886064808;15.03;1.32;0.130
20250207;9.04;9.82;9.94;9.01;109728200;1058763483;18.5;8.63;0.780
20250206;8.58;9.04;9.04;8.48;40013601;354551944;6.75;6.1;0.520
20250205;8.35;8.52;8.59;8.35;20906300;177974807;3.53;2.77;0.230
20250127;8.54;8.29;8.63;8.25;16729301;140306448;2.82;-2.81;-0.240
20250124;8.33;8.53;8.57;8.25;23422648;197576936;3.95;2.16;0.180
20250123;8.63;8.35;8.75;8.35;27080100;231370766;4.57;-1.76;-0.150
20250122;8.56;8.5;8.67;8.44;18892300;161248048;3.19;-1.62;-0.140
20250121;8.76;8.64;8.85;8.49;25441900;219840489;4.29;-0.92;-0.080
20250120;9.02;8.72;9.06;8.65;47234810;416704385;7.97;-3.22;-0.290
20250117;8.54;9.01;9.26;8.49;60874610;543521558;10.27;2.85;0.250
20250116;8.8;8.76;8.92;8.64;26831800;235482044;4.52;1.39;0.120
20250115;8.75;8.64;8.79;8.55;24117100;209161792;4.07;-0.69;-0.060
20250114;8.25;8.7;8.7;8.21;31761994;270727520;5.36;6.36;0.520
20250113;8.02;8.18;8.22;7.89;22211400;179836383;3.75;-1.45;-0.120
20250110;8.65;8.3;8.72;8.29;27227500;231241141;4.59;-4.49;-0.390
20250109;8.6;8.69;8.88;8.58;31149300;272363348;5.25;0.23;0.020
20250108;8.64;8.67;8.8;8.34;44391200;380483093;7.49;0.35;0.030
20250107;8.29;8.64;8.65;8.25;41084301;347301581;6.93;4.85;0.400
20250106;8.7;8.24;8.78;8.14;46497800;391047968;7.84;-8.44;-0.760
20250103;8.76;9.0;9.36;8.39;57052300;507848643;9.62;2.74;0.240
20250102;8.89;8.76;9.07;8.6;29656421;262785746;5.0;-2.23;-0.200