20251022;97.2;97.47;98.06;96.41;5601085;544465895;2.14;-0.95;-0.930
20251021;97.0;98.4;99.06;96.09;8324080;814062047;3.18;2.5;2.400
20251020;95.7;96.0;98.58;95.08;9725311;943545646;3.72;2.38;2.230
20251017;100.25;93.77;100.25;93.72;10915050;1046241671;4.17;-6.46;-6.480
20251016;101.41;100.25;101.77;99.12;7957082;798733454;3.04;-1.99;-2.040
20251015;97.99;102.29;104.55;97.5;14359470;1461126552;5.49;4.66;4.550
20251014;101.0;97.74;104.48;97.01;11913436;1200936543;4.55;-2.33;-2.330
20251013;97.5;100.07;100.65;96.74;12082330;1192099979;4.62;-3.59;-3.730
20251010;107.28;103.8;108.46;103.08;9862620;1034948021;3.77;-3.79;-4.090
20251009;105.66;107.89;111.69;104.17;15568996;1690551304;5.95;2.64;2.770
20250930;102.8;105.12;105.6;101.08;11225764;1160402894;4.29;2.86;2.920
20250929;101.9;102.2;102.79;100.6;7033302;715524501;2.69;0.05;0.050
20250926;105.08;102.15;106.0;101.9;9866992;1019977986;3.77;-3.7;-3.930
20250925;104.36;106.08;108.28;103.32;12490094;1329567270;4.77;2.72;2.810
20250924;99.62;103.27;103.33;98.88;10566235;1072051690;4.04;2.44;2.460
20250923;104.0;100.81;104.48;97.98;14503372;1453795437;5.54;-2.92;-3.030
20250922;102.5;103.84;106.0;102.5;12272118;1281285563;4.69;3.45;3.460
20250919;101.63;100.38;102.88;99.88;10047734;1017690961;3.84;-1.23;-1.250
20250918;102.5;101.63;106.16;99.0;15632519;1615686381;5.97;-0.83;-0.850
20250917;101.88;102.48;104.38;100.11;12241594;1255374719;4.68;1.28;1.300
20250916;96.69;101.18;101.98;96.66;14421244;1443219315;5.51;4.29;4.160
20250915;98.2;97.02;99.4;96.89;8695326;852452157;3.32;-1.19;-1.170
20250912;99.3;98.19;99.96;97.8;11064836;1094368598;4.23;-1.43;-1.420
20250911;94.35;99.61;99.61;93.04;15233323;1476543099;5.82;5.22;4.940
20250910;92.96;94.67;95.98;92.9;10919338;1035115131;4.17;2.2;2.040
20250909;94.67;92.63;94.82;91.88;9556685;891491034;3.65;-3.12;-2.980
20250908;94.3;95.61;96.26;93.65;12810972;1218377366;4.9;1.38;1.300
20250905;92.66;94.31;94.51;90.87;13762808;1277825395;5.26;3.07;2.810
20250904;97.99;91.5;98.97;89.51;18722617;1748571714;7.16;-6.36;-6.210
20250903;99.76;97.71;99.99;96.33;12220236;1199001859;4.67;-0.65;-0.640
20250902;106.0;98.35;107.0;97.8;21746382;2204808765;8.31;-7.92;-8.460
20250901;110.91;106.81;112.91;104.5;18914189;2022539680;7.23;-2.89;-3.180
20250829;110.0;109.99;111.0;107.1;15735416;1719921434;6.01;-0.78;-0.860
20250828;112.99;110.85;113.0;107.03;25570645;2819959187;9.77;1.06;1.160
20250827;105.5;110.24;113.04;104.73;27843151;3093987617;10.64;7.28;7.480
20250826;97.91;102.76;107.69;97.0;18752109;1944518210;7.17;4.96;4.860
20250825;98.0;97.9;99.79;96.2;14258793;1391788283;5.45;0.71;0.690
20250822;95.58;97.21;97.35;94.84;12951731;1244227960;4.95;1.2;1.150
20250821;94.0;96.06;97.87;93.61;14713501;1409293181;5.62;1.78;1.680
20250820;92.85;94.38;94.45;91.1;13344008;1236861729;5.1;1.7;1.580
20250819;87.66;92.8;94.4;87.66;17925108;1631827727;6.85;5.53;4.860
20250818;85.91;87.94;89.49;85.8;13890618;1222425589;5.31;2.02;1.740
20250815;87.29;86.2;87.29;84.23;12342325;1062382855;4.72;0.08;0.070
20250814;86.8;86.13;87.58;85.85;8629738;747774191;3.3;-0.77;-0.670
20250813;86.1;86.8;86.99;85.3;9636672;830242607;3.68;1.31;1.120
20250812;84.67;85.68;85.87;83.88;8403308;714454592;3.21;1.13;0.960
20250811;83.31;84.72;85.58;83.2;8052279;682200786;3.08;1.51;1.260
20250808;84.28;83.46;84.74;83.01;6559304;549258208;2.51;-0.94;-0.790
20250807;84.9;84.25;85.53;83.75;8404470;710699567;3.21;-0.51;-0.430
20250806;84.07;84.68;85.99;84.07;10354635;877350794;3.96;0.2;0.170
20250805;82.31;84.51;85.38;81.8;13335129;1118459039;5.1;2.8;2.300
20250804;81.5;82.21;83.28;81.4;6343676;521966910;2.42;-0.27;-0.220
20250801;81.96;82.43;84.3;81.1;11396367;942074696;4.36;1.17;0.950
20250731;81.12;81.48;84.93;80.86;15493519;1291992609;5.92;0.53;0.430
20250730;81.88;81.05;82.1;80.55;6215902;505326390;2.38;-1.46;-1.200
20250729;81.65;82.25;82.59;80.42;7629235;622842390;2.92;0.29;0.240
20250728;81.5;82.01;82.55;80.54;8396277;684046859;3.21;1.22;0.990
20250725;80.23;81.02;81.48;79.84;6225898;501434797;2.38;1.06;0.850
20250724;80.23;80.17;80.56;79.76;6529669;522942496;2.5;-0.07;-0.060
20250723;80.3;80.23;81.1;79.69;6832860;548304103;2.61;-0.95;-0.770
20250722;83.0;81.0;83.08;80.2;10414978;847740554;3.98;-2.41;-2.000
20250721;82.8;83.0;84.14;82.5;6684284;555871421;2.55;-0.12;-0.100
20250718;84.18;83.1;85.32;82.83;7370465;617588236;2.82;-0.93;-0.780
20250717;82.58;83.88;84.68;82.26;7552807;631566156;2.89;1.33;1.100
20250716;82.83;82.78;84.65;82.45;7596633;633703907;2.9;-0.06;-0.050
20250715;82.0;82.83;83.73;81.89;9078440;751648974;3.47;0.72;0.590
20250714;81.62;82.24;83.94;81.62;7516042;622015562;2.87;0.07;0.060
20250711;86.5;82.18;86.5;81.1;15868184;1305202606;6.06;-4.23;-3.630
20250710;86.0;85.81;86.78;84.5;5470075;468049557;2.09;-0.6;-0.520
20250709;85.99;86.33;86.92;85.21;6325764;544087906;2.42;-0.32;-0.280
20250708;82.99;86.61;86.78;82.99;10174573;869774981;3.89;4.73;3.910
20250707;83.63;82.7;84.78;81.96;6332584;523733358;2.42;-2.22;-1.880
20250704;85.34;84.58;86.0;84.23;6559857;556985650;2.51;-1.31;-1.120
20250703;83.8;85.7;85.91;83.69;7703221;653702288;2.94;2.4;2.010
20250702;86.99;83.69;87.0;82.95;10330173;873868659;3.95;-4.88;-4.290
20250701;85.94;87.98;88.75;84.9;10890371;948211453;4.16;2.54;2.180
20250630;83.03;85.8;86.29;82.33;10280598;865614386;3.93;4.03;3.320
20250627;81.51;82.48;83.38;80.55;6677339;549914163;2.55;1.15;0.940
20250626;82.3;81.54;83.69;81.39;8690335;714962074;3.32;-1.7;-1.410
20250625;82.25;82.95;83.22;81.95;8103568;669438353;3.1;1.2;0.980
20250624;78.78;81.97;82.46;78.6;11414051;928992983;4.36;4.69;3.670
20250623;76.6;78.3;78.53;76.37;7158955;556311776;2.74;0.98;0.760
20250620;80.5;77.54;80.8;77.36;8728471;684062066;3.34;-3.89;-3.140
20250619;78.88;80.68;81.5;78.51;11206799;902235716;4.28;2.28;1.800
20250618;77.62;78.88;79.5;76.74;6841118;535378438;2.61;1.26;0.980
20250617;77.5;77.9;79.79;77.0;6972572;545693428;2.66;0.41;0.320
20250616;77.03;77.58;79.39;77.03;6427516;502774595;2.46;0.77;0.590
20250613;77.08;76.99;78.08;76.2;5962381;458699735;2.28;-0.98;-0.760
20250612;77.61;77.75;79.8;77.45;7835890;615034570;2.99;-0.51;-0.400
20250611;74.88;78.15;79.5;74.7;11660182;905021159;4.46;4.45;3.330
20250610;76.57;74.82;76.71;74.09;7816247;586756004;2.99;-2.62;-2.010
20250609;77.17;76.83;78.7;76.4;8508399;659056472;3.25;-0.43;-0.330
20250606;75.32;77.16;77.6;74.32;9975934;761873280;3.81;2.39;1.800
20250605;71.65;75.36;75.47;71.38;9129133;674100712;3.49;4.7;3.380
20250604;71.64;71.98;72.8;71.5;3828524;276471002;1.46;1.08;0.770
20250603;70.69;71.63;72.87;70.4;5419921;390422281;2.07;1.1;0.780
20250530;71.9;70.85;72.0;70.38;4267620;302499576;1.63;-1.9;-1.370
20250529;71.3;72.22;72.52;71.0;5123139;369314854;1.96;1.68;1.190
20250528;70.95;71.03;71.85;70.88;3321864;236750918;1.27;0.38;0.270
20250527;72.2;70.76;72.2;70.5;4084456;290508265;1.56;-2.45;-1.780
20250526;71.74;72.54;72.58;71.5;3731488;268807435;1.43;1.1;0.790
20250523;73.2;71.75;73.74;71.75;4880636;355031603;1.87;-1.73;-1.260
20250522;72.99;73.01;74.35;72.73;5009502;367921195;1.91;-0.38;-0.280
20250521;75.0;73.29;75.12;72.81;5721982;420467515;2.19;-2.18;-1.630
20250520;74.62;74.92;75.56;74.24;3903018;291831950;1.49;0.03;0.020
20250519;74.7;74.9;75.28;73.73;4244173;316414000;1.62;-0.5;-0.380
20250516;74.7;75.28;76.21;74.35;4446793;335983350;1.7;0.35;0.260
20250515;77.75;75.02;77.98;75.01;6450391;489768052;2.47;-3.86;-3.010
20250514;77.6;78.03;78.53;76.13;8237023;636844353;3.15;0.55;0.430
20250513;78.5;77.6;78.92;77.22;7493931;583977953;2.86;0.27;0.210
20250512;76.64;77.39;77.39;75.8;7577940;581196120;2.9;2.73;2.060
20250509;77.47;75.33;77.47;75.1;9828728;744637657;3.76;-2.93;-2.270
20250508;77.78;77.6;79.43;77.45;8820966;690138168;3.37;-0.26;-0.200
20250507;78.38;77.8;79.52;76.95;11675967;911805168;4.46;0.24;0.190
20250506;76.66;77.61;78.5;75.2;13856897;1065689287;5.3;2.9;2.190
20250430;71.6;75.42;76.31;71.38;15394597;1144859302;5.88;5.34;3.820
20250429;69.65;71.6;71.94;69.36;15941318;1130216129;6.09;3.8;2.620
20250428;68.85;68.98;69.76;68.3;6817275;469894444;2.61;-0.26;-0.180
20250425;68.91;69.16;70.2;68.36;9151051;633638488;3.5;0.36;0.250
20250424;70.7;68.91;70.76;68.5;10098152;699567320;3.86;-2.28;-1.610
20250423;69.6;70.52;70.95;69.14;13329012;934214775;5.09;3.17;2.170
20250422;69.62;68.35;69.76;68.0;8786887;603813450;3.36;-2.73;-1.920
20250421;68.3;70.27;70.65;67.09;10109684;697881224;3.86;3.86;2.610
20250418;66.98;67.66;67.97;66.58;6383249;430007928;2.44;0.56;0.380
20250417;67.07;67.28;68.5;66.88;7543993;511336680;2.88;0.27;0.180
20250416;68.38;67.1;68.77;66.06;9547462;642654306;3.65;-2.89;-2.000
20250415;68.5;69.1;69.68;68.35;9442651;651674734;3.61;0.28;0.190
20250414;70.13;68.91;71.08;68.29;15006318;1041401240;5.74;0.76;0.520
20250411;68.68;68.39;69.85;66.74;21734614;1482778645;8.31;-1.11;-0.770
20250410;69.16;69.16;69.16;67.09;18480011;1271768235;7.06;10.0;6.290
20250409;59.4;62.87;62.87;56.68;20424752;1234523005;7.81;3.1;1.890
20250408;63.0;60.98;66.45;60.86;20380924;1268447019;7.79;-9.82;-6.640
20250407;67.62;67.62;67.7;67.62;3606000;243867431;1.38;-10.0;-7.510
20250403;81.9;75.13;82.67;75.12;21672958;1689920636;8.28;-9.99;-8.340
20250402;84.3;83.47;86.55;82.6;10704260;901158531;4.09;-1.98;-1.690
20250401;87.0;85.16;88.0;83.39;17181575;1466617055;6.57;-3.75;-3.320
20250331;83.02;88.48;88.98;83.02;16028029;1387199237;6.13;5.22;4.390
20250328;83.9;84.09;88.63;83.87;11581663;993156300;4.43;-0.08;-0.070
20250327;82.56;84.16;86.51;82.0;11317883;954041051;4.33;1.13;0.940
20250326;81.12;83.22;83.98;81.12;9927087;820713571;3.79;2.89;2.340
20250325;85.42;80.88;86.08;80.62;13157922;1086452032;5.03;-6.07;-5.230
20250324;83.83;86.11;87.66;83.8;14129131;1216389435;5.4;2.7;2.260
20250321;89.97;83.85;90.2;83.83;17119337;1476086792;6.54;-7.24;-6.540
20250320;91.0;90.39;94.53;89.85;19134699;1758130237;7.31;0.28;0.250
20250319;90.84;90.14;94.88;89.5;15614043;1429596909;5.97;-0.39;-0.350
20250318;88.01;90.49;94.0;87.06;19915169;1809961613;7.61;2.95;2.590
20250317;85.05;87.9;88.99;84.1;15441230;1340259027;5.9;2.22;1.910
20250314;82.62;85.99;88.69;82.17;19270103;1669332519;7.36;3.04;2.540
20250313;83.0;83.45;83.79;79.42;12875420;1053573011;4.92;1.05;0.870
20250312;81.25;82.58;85.02;80.66;10747277;891042298;4.11;1.84;1.490
20250311;81.3;81.09;83.17;80.28;8470434;688275329;3.24;-2.66;-2.220
20250310;82.0;83.31;83.99;80.39;11964253;989318212;4.57;1.91;1.560
20250307;83.66;81.75;84.43;81.2;11415326;943669564;4.36;-3.19;-2.690
20250306;81.49;84.44;86.4;80.81;17720253;1481471747;6.77;3.75;3.050
20250305;80.5;81.39;81.59;79.12;10600851;853163042;4.05;1.48;1.190
20250304;77.11;80.2;81.1;77.06;9500148;758653338;3.63;1.51;1.190
20250303;81.03;79.01;81.4;78.1;13781348;1100112721;5.27;-3.0;-2.440
20250228;83.14;81.45;83.95;80.6;15128718;1242012824;5.78;-3.5;-2.950
20250227;88.5;84.4;88.99;82.88;18614066;1590146310;7.11;-4.94;-4.390
20250226;90.12;88.79;92.13;87.26;19517321;1747638006;7.46;-1.27;-1.140
20250225;81.92;89.93;92.62;81.9;31802279;2817755297;12.15;6.81;5.730
20250224;85.68;84.2;86.3;83.5;16354954;1384050783;6.25;-3.08;-2.680
20250221;85.3;86.88;87.14;84.15;20036181;1724937588;7.66;1.92;1.640
20250220;86.11;85.24;86.88;84.05;14661938;1252779629;5.6;0.32;0.270
20250219;81.99;84.97;84.98;81.99;13381679;1123407805;5.11;3.63;2.980
20250218;85.2;81.99;86.14;81.67;18141308;1510720220;6.93;-4.83;-4.160
20250217;84.01;86.15;87.09;83.47;14723270;1259382499;5.63;1.34;1.140
20250214;85.76;85.01;86.98;83.69;16964387;1442337737;6.48;-1.36;-1.170
20250213;92.69;86.18;94.4;86.01;26693416;2367845605;10.2;-6.93;-6.420
20250212;89.05;92.6;95.6;89.05;25272120;2326156874;9.66;2.41;2.180
20250211;88.0;90.42;94.0;87.19;27653925;2506066211;10.57;2.87;2.520
20250210;89.04;87.9;89.05;85.91;21624560;1889565310;8.26;-2.42;-2.180
20250207;90.5;90.08;94.17;88.6;29286380;2676527268;11.19;-1.33;-1.210
20250206;85.4;91.29;94.55;85.4;32848310;3004396839;12.55;6.21;5.340
20250205;91.0;85.95;92.38;83.88;31829074;2790714622;12.16;-4.14;-3.710
20250127;87.0;89.66;92.45;86.08;28427975;2539777914;10.86;6.64;5.580
20250124;83.0;84.08;84.28;82.01;23971786;1997669858;9.16;3.93;3.180
20250123;85.0;80.9;85.99;80.08;38720512;3213456808;14.8;-7.86;-6.900
20250122;89.0;87.8;90.0;85.57;22541033;1965691092;8.61;-2.64;-2.380
20250121;87.0;90.18;90.18;85.6;34399298;3034403103;13.15;10.0;8.200
20250120;80.5;81.98;84.81;80.4;19389623;1591698252;7.41;1.97;1.580
20250117;74.6;80.4;81.99;73.05;23181863;1790853225;8.86;7.49;5.600
20250116;77.76;74.8;78.2;73.56;21418108;1614813168;8.19;-2.6;-2.000
20250115;71.55;76.8;78.2;71.2;26156427;2004115729;10.0;8.03;5.710
20250114;69.0;71.09;71.7;66.41;19584441;1359051533;7.48;2.29;1.590
20250113;68.0;69.5;71.06;66.7;15683820;1084416715;5.99;3.15;2.120
20250110;68.5;67.38;69.8;66.8;9682853;658699362;3.7;-0.91;-0.620
20250109;67.13;68.0;71.2;66.22;16262484;1125456045;6.22;3.31;2.180
20250108;61.73;65.82;67.76;61.5;18726143;1202835315;7.16;5.5;3.430
20250107;62.01;62.39;62.66;59.85;24897202;1520462081;9.52;-6.18;-4.110
20250106;66.4;66.5;68.41;65.6;15053106;1000747766;5.75;-1.77;-1.200
20250103;69.15;67.7;70.18;67.36;15575572;1067155629;5.95;-1.43;-0.980
20250102;68.54;68.68;71.9;68.0;15783457;1100297663;5.97;0.35;0.240