20251022;12.92;12.96;13.03;12.68;34046718;438792608;3.72;-1.59;-0.210
20251021;13.04;13.17;13.4;13.01;38236649;506478353;4.18;1.7;0.220
20251020;13.15;12.95;13.24;12.88;36216706;472063463;3.96;-0.84;-0.110
20251017;13.52;13.06;13.96;12.93;61700933;826931753;6.75;-2.68;-0.360
20251016;13.66;13.42;13.76;13.36;42870276;580961604;4.69;-1.68;-0.230
20251015;13.75;13.65;13.8;13.32;46290701;626984399;5.06;0.07;0.010
20251014;13.94;13.64;14.24;13.48;85320061;1186340071;9.33;0.0;0.000
20251013;13.15;13.64;13.73;13.15;62438399;835847909;6.83;-0.66;-0.090
20251010;14.03;13.73;14.17;13.66;76631234;1063769007;8.38;-3.17;-0.450
20251009;13.86;14.18;14.35;13.69;102326290;1437903453;11.19;5.35;0.720
20250930;13.23;13.46;13.6;13.11;72221970;970591124;7.9;2.28;0.300
20250929;12.51;13.16;13.22;12.43;68430801;882848164;7.49;6.13;0.760
20250926;12.55;12.4;12.86;12.38;35563818;448738446;3.89;-1.9;-0.240
20250925;12.81;12.64;12.96;12.55;38307635;487785608;4.19;-0.47;-0.060
20250924;12.27;12.7;12.77;12.16;41550311;519610816;4.54;3.5;0.430
20250923;12.56;12.27;12.66;12.1;48685704;598735027;5.33;-3.08;-0.390
20250922;12.98;12.66;13.1;12.48;41115995;519893453;4.5;-1.4;-0.180
20250919;12.72;12.84;13.06;12.72;42545941;548584136;4.65;0.63;0.080
20250918;13.05;12.76;13.14;12.61;70772621;914315700;7.74;-3.63;-0.480
20250917;13.34;13.24;13.35;13.1;57824565;763516247;6.33;-0.75;-0.100
20250916;13.68;13.34;13.68;12.97;76911905;1018822695;8.41;-1.33;-0.180
20250915;13.61;13.52;14.15;13.5;95319299;1310854928;10.43;-0.66;-0.090
20250912;13.23;13.61;13.88;13.18;106574514;1444752499;11.66;2.95;0.390
20250911;13.3;13.22;13.42;13.13;67113894;888622641;7.34;-0.53;-0.070
20250910;13.08;13.29;13.45;12.9;70805443;935682001;7.74;-0.97;-0.130
20250909;13.14;13.42;13.73;13.06;117475961;1576646400;12.85;2.21;0.290
20250908;12.88;13.13;13.15;12.67;92247549;1192512491;10.09;2.26;0.290
20250905;12.01;12.84;12.86;11.97;85878705;1078471188;9.39;7.0;0.840
20250904;12.52;12.0;12.88;11.73;79868547;983015055;8.74;-4.76;-0.600
20250903;13.02;12.6;13.08;12.51;63765681;815059110;6.97;-3.0;-0.390
20250902;13.13;12.99;13.34;12.83;93219872;1214033533;10.2;-0.46;-0.060
20250901;12.58;13.05;13.31;12.39;104537729;1351769522;11.43;5.24;0.650
20250829;12.18;12.4;12.56;12.1;54385946;672629899;5.95;1.81;0.220
20250828;12.01;12.18;12.29;11.82;42902807;518013590;4.69;0.66;0.080
20250827;12.61;12.1;12.63;12.08;68139156;841202553;7.45;-4.04;-0.510
20250826;12.52;12.61;12.94;12.45;77456133;980651577;8.47;2.27;0.280
20250825;12.33;12.33;12.49;12.21;49512342;611234258;5.42;0.98;0.120
20250822;12.25;12.21;12.43;12.11;40065830;488809468;4.38;-0.65;-0.080
20250821;12.46;12.29;12.82;12.25;66298559;829254003;7.25;0.66;0.080
20250820;11.98;12.21;12.38;11.87;51266329;624760284;5.61;1.58;0.190
20250819;11.98;12.02;12.16;11.81;41070691;491509152;4.49;0.08;0.010
20250818;11.95;12.01;12.08;11.87;37876537;453225742;4.14;1.01;0.120
20250815;11.69;11.89;11.92;11.64;26612553;315468179;2.91;1.71;0.200
20250814;12.0;11.69;12.05;11.65;36605349;433243488;4.0;-2.91;-0.350
20250813;11.95;12.04;12.08;11.89;39655774;475563755;4.34;0.58;0.070
20250812;11.95;11.97;12.17;11.73;42286266;502688688;4.63;-0.75;-0.090
20250811;12.3;12.06;12.42;11.8;67536385;813443122;7.39;3.08;0.360
20250808;11.49;11.7;11.76;11.41;39446402;457936671;4.31;2.01;0.230
20250807;11.57;11.47;11.58;11.27;32755317;373611703;3.58;-0.26;-0.030
20250806;11.69;11.5;11.69;11.44;35554100;410295276;3.89;-1.63;-0.190
20250805;11.7;11.69;11.76;11.64;19897622;232686812;2.18;-0.09;-0.010
20250804;11.62;11.7;11.7;11.5;21627464;250734804;2.37;0.43;0.050
20250801;11.75;11.65;11.85;11.63;20050203;234798376;2.19;-0.85;-0.100
20250731;12.01;11.75;12.07;11.66;45495935;537999996;4.98;-3.21;-0.390
20250730;12.24;12.14;12.44;12.01;38906756;475608058;4.26;-0.82;-0.100
20250729;12.18;12.24;12.33;12.07;36575827;446399010;4.0;-0.24;-0.030
20250728;12.3;12.27;12.36;12.02;45558365;556530437;4.98;-1.45;-0.180
20250725;12.75;12.45;13.04;12.38;79603135;1001660818;8.71;-3.04;-0.390
20250724;11.75;12.84;12.98;11.75;117312051;1463646692;12.83;7.45;0.890
20250723;12.5;11.95;12.56;11.92;117129896;1423535213;12.81;-7.29;-0.940
20250722;11.9;12.94;12.94;11.65;158478077;1981026284;17.33;10.03;1.180
20250721;11.65;11.76;11.89;11.38;89388168;1044833189;9.78;6.72;0.740
20250718;10.75;11.02;11.07;10.72;38325512;419953847;4.19;2.99;0.320
20250717;10.38;10.7;11.08;10.37;57729681;618051596;6.31;2.79;0.290
20250716;10.51;10.41;10.75;10.25;76268144;794935919;8.34;-6.38;-0.710
20250715;11.35;11.12;11.49;11.07;29938080;335725006;3.27;-2.11;-0.240
20250714;11.32;11.36;11.54;11.31;30157055;344649449;3.3;0.89;0.100
20250711;11.18;11.26;11.42;11.15;23103200;260514689;2.53;0.9;0.100
20250710;11.1;11.16;11.19;11.09;12010500;133815923;1.31;0.27;0.030
20250709;11.27;11.13;11.39;11.12;18046083;202183984;1.97;-1.07;-0.120
20250708;11.0;11.25;11.26;10.97;18469820;206799113;2.02;2.09;0.230
20250707;10.94;11.02;11.12;10.89;12864140;141738060;1.41;0.27;0.030
20250704;11.18;10.99;11.18;10.94;23262188;256221601;2.54;-2.57;-0.290
20250703;11.35;11.28;11.36;11.16;24543740;275822069;2.68;-0.44;-0.050
20250702;10.95;11.33;11.55;10.92;38537350;434345084;4.22;2.35;0.260
20250701;11.11;11.07;11.13;10.85;21627732;237035012;2.37;-0.18;-0.020
20250630;11.15;11.09;11.19;11.02;30971340;343696529;3.39;0.73;0.080
20250627;10.55;11.01;11.29;10.55;47636188;522342846;5.21;4.86;0.510
20250626;10.52;10.5;10.72;10.48;18034150;190639505;1.97;-0.1;-0.010
20250625;10.43;10.51;10.54;10.4;14003847;146615543;1.53;0.38;0.040
20250624;10.47;10.47;10.52;10.35;15748349;164535215;1.72;1.55;0.160
20250623;10.13;10.31;10.35;10.04;16676171;171198799;1.82;1.78;0.180
20250620;10.11;10.13;10.28;10.08;12496100;127100885;1.37;0.1;0.010
20250619;10.24;10.12;10.34;10.08;11718623;119328288;1.28;-1.27;-0.130
20250618;10.32;10.25;10.4;10.2;12237700;125531492;1.34;-1.16;-0.120
20250617;10.36;10.37;10.5;10.35;10552454;109872184;1.15;0.1;0.010
20250616;10.42;10.36;10.5;10.3;17299154;179894137;1.89;-0.96;-0.100
20250613;10.45;10.46;10.68;10.44;20040414;211087574;2.19;-0.66;-0.070
20250612;10.29;10.53;10.64;10.22;23238827;243251875;2.54;1.84;0.190
20250611;10.08;10.34;10.43;10.01;23364590;240869111;2.56;2.58;0.260
20250610;10.16;10.08;10.24;10.0;12121780;122866672;1.33;-0.59;-0.060
20250609;10.15;10.14;10.17;10.09;10676100;108108473;1.17;-0.2;-0.020
20250606;9.97;10.16;10.2;9.97;14306983;144949222;1.56;2.01;0.200
20250605;10.02;9.96;10.08;9.91;7909700;78956576;0.87;-0.8;-0.080
20250604;9.81;10.04;10.07;9.8;11427952;114378267;1.25;2.34;0.230
20250603;9.75;9.81;9.84;9.66;10693902;104627425;1.17;0.62;0.060
20250530;9.83;9.75;9.88;9.66;9723600;94730651;1.06;-1.32;-0.130
20250529;9.83;9.88;9.94;9.79;8415441;83102660;0.92;0.71;0.070
20250528;9.88;9.81;9.94;9.81;6955200;68575104;0.76;-0.81;-0.080
20250527;9.95;9.89;9.97;9.81;9633000;95155194;1.05;-0.8;-0.080
20250526;9.89;9.97;10.03;9.85;9299836;92698079;1.02;0.81;0.080
20250523;10.0;9.89;10.1;9.89;10080200;100652854;1.1;-1.0;-0.100
20250522;10.05;9.99;10.16;9.99;8637501;86847330;0.94;-1.28;-0.130
20250521;10.1;10.12;10.14;10.06;9073902;91687003;0.99;0.3;0.030
20250520;10.11;10.09;10.13;10.01;9999541;100660399;1.09;-0.2;-0.020
20250519;9.97;10.11;10.18;9.85;14256805;143827758;1.56;1.4;0.140
20250516;9.96;9.97;10.12;9.96;10286400;103114469;1.13;0.2;0.020
20250515;10.1;9.95;10.19;9.94;14409210;144763450;1.58;-2.16;-0.220
20250514;9.89;10.17;10.22;9.8;24795194;249241681;2.71;3.04;0.300
20250513;9.93;9.87;9.94;9.79;11735502;115706717;1.28;0.71;0.070
20250512;9.78;9.8;9.83;9.71;11370302;111229549;1.24;0.82;0.080
20250509;9.81;9.72;9.82;9.7;10394800;101290316;1.14;-0.51;-0.050
20250508;9.77;9.77;9.84;9.7;11875400;116186147;1.3;-0.51;-0.050
20250507;9.72;9.82;9.88;9.59;25018387;243597712;2.74;1.76;0.170
20250506;9.4;9.65;9.65;9.4;17947800;171357874;1.96;2.99;0.280
20250430;9.3;9.37;9.48;9.3;14380700;135176924;1.57;0.32;0.030
20250429;9.36;9.34;9.53;9.28;26482802;249240424;2.9;3.09;0.280
20250428;9.18;9.06;9.18;9.01;9516101;86417974;1.04;-1.52;-0.140
20250425;9.14;9.2;9.28;9.14;9026194;83163052;0.99;0.44;0.040
20250424;9.3;9.16;9.39;9.13;12204500;112981241;1.33;-1.19;-0.110
20250423;9.3;9.27;9.37;9.23;9336000;86740575;1.02;-0.32;-0.030
20250422;9.23;9.3;9.36;9.15;11352220;105100804;1.24;0.87;0.080
20250421;9.08;9.22;9.25;9.02;11476900;105386156;1.26;1.99;0.180
20250418;8.96;9.04;9.08;8.92;7939500;71357272;0.87;0.11;0.010
20250417;8.97;9.03;9.11;8.97;7554500;68441909;0.83;-0.11;-0.010
20250416;9.17;9.04;9.2;8.93;11100160;100278596;1.21;-1.63;-0.150
20250415;9.32;9.19;9.32;9.14;10972515;101079937;1.2;-0.97;-0.090
20250414;9.3;9.28;9.36;9.24;14471396;134549660;1.58;0.76;0.070
20250411;9.1;9.21;9.28;9.06;14465000;133249524;1.58;0.55;0.050
20250410;9.06;9.16;9.31;9.0;22820700;209221131;2.5;2.58;0.230
20250409;8.7;8.93;9.04;8.26;28896036;250456638;3.16;-0.11;-0.010
20250408;8.91;8.94;9.08;8.6;32132772;283786413;3.51;-1.32;-0.120
20250407;9.4;9.06;9.49;9.06;24278600;222369809;2.66;-10.03;-1.010
20250403;10.01;10.07;10.12;9.99;11654230;117242347;1.27;0.0;0.000
20250402;10.15;10.07;10.17;10.04;9488500;95792855;1.04;-0.79;-0.080
20250401;10.04;10.15;10.24;10.04;12578822;127850169;1.38;0.69;0.070
20250331;10.14;10.08;10.2;9.96;15010585;151145390;1.64;-1.27;-0.130
20250328;10.39;10.21;10.44;10.13;17714400;181380004;1.94;-2.02;-0.210
20250327;10.46;10.42;10.53;10.38;17638300;184282124;1.93;-1.23;-0.130
20250326;10.49;10.55;10.7;10.49;24022960;254687211;2.63;0.38;0.040
20250325;10.41;10.51;10.66;10.34;26705095;280043755;2.92;1.55;0.160
20250324;10.22;10.35;10.42;10.1;21146693;216858043;2.31;0.78;0.080
20250321;10.34;10.27;10.46;10.21;15797743;163161006;1.73;-1.06;-0.110
20250320;10.53;10.38;10.57;10.37;15267401;159432601;1.67;-1.42;-0.150
20250319;10.56;10.53;10.56;10.41;13571500;142148188;1.48;-0.38;-0.040
20250318;10.55;10.57;10.69;10.53;15729600;166626871;1.72;0.19;0.020
20250317;10.65;10.55;10.71;10.53;17885141;189566491;1.96;-0.85;-0.090
20250314;10.58;10.64;10.65;10.41;27992660;295903226;3.06;1.43;0.150
20250313;10.48;10.49;10.53;10.31;19417900;201708289;2.12;0.19;0.020
20250312;10.61;10.47;10.69;10.46;22325700;235339310;2.44;-1.41;-0.150
20250311;10.38;10.62;10.62;10.25;30049528;314934125;3.29;1.82;0.190
20250310;10.4;10.43;10.54;10.33;25094175;261304023;2.74;1.16;0.120
20250307;10.09;10.31;10.59;10.06;42690442;443775823;4.67;2.18;0.220
20250306;10.05;10.09;10.1;9.98;16676560;167619885;1.82;0.7;0.070
20250305;10.12;10.02;10.12;9.89;17073973;170191817;1.87;-0.79;-0.080
20250304;10.11;10.1;10.14;9.95;18611883;186736338;2.04;-0.69;-0.070
20250303;9.92;10.17;10.3;9.92;30640880;312137682;3.35;2.62;0.260
20250228;10.12;9.91;10.14;9.9;20055686;200650760;2.19;-2.36;-0.240
20250227;10.26;10.15;10.29;10.01;23592823;239047246;2.58;-0.98;-0.100
20250226;10.1;10.25;10.29;10.1;16032942;163819675;1.75;1.18;0.120
20250225;10.17;10.13;10.36;10.08;19649798;200922206;2.15;-0.78;-0.080
20250224;10.28;10.21;10.31;10.13;18057260;184610841;1.98;-0.87;-0.090
20250221;10.3;10.3;10.34;10.18;18187362;186831988;1.99;0.0;0.000
20250220;10.35;10.3;10.42;10.25;14780919;152404358;1.62;-0.96;-0.100
20250219;10.27;10.4;10.41;10.25;15062554;155663761;1.65;1.17;0.120
20250218;10.51;10.28;10.55;10.23;22006714;228652245;2.41;-2.19;-0.230
20250217;10.74;10.51;10.74;10.45;25370100;267762793;2.78;-2.14;-0.230
20250214;10.59;10.74;10.85;10.59;25848304;277094792;2.83;1.42;0.150
20250213;10.58;10.59;10.78;10.56;16694660;177653233;1.83;-0.56;-0.060
20250212;10.47;10.65;10.77;10.41;19950180;211073781;2.18;1.04;0.110
20250211;10.66;10.54;10.73;10.44;16988880;178701580;1.86;-1.13;-0.120
20250210;10.75;10.66;10.79;10.61;16962882;180835379;1.86;-0.74;-0.080
20250207;10.59;10.74;10.87;10.56;20127100;216230476;2.2;1.23;0.130
20250206;10.44;10.61;10.62;10.36;14419300;151761698;1.58;1.34;0.140
20250205;10.48;10.47;10.55;10.36;13090566;137052415;1.43;0.96;0.100
20250127;10.56;10.37;10.68;10.36;12322800;129297427;1.35;-0.86;-0.090
20250124;10.2;10.46;10.46;10.19;11439700;118459424;1.25;2.05;0.210
20250123;10.43;10.25;10.57;10.23;13186200;137259945;1.44;-0.87;-0.090
20250122;10.38;10.34;10.47;10.28;9305481;96332377;1.02;-0.96;-0.100
20250121;10.62;10.44;10.66;10.36;10919100;114237873;1.19;-1.32;-0.140
20250120;10.69;10.58;10.72;10.55;12438800;132333987;1.36;-0.09;-0.010
20250117;10.43;10.59;10.63;10.4;13040300;137424366;1.43;1.15;0.120
20250116;10.41;10.47;10.62;10.37;17247410;180945892;1.89;0.96;0.100
20250115;10.4;10.37;10.45;10.23;14283204;147791641;1.56;-0.29;-0.030
20250114;10.17;10.4;10.45;10.09;17678264;181948896;1.93;2.36;0.240
20250113;9.84;10.16;10.18;9.75;14293475;143396540;1.56;2.32;0.230
20250110;10.26;9.93;10.34;9.91;13190600;133321283;1.44;-3.22;-0.330
20250109;10.08;10.26;10.3;10.02;13153900;134361006;1.44;0.88;0.090
20250108;10.36;10.17;10.4;9.95;19030512;192816732;2.08;-2.49;-0.260
20250107;10.11;10.43;10.44;10.07;14435667;148003218;1.58;2.96;0.300
20250106;10.07;10.13;10.39;9.95;17805100;181134272;1.95;0.0;0.000
20250103;10.37;10.13;10.52;10.1;17348240;179027323;1.9;-2.31;-0.240
20250102;10.56;10.37;10.84;10.23;17800300;187672792;1.95;-2.81;-0.300