20251022;5.38;5.39;5.47;5.34;16523621;89128551;2.29;0.19;0.010
20251021;5.28;5.38;5.39;5.27;12302200;65831610;1.71;1.89;0.100
20251020;5.29;5.28;5.34;5.23;10789400;56731807;1.5;-0.19;-0.010
20251017;5.32;5.29;5.34;5.26;10270634;54342218;1.43;-0.75;-0.040
20251016;5.39;5.33;5.42;5.3;12334900;65788236;1.71;-1.3;-0.070
20251015;5.36;5.4;5.42;5.35;13985000;75359546;1.94;0.75;0.040
20251014;5.35;5.36;5.4;5.33;16502905;88447113;2.29;0.0;0.000
20251013;5.15;5.36;5.37;5.1;17716805;93385763;2.46;1.52;0.080
20251010;5.23;5.28;5.32;5.2;13862460;73094053;1.92;0.57;0.030
20251009;5.29;5.25;5.29;5.19;13102700;68713306;1.82;0.96;0.050
20250930;5.31;5.2;5.32;5.2;10636003;55631038;1.48;-1.89;-0.100
20250929;5.21;5.3;5.3;5.12;16537400;86610289;2.29;1.73;0.090
20250926;5.11;5.21;5.27;5.07;14832403;77179290;2.06;2.16;0.110
20250925;5.18;5.1;5.19;5.06;11133000;57029763;1.54;-1.16;-0.060
20250924;5.07;5.16;5.18;5.07;11653154;59783264;1.62;1.18;0.060
20250923;5.15;5.1;5.16;4.94;15962500;80293820;2.21;-0.97;-0.050
20250922;5.17;5.15;5.19;5.07;11457443;58758760;1.59;-0.77;-0.040
20250919;5.21;5.19;5.26;5.15;12060730;62598258;1.67;-0.76;-0.040
20250918;5.35;5.23;5.37;5.18;21511004;113569444;2.98;-2.06;-0.110
20250917;5.32;5.34;5.38;5.28;13660600;72993283;1.9;0.38;0.020
20250916;5.33;5.32;5.34;5.24;10783000;56912841;1.5;0.38;0.020
20250915;5.32;5.3;5.39;5.26;11849800;62903570;1.64;-0.56;-0.030
20250912;5.36;5.33;5.41;5.27;15374101;81837925;2.13;-0.37;-0.020
20250911;5.25;5.35;5.35;5.21;16558402;87479087;2.3;1.71;0.090
20250910;5.24;5.26;5.27;5.2;13930921;72923832;1.93;0.0;0.000
20250909;5.24;5.26;5.31;5.22;18182598;95622383;2.52;0.19;0.010
20250908;5.11;5.25;5.25;5.1;21301800;111117221;2.96;2.34;0.120
20250905;5.16;5.13;5.17;5.08;18303300;93724589;2.57;-0.77;-0.040
20250904;5.06;5.17;5.19;5.06;22652747;116336920;3.18;2.17;0.110
20250903;5.22;5.06;5.23;5.04;21074973;107410982;2.96;-2.69;-0.140
20250902;5.31;5.2;5.38;5.13;26852111;139612004;3.77;-1.89;-0.100
20250901;5.3;5.3;5.39;5.26;27134131;144308710;3.81;0.57;0.030
20250829;5.45;5.27;5.47;5.23;34711800;184308724;4.88;-3.3;-0.180
20250828;5.51;5.45;5.58;5.32;56735114;308122239;7.97;-3.02;-0.170
20250827;5.31;5.62;5.83;5.25;90358908;501624409;12.7;5.24;0.280
20250826;5.24;5.34;5.58;5.24;60315479;324180246;8.48;5.33;0.270
20250825;5.08;5.07;5.14;5.03;18276420;92692975;2.57;0.2;0.010
20250822;5.07;5.06;5.1;4.99;14557813;73308942;2.05;0.0;0.000
20250821;5.05;5.06;5.13;5.01;20540046;104023254;2.89;0.2;0.010
20250820;4.93;5.05;5.17;4.9;32587913;164346645;4.58;2.43;0.120
20250819;4.86;4.93;4.96;4.85;13503402;66249217;1.9;1.23;0.060
20250818;4.88;4.87;4.91;4.85;13160600;64189450;1.85;0.0;0.000
20250815;4.85;4.87;4.91;4.85;10222700;49919150;1.44;0.41;0.020
20250814;4.97;4.85;4.98;4.85;10273100;50455887;1.44;-2.22;-0.110
20250813;4.98;4.96;4.99;4.94;8552100;42449474;1.2;-0.2;-0.010
20250812;5.01;4.97;5.02;4.95;6059500;30172389;0.85;-0.4;-0.020
20250811;4.98;4.99;5.01;4.9;8707121;43338134;1.22;0.4;0.020
20250808;4.92;4.97;4.98;4.9;10117000;50011822;1.42;1.02;0.050
20250807;4.95;4.92;4.96;4.91;6541200;32207556;0.92;-0.4;-0.020
20250806;4.95;4.94;4.95;4.9;6488600;31963382;0.91;0.2;0.010
20250805;4.9;4.93;4.94;4.89;7415900;36484155;1.04;0.82;0.040
20250804;4.87;4.89;4.89;4.82;6113200;29752036;0.86;0.41;0.020
20250801;4.83;4.87;4.88;4.81;7345300;35616608;1.03;1.25;0.060
20250731;4.91;4.81;4.93;4.81;10569577;51287145;1.49;-2.04;-0.100
20250730;4.94;4.91;4.94;4.89;8137026;39960634;1.14;-0.41;-0.020
20250729;4.95;4.93;4.98;4.87;8073800;39635819;1.13;-0.8;-0.040
20250728;4.98;4.97;5.0;4.93;7683700;38142905;1.08;0.0;0.000
20250725;5.02;4.97;5.04;4.95;8022293;39985646;1.13;-1.0;-0.050
20250724;5.0;5.02;5.03;4.97;8814300;44092881;1.24;0.6;0.030
20250723;5.03;4.99;5.05;4.98;9762500;48928632;1.37;-0.6;-0.030
20250722;5.02;5.02;5.04;4.95;12347660;61701498;1.74;-0.2;-0.010
20250721;4.93;5.03;5.03;4.93;14964700;74793218;2.1;2.03;0.100
20250718;4.95;4.93;5.0;4.91;12990300;64236220;1.83;-0.2;-0.010
20250717;4.9;4.94;4.99;4.89;10911526;53794277;1.53;0.82;0.040
20250716;4.87;4.9;4.92;4.83;9694805;47419416;1.36;0.62;0.030
20250715;4.94;4.87;4.94;4.81;8467400;41200883;1.19;-1.42;-0.070
20250714;4.92;4.94;4.95;4.9;10095904;49721349;1.42;0.61;0.030
20250711;4.9;4.91;4.96;4.87;10015400;49165554;1.41;0.2;0.010
20250710;4.89;4.9;4.92;4.86;8932900;43706294;1.26;0.41;0.020
20250709;4.9;4.88;4.93;4.87;6457006;31560153;0.91;-0.2;-0.010
20250708;4.9;4.89;4.9;4.85;6558002;32050083;0.92;0.0;0.000
20250707;4.84;4.89;4.9;4.84;6219300;30318038;0.87;0.62;0.030
20250704;4.89;4.86;4.9;4.85;7149000;34871491;1.0;-0.61;-0.030
20250703;4.83;4.89;4.9;4.81;9319140;45268703;1.31;1.45;0.070
20250702;4.8;4.82;4.83;4.78;6388600;30702608;0.9;0.42;0.020
20250701;4.8;4.8;4.81;4.75;5844700;27965557;0.82;0.0;0.000
20250630;4.77;4.8;4.81;4.73;7550240;36045479;1.06;0.63;0.030
20250627;4.77;4.77;4.79;4.72;7771725;36966227;1.09;1.06;0.050
20250626;4.73;4.72;4.75;4.7;6126800;28972764;0.86;-0.21;-0.010
20250625;4.74;4.73;4.74;4.68;6855200;32311133;0.96;0.42;0.020
20250624;4.63;4.71;4.72;4.62;5995500;28162942;0.84;1.51;0.070
20250623;4.57;4.64;4.66;4.56;4295887;19816769;0.6;1.09;0.050
20250620;4.62;4.59;4.64;4.56;4227405;19409833;0.59;-0.22;-0.010
20250619;4.68;4.6;4.7;4.58;6402305;29602723;0.9;-1.92;-0.090
20250618;4.75;4.69;4.76;4.68;6353800;29877544;0.89;-1.47;-0.070
20250617;4.74;4.76;4.77;4.71;5463200;25897649;0.77;0.42;0.020
20250616;4.76;4.74;4.79;4.71;6703800;31795567;0.94;-0.42;-0.020
20250613;4.8;4.76;4.82;4.74;6564600;31299974;0.92;-1.04;-0.050
20250612;4.84;4.81;4.85;4.77;7060300;33935271;0.99;-1.03;-0.050
20250611;4.8;4.86;4.94;4.8;8611500;41913537;1.21;0.62;0.030
20250610;4.88;4.83;4.89;4.79;8676500;41979510;1.22;-0.62;-0.030
20250609;4.82;4.86;4.88;4.82;7606301;36867275;1.07;0.83;0.040
20250606;4.93;4.92;4.94;4.9;5552702;27308864;0.78;0.2;0.010
20250605;4.91;4.91;4.93;4.88;5270600;25842379;0.74;0.0;0.000
20250604;4.92;4.91;4.95;4.89;4643840;22784763;0.65;-0.2;-0.010
20250603;4.82;4.92;4.93;4.8;8641538;42256290;1.21;1.03;0.050
20250530;4.99;4.87;5.02;4.86;11238902;55314558;1.58;-1.22;-0.060
20250529;4.89;4.93;4.95;4.86;7629700;37560930;1.07;0.82;0.040
20250528;4.88;4.89;4.96;4.86;5860400;28720594;0.82;0.2;0.010
20250527;4.82;4.88;4.89;4.78;7935700;38480453;1.12;1.04;0.050
20250526;4.75;4.83;4.85;4.75;5846773;28115452;0.82;1.9;0.090
20250523;4.79;4.74;4.83;4.74;5949900;28469420;0.84;-0.84;-0.040
20250522;4.86;4.78;4.88;4.77;6769300;32615310;0.95;-1.65;-0.080
20250521;4.87;4.86;4.9;4.84;5048000;24553367;0.71;-0.61;-0.030
20250520;4.87;4.89;4.91;4.83;6554600;31898583;0.92;0.41;0.020
20250519;4.85;4.87;4.89;4.81;5708600;27736636;0.8;1.25;0.060
20250516;4.79;4.81;4.83;4.78;4753400;22872583;0.67;0.0;0.000
20250515;4.8;4.81;4.95;4.75;11438000;55292060;1.61;0.21;0.010
20250514;4.82;4.8;4.82;4.76;5089000;24358747;0.72;0.21;0.010
20250513;4.82;4.79;4.87;4.78;4694100;22573912;0.66;-0.62;-0.030
20250512;4.83;4.82;4.86;4.79;6703300;32285255;0.94;0.0;0.000
20250509;4.85;4.82;4.87;4.8;6129400;29584508;0.86;-0.82;-0.040
20250508;4.81;4.86;4.87;4.78;5666922;27422228;0.8;0.83;0.040
20250507;4.81;4.82;4.83;4.76;6909595;33175269;0.97;0.84;0.040
20250506;4.7;4.78;4.8;4.7;7695200;36731324;1.08;1.92;0.090
20250430;4.73;4.69;4.75;4.69;6091500;28720287;0.86;-0.42;-0.020
20250429;4.71;4.71;4.77;4.69;7122902;33702518;1.0;-0.42;-0.020
20250428;4.83;4.73;4.84;4.68;6743300;31881059;0.95;-1.87;-0.090
20250425;4.79;4.82;4.83;4.76;6117402;29367063;0.86;1.47;0.070
20250424;4.78;4.75;4.8;4.7;5701402;27068665;0.8;0.0;0.000
20250423;4.77;4.75;4.8;4.74;5973870;28441344;0.84;0.21;0.010
20250422;4.65;4.74;4.77;4.63;10822500;50824841;1.52;2.16;0.100
20250421;4.56;4.64;4.65;4.51;6407900;29295914;0.9;2.2;0.100
20250418;4.56;4.54;4.58;4.5;3910036;17718194;0.55;-0.44;-0.020
20250417;4.54;4.56;4.59;4.5;5582602;25498372;0.78;0.44;0.020
20250416;4.6;4.54;4.63;4.48;5710500;25967596;0.8;-1.52;-0.070
20250415;4.58;4.61;4.61;4.53;4960400;22629753;0.7;0.88;0.040
20250414;4.58;4.57;4.61;4.55;6823902;31225902;0.96;1.33;0.060
20250411;4.51;4.51;4.57;4.5;7398100;33593950;1.04;-0.88;-0.040
20250410;4.55;4.55;4.62;4.53;10335900;47298258;1.45;0.89;0.040
20250409;4.36;4.51;4.54;4.15;15362301;67224181;2.16;2.5;0.110
20250408;4.48;4.4;4.56;4.29;14067100;62120640;1.98;-1.35;-0.060
20250407;4.69;4.46;4.72;4.46;13277700;60408715;1.87;-10.08;-0.500
20250403;4.96;4.96;5.0;4.92;9609420;47639031;1.35;-0.6;-0.030
20250402;5.02;4.99;5.07;4.96;7650100;38304399;1.08;-0.6;-0.030
20250401;4.92;5.02;5.02;4.92;10018800;50092613;1.41;1.83;0.090
20250331;4.92;4.93;4.96;4.86;9476640;46472863;1.33;-0.2;-0.010
20250328;4.99;4.94;5.1;4.92;11419700;56952537;1.6;-0.6;-0.030
20250327;5.0;4.97;5.03;4.96;9710600;48401056;1.36;-0.8;-0.040
20250326;4.89;5.01;5.04;4.87;14596202;72797057;2.05;2.24;0.110
20250325;4.81;4.9;4.92;4.79;9389900;45688086;1.32;1.66;0.080
20250324;4.98;4.82;4.98;4.74;9723600;47147205;1.37;-2.63;-0.130
20250321;4.92;4.95;5.0;4.91;11266893;55840218;1.58;0.0;0.000
20250320;4.97;4.95;5.02;4.92;16799800;83479863;2.36;1.23;0.060
20250319;4.89;4.89;4.91;4.85;5454900;26587587;0.77;-0.2;-0.010
20250318;4.92;4.9;4.94;4.87;6489393;31802887;0.91;0.0;0.000
20250317;4.88;4.9;4.92;4.86;8802201;43021505;1.24;0.62;0.030
20250314;4.8;4.87;4.88;4.76;9781500;47234186;1.37;1.88;0.090
20250313;4.81;4.78;4.84;4.72;7279760;34697554;1.02;-0.42;-0.020
20250312;4.77;4.8;4.82;4.75;6125920;29305131;0.86;0.42;0.020
20250311;4.78;4.78;4.78;4.71;5185602;24628988;0.73;0.0;0.000
20250310;4.76;4.78;4.79;4.73;6690900;31883120;0.94;0.63;0.030
20250307;4.79;4.75;4.8;4.73;6633700;31594167;0.93;-0.84;-0.040
20250306;4.76;4.79;4.81;4.74;6995816;33461196;0.98;0.63;0.030
20250305;4.8;4.76;4.83;4.68;7853700;37117919;1.1;-0.63;-0.030
20250304;4.77;4.79;4.79;4.73;5880500;28041345;0.83;0.63;0.030
20250303;4.77;4.76;4.85;4.73;6277000;30069572;0.88;0.42;0.020
20250228;4.83;4.74;4.86;4.73;8301500;39705864;1.17;-2.67;-0.130
20250227;4.91;4.87;4.94;4.77;14730100;71404577;2.07;-1.22;-0.060
20250226;4.83;4.93;5.06;4.83;21436395;105796139;3.01;2.07;0.100
20250225;4.8;4.83;4.85;4.74;10123593;48758473;1.42;0.63;0.030
20250224;4.8;4.8;4.84;4.76;7542700;36176542;1.06;0.0;0.000
20250221;4.71;4.8;4.83;4.7;9426460;45026054;1.32;1.27;0.060
20250220;4.71;4.74;4.79;4.68;6613300;31228612;0.93;0.21;0.010
20250219;4.74;4.73;4.76;4.68;6491593;30654754;0.91;0.85;0.040
20250218;4.81;4.69;4.83;4.67;9744100;46294226;1.37;-2.9;-0.140
20250217;4.68;4.83;4.89;4.68;12178800;58556941;1.71;1.9;0.090
20250214;4.76;4.74;4.78;4.69;11048000;52237720;1.55;-0.84;-0.040
20250213;4.83;4.78;4.86;4.74;12622540;60599763;1.77;-1.24;-0.060
20250212;4.79;4.84;4.95;4.77;16939610;82191695;2.38;1.89;0.090
20250211;4.82;4.75;4.91;4.69;17420500;82909061;2.45;-1.45;-0.070
20250210;4.56;4.82;4.93;4.55;22472519;106550912;3.16;5.7;0.260
20250207;4.52;4.56;4.6;4.51;8450700;38453242;1.19;0.66;0.030
20250206;4.49;4.53;4.53;4.44;5315500;23857344;0.75;0.89;0.040
20250205;4.5;4.49;4.52;4.45;4674400;20979996;0.66;0.22;0.010
20250127;4.45;4.48;4.55;4.45;5478400;24686488;0.77;0.45;0.020
20250124;4.42;4.46;4.48;4.39;5826400;25802012;0.82;0.22;0.010
20250123;4.53;4.45;4.58;4.44;8799000;39602534;1.24;-1.11;-0.050
20250122;4.49;4.5;4.55;4.42;5029000;22650838;0.71;0.0;0.000
20250121;4.52;4.5;4.54;4.46;4647301;20878473;0.65;0.22;0.010
20250120;4.5;4.49;4.54;4.39;6532200;29275915;0.92;1.13;0.050
20250117;4.36;4.44;4.51;4.33;8254702;36637853;1.16;1.37;0.060
20250116;4.31;4.38;4.44;4.31;7104300;31141415;1.0;1.86;0.080
20250115;4.32;4.3;4.34;4.27;4537300;19533920;0.64;-0.46;-0.020
20250114;4.18;4.32;4.32;4.18;6013600;25719200;0.85;3.1;0.130
20250113;4.18;4.19;4.19;4.08;5491000;22728155;0.77;0.48;0.020
20250110;4.31;4.17;4.31;4.17;5015400;21233510;0.7;-2.57;-0.110
20250109;4.3;4.28;4.3;4.24;3970700;17000413;0.56;-0.47;-0.020
20250108;4.29;4.3;4.32;4.17;6642700;28229652;0.93;-0.23;-0.010
20250107;4.27;4.31;4.31;4.22;6249300;26618222;0.88;1.65;0.070
20250106;4.24;4.24;4.3;4.12;7825330;33028311;1.1;-0.47;-0.020
20250103;4.4;4.26;4.45;4.2;10254231;44187955;1.44;-3.18;-0.140
20250102;4.49;4.4;4.55;4.37;7405650;33052978;1.04;-2.0;-0.090