20251022;2.49;2.5;2.54;2.44;338208372;842065887;8.16;0.4;0.010
20251021;2.41;2.49;2.51;2.4;327667431;807794771;7.91;3.32;0.080
20251020;2.35;2.41;2.42;2.35;226809830;542528168;5.47;2.99;0.070
20251017;2.32;2.34;2.37;2.31;196926800;462203407;4.75;0.43;0.010
20251016;2.34;2.33;2.36;2.31;114075791;265657050;2.75;0.0;0.000
20251015;2.32;2.33;2.36;2.31;118508961;276420535;2.86;0.43;0.010
20251014;2.32;2.32;2.35;2.3;141633013;329857124;3.42;0.0;0.000
20251013;2.27;2.32;2.32;2.25;133838674;305503521;3.23;-0.43;-0.010
20251010;2.3;2.33;2.34;2.28;145889313;339177949;3.52;0.87;0.020
20251009;2.26;2.31;2.31;2.25;142863525;326265173;3.45;1.76;0.040
20250930;2.26;2.27;2.28;2.25;86823187;196547670;2.1;-0.44;-0.010
20250929;2.27;2.28;2.28;2.23;121463880;274367330;2.93;0.44;0.010
20250926;2.28;2.27;2.32;2.27;128899980;295224872;3.11;-0.44;-0.010
20250925;2.27;2.28;2.34;2.25;139185493;319224759;3.36;0.0;0.000
20250924;2.26;2.28;2.32;2.25;137815446;314608128;3.33;1.79;0.040
20250923;2.3;2.24;2.3;2.22;146670040;329110953;3.54;-2.18;-0.050
20250922;2.32;2.29;2.33;2.27;108613390;248485541;2.62;-1.72;-0.040
20250919;2.38;2.33;2.41;2.31;161864866;379958439;3.91;-2.1;-0.050
20250918;2.4;2.38;2.45;2.36;224117040;540396408;5.41;-1.24;-0.030
20250917;2.42;2.41;2.43;2.39;138376777;333144151;3.34;-0.41;-0.010
20250916;2.38;2.42;2.42;2.35;202353084;482669283;4.88;2.11;0.050
20250915;2.34;2.37;2.39;2.33;183293164;433093463;4.42;1.72;0.040
20250912;2.31;2.33;2.35;2.3;169031667;393596712;4.08;0.43;0.010
20250911;2.32;2.32;2.33;2.28;136969334;315278802;3.31;-0.43;-0.010
20250910;2.29;2.33;2.34;2.28;201279920;467564301;4.86;2.19;0.050
20250909;2.29;2.28;2.3;2.26;87861324;200478274;2.12;-0.87;-0.020
20250908;2.27;2.3;2.3;2.26;119515785;273345920;2.88;0.88;0.020
20250905;2.26;2.28;2.28;2.22;112154578;252375946;2.71;0.44;0.010
20250904;2.26;2.27;2.29;2.24;124250317;281319241;3.0;0.0;0.000
20250903;2.32;2.27;2.33;2.26;125016826;285777071;3.02;-2.16;-0.050
20250902;2.33;2.32;2.35;2.3;125143686;290341269;3.02;-0.43;-0.010
20250901;2.33;2.33;2.35;2.31;108232142;252015441;2.61;-0.43;-0.010
20250829;2.34;2.34;2.37;2.33;114774337;269603265;2.77;0.0;0.000
20250828;2.36;2.34;2.38;2.29;195545231;456749934;4.72;-0.85;-0.020
20250827;2.43;2.36;2.44;2.35;237638890;569834182;5.73;-3.28;-0.080
20250826;2.43;2.44;2.45;2.41;164048366;399703943;3.96;0.41;0.010
20250825;2.4;2.43;2.44;2.39;210652986;510221485;5.08;0.83;0.020
20250822;2.41;2.41;2.42;2.37;216921514;518220824;5.23;0.0;0.000
20250821;2.41;2.41;2.45;2.4;282696470;684611227;6.82;0.0;0.000
20250820;2.39;2.41;2.42;2.38;119205280;285856025;2.88;0.84;0.020
20250819;2.41;2.39;2.42;2.39;120742841;290187270;2.91;-0.83;-0.020
20250818;2.41;2.41;2.44;2.4;121191874;293583525;2.92;0.0;0.000
20250815;2.38;2.41;2.42;2.37;105016144;252289237;2.53;1.26;0.030
20250814;2.42;2.38;2.43;2.37;130028701;311495748;3.14;-1.65;-0.040
20250813;2.42;2.42;2.43;2.4;111355350;269105909;2.69;-0.41;-0.010
20250812;2.44;2.43;2.45;2.42;85563300;208374612;2.06;-0.41;-0.010
20250811;2.43;2.44;2.45;2.4;121996635;296191102;2.94;0.41;0.010
20250808;2.4;2.43;2.46;2.39;146628646;356466932;3.54;1.25;0.030
20250807;2.4;2.4;2.42;2.38;107673708;258545450;2.6;-0.41;-0.010
20250806;2.4;2.41;2.42;2.38;92780963;222818577;2.24;0.0;0.000
20250805;2.38;2.41;2.41;2.37;85723100;205453821;2.07;1.26;0.030
20250804;2.37;2.38;2.39;2.35;85719947;202898207;2.07;-0.42;-0.010
20250801;2.38;2.39;2.41;2.37;88100210;210449146;2.13;0.0;0.000
20250731;2.44;2.39;2.45;2.38;156469599;376431232;3.78;-2.85;-0.070
20250730;2.44;2.46;2.48;2.44;238610376;587455753;5.76;1.65;0.040
20250729;2.41;2.42;2.44;2.39;119296096;287962074;2.88;0.83;0.020
20250728;2.44;2.4;2.45;2.39;151523070;364967158;3.66;-1.64;-0.040
20250725;2.52;2.44;2.53;2.43;312287200;767708516;7.54;-5.06;-0.130
20250724;2.37;2.57;2.61;2.36;569760584;1427748394;13.75;8.44;0.200
20250723;2.39;2.37;2.41;2.36;186770782;445962642;4.51;-0.84;-0.020
20250722;2.37;2.39;2.41;2.34;182381490;432976316;4.4;0.84;0.020
20250721;2.33;2.37;2.37;2.33;136622001;322345451;3.3;1.28;0.030
20250718;2.34;2.34;2.36;2.32;92847605;217105351;2.24;0.0;0.000
20250717;2.31;2.34;2.35;2.3;123061630;286770030;2.97;0.86;0.020
20250716;2.31;2.32;2.32;2.29;75766324;175078424;1.83;0.87;0.020
20250715;2.36;2.3;2.37;2.29;186692860;431818139;4.51;-2.95;-0.070
20250714;2.39;2.37;2.45;2.36;216046755;518253693;5.21;-0.84;-0.020
20250711;2.37;2.39;2.43;2.36;181770170;433654073;4.39;0.84;0.020
20250710;2.36;2.37;2.38;2.35;121169463;286912112;2.92;0.42;0.010
20250709;2.38;2.36;2.39;2.35;122427800;290153264;2.95;-0.84;-0.020
20250708;2.36;2.38;2.38;2.35;140438173;332619253;3.39;0.42;0.010
20250707;2.34;2.37;2.4;2.3;209440034;493309080;5.05;1.28;0.030
20250704;2.34;2.34;2.37;2.33;147492584;346938439;3.56;-0.43;-0.010
20250703;2.39;2.35;2.41;2.34;166544351;393283948;4.02;-1.26;-0.030
20250702;2.36;2.38;2.4;2.34;242341395;576544354;5.85;0.85;0.020
20250701;2.34;2.36;2.38;2.32;188668701;442004187;4.55;0.43;0.010
20250630;2.32;2.35;2.36;2.31;227428560;532365761;5.49;1.29;0.030
20250627;2.34;2.32;2.35;2.31;239983330;558509255;5.79;-3.33;-0.080
20250626;2.34;2.4;2.45;2.31;417370225;986194932;10.07;1.69;0.040
20250625;2.32;2.36;2.38;2.3;381853444;894602191;9.22;-1.67;-0.040
20250624;2.4;2.4;2.49;2.4;586823500;1415649627;14.16;-10.11;-0.270
20250623;2.68;2.67;2.75;2.62;564293912;1508606729;13.62;4.71;0.120
20250620;2.62;2.55;2.68;2.53;457574707;1185224447;11.04;-6.25;-0.170
20250619;2.51;2.72;2.83;2.43;775800067;2026864555;18.72;5.43;0.140
20250618;2.7;2.58;2.72;2.53;581576168;1528355836;14.04;-1.53;-0.040
20250617;2.55;2.62;2.77;2.5;827994220;2171048065;19.98;-1.87;-0.050
20250616;2.62;2.67;2.67;2.49;836822234;2190157655;20.2;9.88;0.240
20250613;2.39;2.43;2.43;2.32;568893023;1369140949;13.73;9.95;0.220
20250612;2.21;2.21;2.27;2.2;168320951;374467710;4.06;1.84;0.040
20250611;2.16;2.17;2.19;2.16;71420730;155415393;1.72;0.0;0.000
20250610;2.21;2.17;2.21;2.14;102481690;222570095;2.47;-1.36;-0.030
20250609;2.21;2.2;2.22;2.19;83449100;183808251;2.01;0.0;0.000
20250606;2.19;2.2;2.21;2.18;82430351;181186893;1.99;0.46;0.010
20250605;2.21;2.19;2.22;2.17;76223439;167210318;1.84;-0.9;-0.020
20250604;2.23;2.21;2.23;2.2;92977730;205702082;2.24;-0.9;-0.020
20250603;2.21;2.23;2.23;2.18;116047119;256422751;2.8;1.83;0.040
20250530;2.17;2.19;2.21;2.15;114203213;249608123;2.76;0.92;0.020
20250529;2.16;2.17;2.18;2.14;77778889;168745569;1.88;0.46;0.010
20250528;2.18;2.16;2.2;2.15;101565990;220116864;2.45;-0.92;-0.020
20250527;2.2;2.18;2.22;2.17;126089660;275995691;3.04;-2.24;-0.050
20250526;2.26;2.23;2.33;2.18;262969529;587065027;6.35;4.69;0.100
20250523;2.18;2.13;2.21;2.12;130288290;281466198;3.14;-2.29;-0.050
20250522;2.15;2.18;2.2;2.13;136903900;297664991;3.3;0.93;0.020
20250521;2.13;2.16;2.22;2.13;185893714;404525180;4.49;1.89;0.040
20250520;2.13;2.12;2.13;2.11;46621030;98872775;1.13;-0.47;-0.010
20250519;2.1;2.13;2.14;2.09;68399751;144852058;1.65;1.43;0.030
20250516;2.11;2.1;2.12;2.09;56650700;119014584;1.37;-0.47;-0.010
20250515;2.12;2.11;2.15;2.11;73327130;155903775;1.77;-1.4;-0.030
20250514;2.13;2.14;2.14;2.11;72001800;152994167;1.74;0.94;0.020
20250513;2.12;2.12;2.15;2.11;79017604;168089753;1.91;0.47;0.010
20250512;2.1;2.11;2.11;2.09;57379360;120564887;1.38;0.48;0.010
20250509;2.13;2.1;2.17;2.09;98070300;207441653;2.37;-0.94;-0.020
20250508;2.1;2.12;2.13;2.09;75145321;159068370;1.81;0.47;0.010
20250507;2.1;2.11;2.12;2.09;73386080;154314726;1.77;0.96;0.020
20250506;2.05;2.09;2.09;2.04;77952759;161749231;1.88;1.95;0.040
20250430;2.04;2.05;2.08;2.04;54641800;112537945;1.32;0.49;0.010
20250429;2.05;2.04;2.06;2.03;73633610;150456415;1.78;-0.49;-0.010
20250428;2.1;2.05;2.1;2.05;88015050;181847497;2.12;-2.38;-0.050
20250425;2.09;2.1;2.12;2.08;80074309;168305685;1.93;0.96;0.020
20250424;2.11;2.08;2.12;2.08;93612591;196024142;2.26;-1.89;-0.040
20250423;2.13;2.12;2.14;2.11;68364900;145163763;1.65;0.0;0.000
20250422;2.13;2.12;2.14;2.11;73056110;154922813;1.76;-0.93;-0.020
20250421;2.12;2.14;2.15;2.1;82266800;175058067;1.99;0.47;0.010
20250418;2.14;2.13;2.15;2.11;61726100;131322124;1.49;0.47;0.010
20250417;2.1;2.12;2.14;2.1;56942452;120981006;1.37;0.47;0.010
20250416;2.15;2.11;2.15;2.09;80086484;169707515;1.93;-2.31;-0.050
20250415;2.17;2.16;2.17;2.14;69106318;148630643;1.67;-0.92;-0.020
20250414;2.14;2.18;2.2;2.13;130236505;281774456;3.14;2.83;0.060
20250411;2.1;2.12;2.14;2.09;99448139;210509819;2.4;-0.93;-0.020
20250410;2.15;2.14;2.18;2.13;145573385;312744452;3.51;0.94;0.020
20250409;2.07;2.12;2.14;1.92;179558969;366402293;4.33;0.47;0.010
20250408;2.08;2.11;2.13;2.05;137492676;288049385;3.32;1.44;0.030
20250407;2.12;2.08;2.18;2.08;183777869;388979634;4.44;-9.96;-0.230
20250403;2.26;2.31;2.33;2.25;121117200;278705687;2.92;0.87;0.020
20250402;2.33;2.29;2.35;2.29;120143000;277570042;2.9;-2.55;-0.060
20250401;2.3;2.35;2.44;2.3;203605904;481984124;4.91;3.52;0.080
20250331;2.23;2.27;2.32;2.23;165351340;375271091;3.99;-1.73;-0.040
20250328;2.38;2.31;2.39;2.31;177492577;415832016;4.28;-3.35;-0.080
20250327;2.5;2.39;2.52;2.38;259164800;624592227;6.25;-4.78;-0.120
20250326;2.53;2.51;2.54;2.47;347125413;869472552;8.38;-3.09;-0.080
20250325;2.42;2.59;2.66;2.42;608631121;1572544455;14.69;7.02;0.170
20250324;2.54;2.42;2.55;2.38;502462202;1235454183;12.13;-4.72;-0.120
20250321;2.31;2.54;2.54;2.31;520395864;1292524272;12.56;9.96;0.230
20250320;2.24;2.31;2.41;2.23;279074002;648856907;6.73;3.13;0.070
20250319;2.23;2.24;2.26;2.22;101334163;227020010;2.45;0.0;0.000
20250318;2.23;2.24;2.24;2.2;84596921;187853117;2.04;0.45;0.010
20250317;2.21;2.23;2.28;2.2;167680931;376663628;4.05;0.9;0.020
20250314;2.17;2.21;2.23;2.16;155594415;342203879;3.75;2.31;0.050
20250313;2.15;2.16;2.17;2.14;82845728;178352954;2.0;0.47;0.010
20250312;2.16;2.15;2.17;2.14;73141793;157615522;1.77;-0.46;-0.010
20250311;2.15;2.16;2.18;2.14;69195357;149366104;1.67;-0.46;-0.010
20250310;2.15;2.17;2.17;2.14;60972150;131635583;1.47;0.93;0.020
20250307;2.16;2.15;2.17;2.14;69120501;148791131;1.67;-0.46;-0.010
20250306;2.15;2.16;2.18;2.14;85430125;184390031;2.06;0.47;0.010
20250305;2.16;2.15;2.16;2.13;95205808;204024230;2.3;-0.46;-0.010
20250304;2.18;2.16;2.19;2.14;106860601;230610202;2.58;-1.82;-0.040
20250303;2.24;2.2;2.25;2.19;166118460;367792758;4.01;-1.79;-0.040
20250228;2.17;2.24;2.3;2.17;298374783;671440671;7.2;2.75;0.060
20250227;2.16;2.18;2.21;2.16;135944710;296450277;3.28;0.46;0.010
20250226;2.13;2.17;2.17;2.13;104652374;225649171;2.53;1.88;0.040
20250225;2.14;2.13;2.18;2.12;105591630;226668275;2.55;-1.39;-0.030
20250224;2.12;2.16;2.17;2.12;105738831;227614063;2.55;0.93;0.020
20250221;2.17;2.14;2.18;2.13;101947326;218582078;2.46;-1.38;-0.030
20250220;2.17;2.17;2.2;2.15;95284187;206624141;2.3;-0.46;-0.010
20250219;2.16;2.18;2.18;2.15;87777800;190076705;2.12;0.46;0.010
20250218;2.23;2.17;2.24;2.17;121268630;266889079;2.93;-2.69;-0.060
20250217;2.21;2.23;2.25;2.19;127853696;283855914;3.09;0.45;0.010
20250214;2.23;2.22;2.25;2.2;95054441;210857101;2.29;-0.89;-0.020
20250213;2.22;2.24;2.27;2.21;140312262;315026524;3.39;0.45;0.010
20250212;2.23;2.23;2.25;2.19;94939240;210863979;2.29;0.0;0.000
20250211;2.26;2.23;2.27;2.21;88678290;197976674;2.14;-0.89;-0.020
20250210;2.21;2.25;2.26;2.21;119000463;266442314;2.87;1.81;0.040
20250207;2.17;2.21;2.24;2.17;159360390;352206793;3.85;1.38;0.030
20250206;2.15;2.18;2.18;2.12;99560930;214926712;2.4;1.4;0.030
20250205;2.16;2.15;2.17;2.13;85391044;183972230;2.06;0.0;0.000
20250127;2.18;2.15;2.23;2.14;131270967;286065094;3.17;0.0;0.000
20250124;2.1;2.15;2.16;2.08;133707401;283313038;3.23;1.42;0.030
20250123;2.14;2.12;2.18;2.11;120862660;259264186;2.92;0.0;0.000
20250122;2.17;2.12;2.17;2.12;115631400;246838490;2.79;-2.75;-0.060
20250121;2.23;2.18;2.23;2.16;148085702;323591681;3.57;-2.68;-0.060
20250120;2.27;2.24;2.28;2.22;144545441;323664860;3.49;-0.88;-0.020
20250117;2.28;2.26;2.29;2.23;161856200;364621627;3.91;-1.74;-0.040
20250116;2.28;2.3;2.34;2.27;228889014;528058608;5.52;1.77;0.040
20250115;2.3;2.26;2.31;2.23;186775514;421546351;4.51;-2.59;-0.060
20250114;2.22;2.32;2.32;2.22;208049166;474221555;5.02;3.11;0.070
20250113;2.21;2.25;2.27;2.2;145886814;325931775;3.52;2.74;0.060
20250110;2.25;2.19;2.27;2.18;87697900;194522891;2.12;-3.1;-0.070
20250109;2.25;2.26;2.28;2.23;69940800;157716510;1.69;-0.88;-0.020
20250108;2.28;2.28;2.32;2.21;112935000;255577676;2.73;0.0;0.000
20250107;2.23;2.28;2.29;2.21;93078760;209229675;2.25;2.24;0.050
20250106;2.29;2.23;2.3;2.21;133803500;301249272;3.23;-2.19;-0.050
20250103;2.29;2.28;2.35;2.25;167647640;383972622;4.05;-0.44;-0.010
20250102;2.26;2.29;2.36;2.26;171193330;394504832;4.13;0.88;0.020