20251022;29.84;30.08;30.27;29.18;29215871;870256950;1.88;-1.09;-0.330
20251021;30.1;30.41;30.58;29.93;30967586;938395681;1.99;1.54;0.460
20251020;30.06;29.95;30.47;29.42;31667285;947691222;2.04;-0.07;-0.020
20251017;30.91;29.97;31.58;29.83;40914212;1249213453;2.63;-3.17;-0.980
20251016;31.5;30.95;31.76;30.77;40145186;1251108497;2.58;-3.13;-1.000
20251015;32.47;31.95;32.82;30.92;55249341;1754930037;3.56;-1.6;-0.520
20251014;33.3;32.47;34.41;31.4;96193070;3164522297;6.19;-2.46;-0.820
20251013;30.08;33.29;33.3;30.08;103852214;3327580831;6.68;7.77;2.400
20251010;32.06;30.89;32.06;30.52;66382552;2071813083;4.27;-4.13;-1.330
20251009;30.69;32.22;32.22;30.17;89165831;2780048054;5.74;8.85;2.620
20250930;29.22;29.6;30.28;29.04;56167000;1672099512;3.61;2.07;0.600
20250929;28.83;29.0;29.1;28.19;42303121;1216177965;2.72;2.4;0.680
20250926;28.79;28.32;29.18;28.32;40495488;1162683131;2.61;-0.98;-0.280
20250925;28.15;28.78;29.0;27.92;57092549;1627513126;3.67;2.68;0.750
20250924;27.74;28.03;28.21;27.43;30117392;840013139;1.94;1.19;0.330
20250923;28.56;27.7;28.87;27.18;43771238;1218234230;2.82;-2.98;-0.850
20250922;28.58;28.55;28.96;28.02;35974877;1024264461;2.32;-0.8;-0.230
20250919;28.56;28.78;29.2;28.56;38809816;1121815119;2.5;0.77;0.220
20250918;29.22;28.56;29.63;28.19;58632852;1694047564;3.77;-3.77;-1.120
20250917;29.1;29.68;29.79;28.89;45508677;1338729946;2.93;0.27;0.080
20250916;30.49;29.6;30.68;28.74;86105318;2528870702;5.54;-2.73;-0.830
20250915;31.38;30.43;31.38;30.35;59862661;1845210910;3.85;-3.37;-1.060
20250912;31.48;31.49;32.14;31.15;63864593;2015598677;4.11;0.16;0.050
20250911;30.85;31.44;31.55;30.49;63301069;1974320240;4.07;2.24;0.690
20250910;31.0;30.75;31.63;30.25;63556779;1960058263;4.09;-2.32;-0.730
20250909;31.28;31.48;32.45;30.57;84667779;2660402806;5.45;0.74;0.230
20250908;31.5;31.25;32.64;30.89;106415944;3365993299;6.85;4.94;1.470
20250905;28.78;29.78;29.99;28.62;68438215;2012280415;4.4;3.44;0.990
20250904;30.5;28.79;31.09;28.29;107297557;3169953723;6.9;-5.92;-1.810
20250903;32.3;30.6;32.39;30.38;84595418;2644968823;5.44;-3.47;-1.100
20250902;32.98;31.7;33.18;31.2;103452530;3286156775;6.66;-3.06;-1.000
20250901;31.7;32.7;33.17;30.84;115488866;3731834759;7.43;6.24;1.920
20250829;29.61;30.78;31.18;29.25;101329003;3067731355;6.52;3.71;1.100
20250828;28.66;29.68;29.98;28.5;101347258;2966104334;6.52;3.63;1.040
20250827;28.21;28.64;29.79;27.92;104418790;3023496375;6.72;1.2;0.340
20250826;28.7;28.3;28.7;27.57;91246532;2559902270;5.87;-2.82;-0.820
20250825;28.25;29.12;29.55;27.77;121654086;3456558729;7.83;6.01;1.650
20250822;26.66;27.47;28.2;26.45;103741428;2869029575;6.68;2.08;0.560
20250821;26.89;26.91;27.85;26.59;87157939;2363842823;5.61;0.82;0.220
20250820;25.52;26.69;27.77;25.52;91405180;2439416340;5.88;3.65;0.940
20250819;24.75;25.75;26.97;24.6;98905626;2525740482;6.36;4.04;1.000
20250818;24.26;24.75;24.98;23.92;71301094;1747135092;4.59;3.13;0.750
20250815;23.42;24.0;24.31;23.4;46523547;1115709771;2.99;1.78;0.420
20250814;23.8;23.58;24.18;23.51;46618269;1112060906;3.0;-1.13;-0.270
20250813;23.41;23.85;23.97;23.39;44291566;1051324516;2.85;1.92;0.450
20250812;23.74;23.4;23.75;23.26;29965982;701558409;1.93;-1.02;-0.240
20250811;23.7;23.64;23.81;23.27;41120767;967770137;2.65;-0.13;-0.030
20250808;23.15;23.67;24.09;23.06;58277059;1377935334;3.75;1.68;0.390
20250807;23.23;23.28;23.53;22.46;67329540;1552666397;4.33;0.65;0.150
20250806;22.8;23.13;23.17;22.73;37012538;851336703;2.38;1.45;0.330
20250805;22.9;22.8;22.98;22.63;28521467;650019797;1.84;0.0;0.000
20250804;22.7;22.8;22.9;22.69;31765981;723426582;2.04;0.35;0.080
20250801;23.18;22.72;23.2;22.66;33002490;755056026;2.12;-2.15;-0.500
20250731;23.67;23.22;23.94;23.0;52561025;1228647967;3.38;-3.17;-0.760
20250730;24.8;23.98;24.92;23.61;62772654;1514830442;4.04;-3.38;-0.840
20250729;24.83;24.82;25.09;24.34;54100319;1333388781;3.48;-0.88;-0.220
20250728;24.9;25.04;25.59;24.33;70868038;1764531932;4.56;0.16;0.040
20250725;24.67;25.0;25.3;24.29;88862885;2202764963;5.72;1.63;0.400
20250724;23.09;24.6;24.93;23.09;100189632;2444288600;6.45;5.9;1.370
20250723;23.4;23.23;23.69;23.01;52285159;1219391678;3.36;-0.64;-0.150
20250722;22.58;23.38;23.73;22.48;83044898;1932576267;5.34;3.45;0.780
20250721;22.25;22.6;22.7;22.01;54799441;1230149945;3.53;1.62;0.360
20250718;21.51;22.24;22.35;21.48;64499191;1420291753;4.15;3.06;0.660
20250717;21.61;21.58;21.76;21.37;27199412;585206348;1.75;-0.14;-0.030
20250716;21.6;21.61;22.06;21.56;33157080;722302342;2.13;0.28;0.060
20250715;21.66;21.55;22.02;21.38;32921111;712178772;2.12;-1.15;-0.250
20250714;22.08;21.8;22.49;21.78;50944012;1120842631;3.28;-0.55;-0.120
20250711;21.28;21.92;22.4;21.11;87227784;1899255609;5.61;4.43;0.930
20250710;20.7;20.99;21.07;20.53;37847779;789737597;2.44;2.19;0.450
20250709;20.81;20.54;20.83;20.48;18691494;385518090;1.2;-1.3;-0.270
20250708;20.53;20.81;20.86;20.52;17995230;373778291;1.16;1.27;0.260
20250707;20.62;20.55;20.64;20.45;13453551;276377898;0.87;-0.68;-0.140
20250704;20.78;20.69;21.08;20.54;23016454;477176160;1.48;-0.86;-0.180
20250703;20.9;20.87;20.95;20.64;16906971;351241006;1.09;0.14;0.030
20250702;20.99;20.84;20.99;20.72;18527810;386313380;1.19;-1.04;-0.220
20250701;20.95;21.06;21.06;20.59;28865506;601218117;1.86;0.67;0.140
20250630;20.82;20.92;20.94;20.66;25544325;532285478;1.64;0.77;0.160
20250627;20.95;20.76;21.0;20.72;27081195;565084037;1.74;-0.29;-0.060
20250626;21.45;21.24;21.54;21.17;30351824;647945642;1.95;-0.89;-0.190
20250625;20.83;21.43;21.97;20.78;61586900;1319894651;3.96;2.93;0.610
20250624;20.6;20.82;20.88;20.42;25715493;533996795;1.65;0.97;0.200
20250623;20.31;20.62;20.67;20.3;19046894;391203206;1.23;1.08;0.220
20250620;20.39;20.4;20.89;20.32;24777309;509360036;1.59;0.1;0.020
20250619;20.61;20.38;20.68;20.26;18350660;375345460;1.18;-1.02;-0.210
20250618;20.93;20.59;21.04;20.49;27490160;567258398;1.77;-2.23;-0.470
20250617;20.92;21.06;21.38;20.9;36315441;767592895;2.34;0.14;0.030
20250616;20.71;21.03;21.18;20.63;35532244;745522591;2.29;1.2;0.250
20250613;20.96;20.78;21.05;20.51;48973898;1014685253;3.15;-0.86;-0.180
20250612;20.9;20.96;21.14;20.56;45887448;957155328;3.24;0.29;0.060
20250611;20.17;20.9;21.24;20.16;67499673;1407977261;4.76;3.36;0.680
20250610;20.53;20.22;20.6;20.05;27956411;566309519;1.97;-1.61;-0.330
20250609;20.28;20.55;20.8;20.28;41410093;851154681;2.92;1.83;0.370
20250606;20.24;20.18;20.37;20.1;21574675;435933095;1.52;0.45;0.090
20250605;20.31;20.09;20.95;20.05;39898672;812678115;2.81;-0.89;-0.180
20250604;19.9;20.27;20.35;19.83;33218948;670485867;2.34;2.12;0.420
20250603;19.33;19.85;19.85;19.33;19790523;389226025;1.4;2.32;0.450
20250530;19.75;19.4;19.75;19.34;17674499;343996361;1.25;-2.02;-0.400
20250529;19.38;19.8;20.17;19.37;26545106;526598317;1.87;2.06;0.400
20250528;19.31;19.4;19.5;19.29;11803403;229029012;0.83;0.52;0.100
20250527;19.61;19.3;19.61;19.19;14891828;287663351;1.05;-1.68;-0.330
20250526;19.56;19.63;19.73;19.48;12627438;247706997;0.89;0.46;0.090
20250523;19.44;19.54;19.83;19.44;16740792;328712280;1.18;0.51;0.100
20250522;19.76;19.44;19.76;19.43;18024069;352704179;1.27;-1.87;-0.370
20250521;19.91;19.81;19.94;19.68;21277275;420451398;1.5;-0.5;-0.100
20250520;20.08;19.91;20.2;19.86;24710960;493382752;1.74;-0.85;-0.170
20250519;20.59;20.08;20.59;19.96;34523110;694942890;2.43;-2.33;-0.480
20250516;19.88;20.56;20.98;19.82;66946371;1376880770;4.72;2.75;0.550
20250515;19.91;20.01;20.21;19.82;30850343;618847649;2.18;0.35;0.070
20250514;19.58;19.94;20.17;19.55;30208189;602552889;2.13;1.63;0.320
20250513;20.0;19.62;20.05;19.55;21979603;432453365;1.55;-0.91;-0.180
20250512;19.42;19.8;20.05;19.1;35839266;703723739;2.53;2.11;0.410
20250509;19.0;19.39;19.78;18.92;37623389;729387668;2.65;2.16;0.410
20250508;19.0;18.98;19.05;18.88;11821019;224457094;0.83;-0.11;-0.020
20250507;19.19;19.0;19.24;18.89;15466076;293771970;1.09;-0.37;-0.070
20250506;18.52;19.07;19.1;18.52;26148003;494845254;1.84;4.09;0.750
20250430;18.53;18.32;18.54;18.31;10279150;189025500;0.72;-0.54;-0.100
20250429;18.49;18.42;18.58;18.39;7426339;137131586;0.52;-0.38;-0.070
20250428;18.82;18.49;18.83;18.44;13516273;250796967;0.95;-2.27;-0.430
20250425;18.9;18.92;19.09;18.82;10843264;205445067;0.76;0.11;0.020
20250424;19.0;18.9;19.18;18.87;14005268;266156588;0.99;-0.47;-0.090
20250423;18.74;18.99;19.07;18.7;18829261;355407837;1.33;1.88;0.350
20250422;18.54;18.64;18.72;18.47;10911326;202999954;0.77;0.22;0.040
20250421;18.32;18.6;18.63;18.28;10585108;195915645;0.75;1.14;0.210
20250418;18.38;18.39;18.43;18.23;6390313;117046222;0.45;-0.11;-0.020
20250417;18.29;18.41;18.62;18.23;9751222;179618809;0.69;0.38;0.070
20250416;18.5;18.34;18.5;18.18;12365078;226285437;0.87;-0.97;-0.180
20250415;18.7;18.52;18.7;18.45;9416365;174396413;0.66;-0.7;-0.130
20250414;18.56;18.65;18.84;18.56;18576943;347097632;1.31;1.03;0.190
20250411;18.54;18.46;18.7;18.33;18853940;348379137;1.33;-0.43;-0.080
20250410;18.69;18.54;18.97;18.51;28022145;524205046;1.98;0.05;0.010
20250409;18.08;18.53;18.72;17.53;32220078;585624838;2.27;1.09;0.200
20250408;17.83;18.33;18.47;17.61;31926695;577988934;2.25;2.86;0.510
20250407;18.97;17.82;19.66;17.56;41913353;776286253;2.96;-8.66;-1.690
20250403;19.78;19.51;19.78;19.33;15956051;310975849;1.13;-0.2;-0.040
20250402;19.62;19.55;19.7;19.51;8609050;168687818;0.61;-0.41;-0.080
20250401;19.36;19.63;19.66;19.35;14298184;279292657;1.01;1.6;0.310
20250331;19.58;19.32;19.65;19.23;14908635;289134412;1.05;-1.43;-0.280
20250328;19.81;19.6;19.83;19.46;17885669;350301333;1.26;-0.96;-0.190
20250327;19.98;19.79;19.98;19.7;19419149;384812056;1.37;-1.64;-0.330
20250326;20.17;20.12;20.48;20.05;26909321;545465633;1.9;0.0;0.000
20250325;20.15;20.12;20.37;19.94;16180913;325648325;1.14;-0.15;-0.030
20250324;19.94;20.15;20.28;19.79;18648368;373793816;1.32;1.15;0.230
20250321;20.14;19.92;20.23;19.81;19131300;382577711;1.35;-1.34;-0.270
20250320;20.39;20.19;20.46;20.15;15588048;316394417;1.1;-0.79;-0.160
20250319;20.5;20.35;20.5;20.16;17387175;352877831;1.23;-0.88;-0.180
20250318;20.54;20.53;20.78;20.48;20290308;418109067;1.43;0.29;0.060
20250317;20.83;20.47;20.9;20.44;23725026;488286773;1.67;-1.78;-0.370
20250314;20.98;20.84;21.19;20.62;37398040;780055968;2.64;1.17;0.240
20250313;20.82;20.6;20.91;20.42;22020375;453496425;1.55;-0.53;-0.110
20250312;21.05;20.71;21.09;20.58;26403206;548213939;1.86;-1.38;-0.290
20250311;20.25;21.0;21.05;20.2;39619063;821323876;2.79;2.49;0.510
20250310;20.63;20.49;20.69;20.22;35971095;736393230;2.54;1.54;0.310
20250307;19.76;20.18;20.49;19.71;44957721;909297350;3.17;2.13;0.420
20250306;19.46;19.76;19.85;19.46;20099989;394723070;1.42;1.59;0.310
20250305;19.69;19.45;19.73;19.21;18631818;360545486;1.31;-1.17;-0.230
20250304;19.7;19.68;19.8;19.51;14704131;289387285;1.04;-0.3;-0.060
20250303;19.32;19.74;20.0;19.32;33676449;666242083;2.37;2.76;0.530
20250228;19.57;19.21;19.58;19.16;15331068;296593964;1.08;-1.79;-0.350
20250227;19.8;19.56;19.89;19.36;15649167;306492181;1.1;-0.96;-0.190
20250226;19.52;19.75;19.79;19.51;13905960;273683593;0.98;1.23;0.240
20250225;19.62;19.51;19.76;19.49;11950781;234375443;0.84;-1.06;-0.210
20250224;19.9;19.72;20.08;19.68;15254252;302740798;1.08;-0.7;-0.140
20250221;19.76;19.86;19.91;19.67;15268478;302652094;1.08;0.71;0.140
20250220;19.69;19.72;20.03;19.64;18815666;373547246;1.33;0.46;0.090
20250219;19.25;19.63;19.66;19.2;15763230;306431107;1.11;2.13;0.410
20250218;19.51;19.22;19.52;19.17;12294610;238096869;0.87;-1.28;-0.250
20250217;19.77;19.47;19.77;19.39;18648690;364004491;1.32;-1.91;-0.380
20250214;19.65;19.85;19.94;19.63;11204276;221746615;0.79;0.97;0.190
20250213;19.9;19.66;20.04;19.66;12353218;244419283;0.87;-1.31;-0.260
20250212;19.84;19.92;19.94;19.68;12671210;250881478;0.89;0.0;0.000
20250211;20.06;19.92;20.17;19.85;16267348;325558944;1.15;-0.85;-0.170
20250210;20.19;20.09;20.24;20.02;15370127;308883235;1.08;-0.5;-0.100
20250207;20.15;20.19;20.34;20.01;22260694;449238800;1.57;-0.3;-0.060
20250206;19.66;20.25;20.27;19.63;24400275;488165250;1.72;3.26;0.640
20250205;19.95;19.61;19.97;19.5;18428969;363519505;1.3;0.87;0.170
20250127;19.45;19.44;19.59;19.32;9035782;175918035;0.64;-0.05;-0.010
20250124;19.29;19.45;19.5;19.25;9460166;183691089;0.67;0.73;0.140
20250123;19.69;19.31;19.83;19.31;13732227;268861931;0.97;-0.92;-0.180
20250122;19.59;19.49;19.71;19.38;8538056;166671259;0.6;-1.17;-0.230
20250121;19.82;19.72;19.83;19.45;6824756;134029367;0.48;0.1;0.020
20250120;20.0;19.7;20.0;19.69;10992079;217458018;0.78;-0.61;-0.120
20250117;19.8;19.82;19.97;19.75;9665534;192045890;0.68;-0.05;-0.010
20250116;19.79;19.83;20.05;19.64;11601089;230252889;0.82;0.51;0.100
20250115;19.8;19.73;19.94;19.58;9315023;183471094;0.66;-0.35;-0.070
20250114;19.18;19.8;19.88;19.05;19005343;372675369;1.34;3.13;0.600
20250113;18.81;19.2;19.32;18.78;11157757;213828189;0.79;1.21;0.230
20250110;19.33;18.97;19.42;18.94;9063967;173193019;0.64;-1.35;-0.260
20250109;18.97;19.23;19.4;18.77;13593418;260921452;0.96;1.8;0.340
20250108;19.27;18.89;19.27;18.43;18481427;347264840;1.3;-1.92;-0.370
20250107;19.06;19.26;19.47;18.81;12572069;241436226;0.89;1.05;0.200
20250106;18.91;19.06;19.37;18.78;11597424;221291762;0.82;0.79;0.150
20250103;18.89;18.91;19.47;18.85;13437949;257187295;0.95;0.16;0.030
20250102;19.2;18.88;19.42;18.71;11701516;222558490;0.83;-2.02;-0.390