20251022;23.0;23.1;23.26;22.88;3235020;74716992;1.26;-0.47;-0.110
20251021;22.96;23.21;23.38;22.93;5136600;119256061;2.0;0.96;0.220
20251020;23.08;22.99;23.25;22.81;4268432;98372922;1.66;1.32;0.300
20251017;23.43;22.69;23.47;22.6;7791800;178369346;3.04;-3.16;-0.740
20251016;24.0;23.43;24.16;23.3;8967384;211443987;3.5;-3.06;-0.740
20251015;23.99;24.17;24.28;23.5;8017100;192227341;3.13;0.37;0.090
20251014;24.35;24.08;25.55;24.0;14077517;346298960;5.49;-0.25;-0.060
20251013;23.33;24.14;24.29;23.15;9170945;217736547;3.58;-1.95;-0.480
20251010;24.88;24.62;25.06;24.15;9727854;239285311;3.79;-1.79;-0.450
20251009;24.69;25.07;25.68;24.6;12525036;314495038;4.88;1.99;0.490
20250930;25.01;24.58;25.2;24.44;10085096;248923174;3.93;-1.32;-0.330
20250929;25.13;24.99;25.4;24.72;9662202;241063531;3.77;-0.95;-0.240
20250926;26.09;25.23;26.1;25.22;15264900;390384625;5.95;-3.78;-0.990
20250925;25.76;26.22;26.98;25.66;28290558;744936759;11.03;1.83;0.470
20250924;25.03;25.75;25.88;24.56;20844027;529961247;8.13;2.06;0.520
20250923;24.48;25.23;25.28;24.33;18953956;469854287;7.39;3.06;0.750
20250922;24.26;24.48;24.68;24.21;5569340;136345185;2.17;0.91;0.220
20250919;24.62;24.26;24.89;24.05;7181888;175188988;2.8;-1.46;-0.360
20250918;24.71;24.62;25.49;24.41;12437308;310357911;4.85;-0.61;-0.150
20250917;24.55;24.77;24.98;24.43;6664600;164819174;2.6;0.49;0.120
20250916;24.5;24.65;24.69;24.3;5663500;139132599;2.21;0.37;0.090
20250915;24.7;24.56;24.88;24.07;7143208;174609775;2.79;-0.41;-0.100
20250912;24.82;24.66;25.3;24.57;11262733;280131822;4.39;0.69;0.170
20250911;23.45;24.49;24.5;23.31;10905092;262792151;4.25;4.48;1.050
20250910;23.4;23.44;23.75;23.36;4677008;110064593;1.82;0.56;0.130
20250909;23.9;23.31;23.97;23.25;7323200;172257522;2.86;-3.04;-0.730
20250908;24.53;24.04;24.6;23.87;7331200;176641688;2.86;-1.19;-0.290
20250905;23.61;24.33;24.33;23.37;8438200;201655260;3.29;3.58;0.840
20250904;24.28;23.49;24.87;23.01;11298200;271042593;4.41;-2.73;-0.660
20250903;25.04;24.15;25.08;24.06;9556720;234139783;3.73;-3.55;-0.890
20250902;25.76;25.04;26.16;24.67;14151400;356543225;5.52;-3.88;-1.010
20250901;26.18;26.05;26.59;25.79;21211096;553894413;8.27;3.46;0.870
20250829;25.76;25.18;25.78;25.06;9944576;251053567;3.88;-1.68;-0.430
20250828;25.06;25.61;25.65;24.61;16730802;421934180;6.52;1.15;0.290
20250827;25.45;25.32;26.43;25.28;23049376;595158879;8.99;-0.86;-0.220
20250826;25.3;25.54;25.97;25.16;13721724;351774279;5.35;0.16;0.040
20250825;25.42;25.5;25.59;25.17;15740396;399740635;6.14;1.27;0.320
20250822;25.16;25.18;25.35;24.93;12420000;311938907;4.84;0.72;0.180
20250821;25.4;25.0;25.41;24.79;11401632;285927072;4.45;-1.19;-0.300
20250820;25.18;25.3;25.43;24.92;12926540;325529371;5.04;0.76;0.190
20250819;25.1;25.11;25.6;24.83;18731700;471265277;7.31;1.13;0.280
20250818;24.38;24.83;24.97;24.38;16408152;406783640;6.4;1.93;0.470
20250815;23.91;24.36;24.52;23.81;10589492;257588588;4.13;0.7;0.170
20250814;25.0;24.19;25.13;24.1;14831220;363061029;5.78;-1.31;-0.320
20250813;23.99;24.51;24.85;23.76;16534688;401746072;6.45;2.42;0.580
20250812;23.98;23.93;24.15;23.79;6256773;149756198;2.44;-0.21;-0.050
20250811;23.66;23.98;24.08;23.5;7456689;178246512;2.91;1.35;0.320
20250808;23.89;23.66;24.33;23.45;8546937;203169050;3.33;-2.07;-0.500
20250807;23.5;24.16;24.63;23.3;15385618;369247457;6.0;2.68;0.630
20250806;23.3;23.53;23.65;23.1;5919600;138805351;2.31;0.73;0.170
20250805;23.11;23.36;23.44;23.01;5380290;124770135;2.1;1.21;0.280
20250804;22.74;23.08;23.09;22.6;5464800;125263447;2.13;0.39;0.090
20250801;23.31;22.99;23.45;22.74;7925236;182536969;3.09;-1.63;-0.380
20250731;23.55;23.37;24.15;23.3;8163796;193532592;3.18;-0.55;-0.130
20250730;23.82;23.5;23.85;23.34;6057776;142513606;2.36;-1.01;-0.240
20250729;24.23;23.74;24.23;23.59;8725880;207418084;3.4;-2.22;-0.540
20250728;24.1;24.28;24.38;23.97;7514384;181823435;2.93;1.42;0.340
20250725;24.16;23.94;24.26;23.77;7659600;184155033;2.99;-0.91;-0.220
20250724;23.97;24.16;24.2;23.91;6988193;167994039;2.73;0.79;0.190
20250723;23.87;23.97;24.21;23.72;7146500;171591574;2.79;-0.29;-0.070
20250722;24.35;24.04;24.36;23.87;10217696;245931928;3.98;-1.88;-0.460
20250721;24.38;24.5;24.51;24.24;10064173;245389821;3.93;-0.41;-0.100
20250718;25.35;24.6;25.35;24.5;14562176;359716616;5.68;-2.19;-0.550
20250717;25.01;25.15;25.46;24.7;20830488;521660739;8.12;-1.37;-0.350
20250716;24.69;25.5;25.8;24.32;31999968;807889643;12.48;3.24;0.800
20250715;23.39;24.7;25.83;23.2;29873784;737925815;11.65;5.2;1.220
20250714;23.55;23.48;23.57;23.33;6283808;147096628;2.45;-0.42;-0.100
20250711;23.8;23.58;23.83;23.31;10294800;241999644;4.01;-1.17;-0.280
20250710;24.25;23.86;24.72;23.77;15352207;370431630;5.99;-2.29;-0.560
20250709;23.99;24.42;25.12;23.98;21974446;540154537;8.57;1.62;0.390
20250708;23.56;24.03;24.25;23.48;15523680;371267650;6.05;1.05;0.250
20250707;23.8;23.78;23.99;23.1;15520030;364074869;6.05;-0.42;-0.100
20250704;23.31;23.88;24.0;23.0;26651836;630283648;10.39;3.74;0.860
20250703;22.09;23.02;23.48;22.08;17136616;392577139;6.68;4.21;0.930
20250702;22.27;22.09;22.28;21.95;4834296;106661202;1.89;-1.3;-0.290
20250701;22.44;22.38;22.49;22.1;5153496;115017206;2.01;-0.53;-0.120
20250630;22.26;22.5;22.7;22.26;6658886;149406947;2.6;0.99;0.220
20250627;22.13;22.28;22.52;21.91;7442827;165809580;2.9;1.0;0.220
20250626;22.11;22.06;22.49;22.0;7816000;173573802;3.05;-0.05;-0.010
20250625;21.8;22.07;22.07;21.55;6975900;152372999;2.72;1.85;0.400
20250624;21.19;21.67;21.7;21.0;6294892;135425287;2.45;2.85;0.600
20250623;20.62;21.07;21.14;20.62;4410500;92668202;1.72;0.57;0.120
20250620;21.44;20.95;21.6;20.9;4756200;100287433;1.85;-2.29;-0.490
20250619;21.88;21.49;22.15;21.46;5115900;111341037;2.0;-2.01;-0.440
20250618;21.8;21.93;22.09;21.6;4254800;92748342;1.66;0.09;0.020
20250617;22.05;21.91;22.2;21.81;4219710;92619832;1.65;-0.54;-0.120
20250616;21.51;22.03;22.25;21.51;5053650;111355089;1.97;0.96;0.210
20250613;22.52;21.82;22.69;21.81;7630300;168561357;2.98;-3.88;-0.880
20250612;22.72;22.7;22.96;22.52;4766300;108558556;1.86;0.13;0.030
20250611;22.72;22.67;22.97;22.65;3977632;90607030;1.55;-0.22;-0.050
20250610;23.33;22.72;23.36;22.38;6737200;153670247;2.63;-2.2;-0.510
20250609;23.12;23.23;23.47;23.12;6110045;142258453;2.38;0.48;0.110
20250606;23.03;23.12;23.35;22.82;7164596;165185589;2.79;0.57;0.130
20250605;22.42;22.99;23.06;22.27;8929036;203215387;3.48;2.59;0.580
20250604;22.3;22.41;22.76;22.24;5881296;132535041;2.29;0.72;0.160
20250603;22.02;22.25;22.42;22.0;4330000;96514163;1.69;0.04;0.010
20250530;23.07;22.24;23.07;22.17;9337900;209149845;3.64;-4.1;-0.950
20250529;22.85;23.19;23.45;22.8;8720680;202323902;3.4;1.31;0.300
20250528;22.99;22.89;23.32;22.71;7459163;171501035;2.91;0.39;0.090
20250527;23.15;22.8;23.15;22.78;5889800;134758116;2.3;-1.51;-0.350
20250526;22.7;23.15;23.29;22.68;6558740;150584483;2.56;1.36;0.310
20250523;23.55;22.84;23.59;22.76;8906000;206260637;3.47;-2.85;-0.670
20250522;23.8;23.51;24.07;23.45;7633012;180477414;2.98;-1.8;-0.430
20250521;24.38;23.94;24.4;23.85;9553940;229581307;3.73;-1.85;-0.450
20250520;24.02;24.39;24.7;23.7;12033000;291508620;4.69;0.45;0.110
20250519;24.23;24.28;24.62;23.38;14607800;349577709;5.7;-0.53;-0.130
20250516;24.0;24.41;25.3;23.86;13383792;328862762;5.22;1.33;0.320
20250515;24.91;24.09;25.06;24.02;11202736;272226671;4.37;-3.25;-0.810
20250514;25.21;24.9;25.5;24.68;14094180;352875934;5.5;-0.2;-0.050
20250513;25.5;24.95;25.68;24.85;18431705;465467918;7.19;-0.32;-0.080
20250512;24.59;25.03;25.2;24.4;15401456;381539563;6.01;3.0;0.730
20250509;24.88;24.3;24.89;24.16;10964756;267504763;4.28;-2.41;-0.600
20250508;24.55;24.9;25.2;24.45;15806040;392569268;6.2;0.77;0.190
20250507;25.08;24.71;25.38;24.3;23875800;589883244;9.37;-1.98;-0.500
20250506;24.23;25.21;25.48;23.92;28102184;698666001;11.03;4.52;1.090
20250430;24.59;24.12;25.0;23.53;32588484;788443831;12.79;0.63;0.150
20250429;21.98;23.97;23.97;21.98;20678810;488162400;8.12;10.0;2.180
20250428;22.2;21.79;22.53;21.7;8349200;183615299;3.28;-1.71;-0.380
20250425;22.03;22.17;22.67;21.85;11215000;250220821;4.4;0.86;0.190
20250424;22.84;21.98;22.84;21.9;13935136;309955531;5.47;-4.27;-0.980
20250423;22.27;22.96;23.2;22.27;16089266;367702733;6.31;3.94;0.870
20250422;22.7;22.09;22.81;22.05;10070000;224362245;3.95;-2.52;-0.570
20250421;22.06;22.66;22.74;21.5;10736333;239178330;4.21;2.67;0.590
20250418;22.01;22.07;22.37;21.77;8205500;180963003;3.22;0.46;0.100
20250417;21.99;21.97;22.89;21.95;11388900;254521041;4.47;0.55;0.120
20250416;22.99;21.85;22.99;21.6;13280420;293809955;5.21;-5.0;-1.150
20250415;23.59;23.0;23.66;22.75;10197275;235430055;4.0;-1.79;-0.420
20250414;24.46;23.42;24.46;23.4;17072468;404748311;6.7;-0.04;-0.010
20250411;21.92;23.43;23.9;21.86;19523107;449780758;7.66;4.5;1.010
20250410;22.6;22.42;23.11;22.22;20469205;464246200;8.03;3.99;0.860
20250409;20.2;21.56;22.17;19.86;28033265;581965958;11.0;-2.31;-0.510
20250408;23.52;22.07;24.0;22.07;8676400;196072300;3.41;-9.99;-2.450
20250407;24.71;24.52;25.39;24.52;4250800;104872046;1.67;-9.99;-2.720
20250403;27.0;27.24;28.08;26.81;12336400;336713143;4.84;-2.37;-0.660
20250402;27.57;27.9;28.5;27.3;11975235;334821837;4.7;0.98;0.270
20250401;28.25;27.63;28.28;27.37;13054675;362592935;5.12;-2.19;-0.620
20250331;26.96;28.25;28.41;26.7;18240992;503950889;7.16;2.32;0.640
20250328;27.79;27.61;28.89;26.72;21529158;596220006;8.45;-0.72;-0.200
20250327;29.3;27.81;29.88;27.6;19709900;561514704;7.74;-5.09;-1.490
20250326;27.1;29.3;29.57;27.1;29437600;854254017;11.55;6.35;1.750
20250325;28.68;27.55;28.69;27.0;20325896;562595043;7.98;-3.33;-0.950
20250324;29.6;28.5;29.76;27.94;25062373;719602735;9.84;-5.47;-1.650
20250321;30.13;30.15;31.26;29.61;29503571;891570324;11.58;-0.99;-0.300
20250320;32.5;30.45;33.88;30.35;47432338;1493880882;18.62;-8.7;-2.900
20250319;33.89;33.35;36.17;33.1;56647939;1966708847;22.23;-4.71;-1.650
20250318;34.58;35.0;35.45;33.5;43024650;1482666414;16.89;0.84;0.290
20250317;34.53;34.71;36.63;33.08;56992119;1989724631;22.37;-0.97;-0.340
20250314;34.5;35.05;35.77;31.91;70297943;2382033327;27.59;7.61;2.480
20250313;32.57;32.57;32.57;31.09;35486522;1153043118;13.93;10.0;2.960
20250312;27.22;29.61;29.61;26.68;42945104;1220505634;16.85;9.99;2.690
20250311;25.96;26.92;26.92;25.75;17788400;468994991;6.98;2.01;0.530
20250310;26.6;26.39;26.83;25.57;17601900;458455769;6.91;-1.46;-0.390
20250307;27.1;26.78;27.86;26.72;29565484;804794782;11.6;-3.15;-0.870
20250306;25.71;27.65;28.04;25.71;44660102;1224880473;17.53;8.47;2.160
20250305;25.08;25.49;25.49;24.6;16830066;423498963;6.61;4.17;1.020
20250304;23.8;24.47;24.5;23.75;10304020;249469272;4.04;-0.24;-0.060
20250303;24.7;24.53;25.32;24.26;12557443;312224225;4.93;0.41;0.100
20250228;25.87;24.43;25.96;24.27;15423774;384025999;6.05;-6.54;-1.710
20250227;27.0;26.14;27.0;25.4;20087417;526825783;7.88;-3.68;-1.000
20250226;26.3;27.14;27.7;25.77;25013652;666605182;9.82;2.88;0.760
20250225;26.88;26.38;27.5;26.19;28117204;753469308;11.04;-8.12;-2.330
20250224;29.72;28.71;30.71;28.6;27192924;799228079;10.67;-1.41;-0.410
20250221;29.5;29.12;29.6;28.0;33312883;960816379;13.07;2.43;0.690
20250220;28.29;28.43;28.88;27.71;28944025;819745925;11.36;-1.69;-0.490
20250219;26.3;28.92;29.99;26.3;48180905;1360822198;18.91;5.01;1.380
20250218;27.43;27.54;29.29;25.43;56634658;1545173054;22.23;3.42;0.910
20250217;26.63;26.63;26.63;26.63;5237044;139462482;2.06;10.0;2.420
20250214;24.38;24.21;24.6;23.69;22080212;533111603;8.67;-2.61;-0.650
20250213;24.13;24.86;26.1;23.38;35267212;867249850;13.84;1.97;0.480
20250212;24.27;24.38;25.47;23.75;31842883;775822297;12.5;2.44;0.580
20250211;24.5;23.8;24.5;23.6;26897090;642183346;10.56;-3.84;-0.950
20250210;23.7;24.75;25.1;23.26;37314849;897957837;14.64;7.14;1.650
20250207;22.55;23.1;23.88;22.41;33022544;760841007;12.96;2.48;0.560
20250206;21.0;22.54;23.0;20.6;24708966;548667073;9.7;6.52;1.380
20250205;20.8;21.16;21.5;20.8;11213456;237236366;4.4;0.57;0.120
20250127;21.68;21.04;21.96;20.64;12516888;266793320;4.91;-3.66;-0.800
20250124;21.15;21.84;22.3;21.0;16310180;354226701;6.4;3.26;0.690
20250123;22.13;21.15;22.52;21.08;17518900;382456245;6.88;-2.89;-0.630
20250122;22.13;21.78;22.43;21.6;15603368;342370876;6.12;-3.24;-0.730
20250121;22.12;22.51;22.75;21.66;21668792;482650487;8.5;1.76;0.390
20250120;22.75;22.12;24.47;22.1;34674624;794784604;13.61;-1.65;-0.370
20250117;22.58;22.49;22.59;22.0;22546496;503315926;8.85;-2.26;-0.520
20250116;22.08;23.01;23.22;21.7;38270492;859762844;15.02;4.21;0.930
20250115;22.5;22.08;23.1;22.01;42082730;946499232;16.52;-0.32;-0.070
20250114;20.09;22.15;22.15;19.84;26694254;579825643;10.48;9.98;2.010
20250113;20.67;20.14;20.69;19.31;20526944;406699409;8.06;-6.11;-1.310
20250110;21.0;21.45;21.88;20.61;25175248;536729684;9.88;1.61;0.340
20250109;22.0;21.11;22.9;21.09;31600952;694740171;12.4;-6.14;-1.380
20250108;21.68;22.49;22.98;21.41;31634704;702413633;12.42;1.35;0.300
20250107;21.82;22.19;22.22;21.02;31141120;671682729;12.22;0.68;0.150
20250106;20.33;22.04;22.09;19.71;36609668;781043686;14.37;5.35;1.120
20250103;19.77;20.92;21.35;18.88;30797332;635464277;12.09;5.55;1.100
20250102;19.74;19.82;20.29;19.1;14397312;285069463;5.65;-0.45;-0.090