20251022;12.31;12.18;12.42;12.16;15013694;184027137;7.73;-1.77;-0.220
20251021;12.33;12.4;12.5;12.13;21662057;267639976;11.16;0.65;0.080
20251020;12.08;12.32;12.39;11.91;22379178;271954846;11.53;1.99;0.240
20251017;12.19;12.08;12.32;12.05;19862309;242206002;10.23;-1.79;-0.220
20251016;11.88;12.3;12.4;11.85;32226916;395132143;16.6;3.45;0.410
20251015;11.95;11.89;11.95;11.72;15746905;185890735;8.11;0.51;0.060
20251014;11.52;11.83;12.0;11.52;17638600;207289605;9.09;2.96;0.340
20251013;11.41;11.49;11.53;11.36;9492900;108749436;4.89;-0.61;-0.070
20251010;11.45;11.56;11.61;11.4;8027189;92630362;4.14;0.87;0.100
20251009;11.48;11.46;11.49;11.4;5821342;66606803;3.0;-0.09;-0.010
20250930;11.55;11.47;11.56;11.45;4340262;49851875;2.24;-0.43;-0.050
20250929;11.55;11.52;11.58;11.36;6363130;72896338;3.28;-0.09;-0.010
20250926;11.49;11.53;11.63;11.48;4556421;52616569;2.35;-0.35;-0.040
20250925;11.72;11.57;11.72;11.52;7063865;81795137;3.64;-1.2;-0.140
20250924;11.55;11.71;11.78;11.52;7427300;86659253;3.83;0.52;0.060
20250923;11.6;11.65;11.76;11.47;10715000;124038183;5.52;0.69;0.080
20250922;11.74;11.57;11.76;11.53;6080429;70579970;3.13;-1.45;-0.170
20250919;11.59;11.74;11.83;11.58;7407091;86823867;3.82;1.29;0.150
20250918;11.83;11.59;11.87;11.53;10514700;123031693;5.42;-2.28;-0.270
20250917;12.01;11.86;12.01;11.84;6745692;80207606;3.48;-0.75;-0.090
20250916;11.85;11.95;11.96;11.83;5435674;64685278;2.8;0.84;0.100
20250915;11.96;11.85;11.97;11.83;7669403;91205089;3.95;-0.42;-0.050
20250912;11.96;11.9;12.04;11.88;6316736;75428976;3.25;-0.42;-0.050
20250911;11.93;11.95;11.96;11.75;7107404;84309076;3.66;0.08;0.010
20250910;11.9;11.94;11.98;11.86;6902100;82262736;3.56;0.34;0.040
20250909;12.13;11.9;12.14;11.88;9105800;109120980;4.69;-1.9;-0.230
20250908;11.85;12.13;12.3;11.81;16290576;197246902;8.39;2.36;0.280
20250905;11.83;11.85;11.86;11.68;7312400;86096251;3.77;0.34;0.040
20250904;11.76;11.81;11.89;11.69;8423143;99484635;4.34;0.25;0.030
20250903;12.06;11.78;12.08;11.76;8348400;99195528;4.3;-2.32;-0.280
20250902;12.19;12.06;12.25;11.94;11631402;140245547;5.99;-0.82;-0.100
20250901;12.22;12.16;12.35;12.13;11729907;143287244;6.04;-0.08;-0.010
20250829;12.45;12.17;12.46;12.15;16724086;205000515;8.62;-2.41;-0.300
20250828;12.24;12.47;12.49;12.15;13192002;163028567;6.8;1.8;0.220
20250827;12.49;12.25;12.53;12.24;11388027;141347929;5.87;-2.08;-0.260
20250826;12.39;12.51;12.56;12.32;9972480;124444967;5.14;0.97;0.120
20250825;12.32;12.39;12.45;12.29;11976443;148277692;6.17;0.81;0.100
20250822;12.25;12.29;12.31;12.21;6899720;84557507;3.55;-0.08;-0.010
20250821;12.33;12.3;12.35;12.25;7475523;91948447;3.85;0.08;0.010
20250820;12.22;12.29;12.29;12.16;6650900;81480218;3.43;0.57;0.070
20250819;12.35;12.22;12.38;12.22;8403832;103167552;4.33;-1.05;-0.130
20250818;12.33;12.35;12.4;12.28;10002728;123510598;5.15;0.16;0.020
20250815;12.2;12.33;12.35;12.2;6593142;81103004;3.4;0.41;0.050
20250814;12.48;12.28;12.5;12.25;10373592;128041233;5.34;-1.21;-0.150
20250813;12.49;12.43;12.55;12.32;12502401;155137697;6.44;-0.56;-0.070
20250812;12.36;12.5;12.66;12.32;19062200;238274747;9.82;1.54;0.190
20250811;12.2;12.31;12.32;12.14;9134526;112031666;4.71;1.07;0.130
20250808;12.08;12.18;12.22;12.07;7343447;89253128;3.78;0.58;0.070
20250807;12.16;12.11;12.16;12.07;6388408;77278517;3.29;-0.16;-0.020
20250806;12.08;12.13;12.14;12.01;7493959;90562109;3.86;0.25;0.030
20250805;12.08;12.1;12.14;12.05;5690400;68756382;2.93;0.17;0.020
20250804;11.9;12.08;12.1;11.81;7282276;87409452;3.75;1.0;0.120
20250801;11.96;11.96;12.03;11.88;8805507;105288871;4.54;0.5;0.060
20250731;12.15;11.9;12.17;11.87;12482809;149522888;6.43;-2.22;-0.270
20250730;12.15;12.17;12.27;12.1;9909314;120799505;5.1;0.25;0.030
20250729;12.17;12.14;12.19;12.03;8168535;98798746;4.21;-0.16;-0.020
20250728;12.18;12.16;12.22;12.12;9771530;118834409;5.03;-0.16;-0.020
20250725;12.36;12.18;12.39;12.18;16193015;198683760;8.34;-1.54;-0.190
20250724;12.44;12.37;12.44;12.27;13181122;162703399;6.79;0.41;0.050
20250723;12.19;12.32;12.56;12.11;23467477;289516858;12.09;0.98;0.120
20250722;12.15;12.2;12.22;12.02;16716730;203002609;8.61;0.16;0.020
20250721;12.2;12.18;12.25;12.1;15622964;190160271;8.05;0.0;0.000
20250718;11.96;12.18;12.3;11.87;27167029;328934733;13.99;1.92;0.230
20250717;11.92;11.95;12.03;11.85;15789400;188335188;8.13;0.08;0.010
20250716;11.9;11.94;12.13;11.88;24423428;292230196;12.58;-0.83;-0.100
20250715;11.89;12.04;12.26;11.74;46223217;553807714;23.81;4.7;0.540
20250714;11.41;11.5;11.53;11.4;10665462;122253227;5.49;0.79;0.090
20250711;11.4;11.41;11.45;11.34;10028500;114388149;5.17;0.09;0.010
20250710;11.37;11.4;11.44;11.33;7843000;89248578;4.04;0.26;0.030
20250709;11.45;11.37;11.52;11.34;10912302;124882054;5.62;-1.04;-0.120
20250708;11.41;11.49;11.56;11.37;12209669;139872642;6.29;0.52;0.060
20250707;11.32;11.43;11.48;11.26;11622209;132613361;5.99;0.7;0.080
20250704;11.22;11.35;11.54;11.2;17361600;197185675;8.94;0.98;0.110
20250703;11.12;11.24;11.26;11.12;8701150;97318130;4.48;0.63;0.070
20250702;11.28;11.17;11.3;11.16;11662023;130740019;6.01;0.0;0.000
20250701;11.11;11.17;11.2;11.06;10199410;113646091;5.25;0.54;0.060
20250630;11.05;11.11;11.11;10.96;9147228;101186905;4.71;0.73;0.080
20250627;11.06;11.03;11.11;11.0;12876510;142335517;6.63;-0.63;-0.070
20250626;11.18;11.1;11.18;11.06;11999981;133362381;6.18;-0.45;-0.050
20250625;11.08;11.15;11.18;11.03;14764174;164212803;7.61;0.27;0.030
20250624;11.0;11.12;11.26;11.0;30932004;343709010;15.93;-5.12;-0.600
20250623;11.5;11.72;11.85;11.38;37769525;438852858;19.46;6.06;0.670
20250620;10.85;11.05;11.15;10.85;11662945;128831480;6.01;1.84;0.200
20250619;11.15;10.85;11.18;10.81;15109700;165388517;7.78;-3.3;-0.370
20250618;11.38;11.22;11.6;11.2;12134500;137304721;6.25;-1.15;-0.130
20250617;11.25;11.35;11.44;11.14;14571526;164706564;7.51;0.98;0.110
20250616;11.59;11.53;11.67;11.45;14008900;161689854;7.22;-0.77;-0.090
20250613;11.68;11.62;11.87;11.61;20725926;243462965;10.68;-0.43;-0.050
20250612;11.83;11.67;11.83;11.57;20421039;238134585;10.52;-2.18;-0.260
20250611;12.09;11.93;12.42;11.8;43369886;519527827;22.34;-3.56;-0.440
20250610;11.58;12.37;12.48;11.52;54976137;662313667;28.32;6.82;0.790
20250609;11.53;11.58;11.59;11.46;8406308;96949486;4.33;1.05;0.120
20250606;11.53;11.46;11.63;11.45;10322457;119051893;5.32;-0.52;-0.060
20250605;11.59;11.52;11.6;11.49;8256724;95243747;4.25;-0.69;-0.080
20250604;11.56;11.6;11.61;11.42;11542325;132838176;5.95;0.17;0.020
20250603;11.56;11.58;11.68;11.52;10904999;126464088;5.62;-0.17;-0.020
20250530;11.75;11.6;11.84;11.58;13963987;163101786;7.19;-1.78;-0.210
20250529;11.75;11.81;11.9;11.71;16252229;191863128;8.37;0.68;0.080
20250528;11.89;11.73;11.93;11.7;14360200;169064280;7.4;-1.51;-0.180
20250527;11.86;11.91;11.94;11.65;20317556;239813618;10.47;0.51;0.060
20250526;11.58;11.85;11.9;11.55;22199965;261573978;11.44;2.33;0.270
20250523;11.91;11.58;11.91;11.54;25332365;296083530;13.05;-3.26;-0.390
20250522;11.73;11.97;12.13;11.68;32547231;386647111;16.77;0.34;0.040
20250521;11.8;11.93;12.11;11.72;37511823;447531663;19.32;0.08;0.010
20250520;12.62;11.92;12.7;11.9;58856497;712913549;30.32;-8.17;-1.060
20250519;12.96;12.98;13.58;12.67;64166971;841183951;33.06;-0.31;-0.040
20250516;13.45;13.02;13.8;12.89;80916786;1073215642;41.68;-8.89;-1.270
20250515;13.77;14.29;14.29;13.63;109502098;1547751337;56.41;10.01;1.300
20250514;11.6;12.99;12.99;11.58;79368897;999068123;40.89;9.99;1.180
20250513;11.47;11.81;12.23;11.06;49157904;564337331;25.32;6.21;0.690
20250512;11.19;11.12;11.23;10.94;16362930;180898476;8.43;0.09;0.010
20250509;11.2;11.11;11.39;11.0;18048535;202031675;9.3;-0.36;-0.040
20250508;11.09;11.15;11.23;10.99;16528300;184008457;8.51;0.54;0.060
20250507;11.26;11.09;11.3;10.99;20814059;231211176;10.72;-0.89;-0.100
20250506;10.51;11.19;11.34;10.48;39200980;433221869;20.19;6.77;0.710
20250430;10.89;10.48;10.89;10.47;22788927;241300597;11.74;-3.05;-0.330
20250429;10.81;10.81;10.98;10.72;18221800;197273867;9.39;-0.83;-0.090
20250428;10.69;10.9;11.0;10.62;26116574;283616066;13.45;1.77;0.190
20250425;10.43;10.71;10.85;10.39;23974781;254603304;12.35;3.48;0.360
20250424;10.57;10.35;10.64;10.33;21952164;229306005;11.31;-2.54;-0.270
20250423;10.8;10.62;10.94;10.56;30260320;323260912;15.59;-2.21;-0.240
20250422;10.55;10.86;11.19;10.55;41150035;449375748;21.2;2.55;0.270
20250421;10.55;10.59;10.85;10.55;24355848;258804472;12.55;0.38;0.040
20250418;10.9;10.55;11.05;10.55;34580913;372566204;17.81;-5.04;-0.560
20250417;10.96;11.11;11.14;10.55;48470686;523347794;24.97;0.63;0.070
20250416;11.5;11.04;11.66;10.77;66761787;743603291;34.39;-4.17;-0.480
20250415;11.2;11.52;11.52;11.2;28036725;320257742;14.44;10.03;1.050
20250414;10.42;10.47;10.76;10.22;58141038;607722457;29.95;-2.33;-0.250
20250411;11.5;10.72;12.0;10.62;99031422;1127753925;51.02;-2.72;-0.300
20250410;11.02;11.02;11.02;11.02;13724199;151240673;7.07;9.98;1.000
20250409;9.17;10.02;10.02;8.92;21179290;203912471;10.91;9.99;0.910
20250408;8.98;9.11;9.27;8.95;13410728;122533155;6.91;2.71;0.240
20250407;9.4;8.87;9.54;8.81;16632605;152307881;8.57;-9.4;-0.920
20250403;9.6;9.79;9.82;9.54;10722980;104179761;5.52;1.14;0.110
20250402;9.65;9.68;9.74;9.63;7704918;74587646;3.97;0.0;0.000
20250401;9.57;9.68;9.77;9.51;15722710;152104877;8.1;2.0;0.190
20250331;9.33;9.49;9.5;9.29;10508150;99163806;5.41;1.61;0.150
20250328;9.37;9.34;9.43;9.31;4220700;39502148;2.17;-0.64;-0.060
20250327;9.45;9.4;9.48;9.35;4248033;39944342;2.19;-0.53;-0.050
20250326;9.48;9.45;9.54;9.44;5850589;55475141;3.01;-0.21;-0.020
20250325;9.43;9.47;9.48;9.36;6700741;63190536;3.45;0.53;0.050
20250324;9.48;9.42;9.56;9.29;9099691;85659883;4.69;-0.53;-0.050
20250321;9.4;9.47;9.57;9.4;11817936;112196790;6.09;0.32;0.030
20250320;9.33;9.44;9.54;9.32;10316897;97393003;5.31;1.29;0.120
20250319;9.35;9.32;9.42;9.28;7677711;71719633;3.96;-1.06;-0.100
20250318;9.38;9.42;9.51;9.26;12280183;115400554;6.33;0.86;0.080
20250317;9.25;9.34;9.4;9.24;11753822;109489879;6.05;1.41;0.130
20250314;9.03;9.21;9.26;9.01;13449720;123197046;6.93;2.11;0.190
20250313;9.1;9.02;9.12;8.99;11123800;100606919;5.73;-1.1;-0.100
20250312;9.05;9.12;9.28;8.99;13446798;122707913;6.93;0.88;0.080
20250311;9.09;9.04;9.12;8.97;6701000;60461540;3.45;-0.99;-0.090
20250310;9.1;9.13;9.17;9.08;4206676;38311949;2.17;0.44;0.040
20250307;9.11;9.09;9.14;9.06;3594711;32717293;1.85;-0.33;-0.030
20250306;9.05;9.12;9.12;9.03;3860319;35074742;1.99;0.66;0.060
20250305;9.05;9.06;9.08;9.0;3256338;29394081;1.68;-0.33;-0.030
20250304;9.04;9.09;9.1;9.01;4005938;36284085;2.06;0.33;0.030
20250303;9.14;9.06;9.18;9.04;7595800;69087955;3.91;-0.98;-0.090
20250228;9.23;9.15;9.26;9.12;3713100;34098361;1.91;-1.08;-0.100
20250227;9.25;9.25;9.3;9.19;3664485;33850484;1.89;-0.22;-0.020
20250226;9.18;9.27;9.28;9.18;3750664;34694282;1.93;1.09;0.100
20250225;9.21;9.17;9.25;9.17;3587767;33034217;1.85;-0.65;-0.060
20250224;9.21;9.23;9.27;9.2;3467700;32019361;1.79;-0.11;-0.010
20250221;9.24;9.24;9.25;9.15;4276700;39394232;2.2;-0.11;-0.010
20250220;9.25;9.25;9.27;9.2;3632900;33533395;1.87;-0.11;-0.010
20250219;9.22;9.26;9.29;9.22;3031150;28088022;1.56;0.11;0.010
20250218;9.36;9.25;9.41;9.21;4778459;44535367;2.46;-1.18;-0.110
20250217;9.35;9.36;9.38;9.26;5226202;48749241;2.69;0.21;0.020
20250214;9.38;9.34;9.42;9.31;3472366;32470125;1.79;-0.43;-0.040
20250213;9.43;9.38;9.46;9.37;4355936;41013102;2.24;-0.53;-0.050
20250212;9.38;9.43;9.43;9.36;3936624;36996768;2.03;0.21;0.020
20250211;9.44;9.41;9.45;9.35;4350736;40850517;2.24;0.11;0.010
20250210;9.43;9.4;9.47;9.38;4615494;43454284;2.38;-0.21;-0.020
20250207;9.41;9.42;9.48;9.33;5756038;54186571;2.97;0.11;0.010
20250206;9.37;9.41;9.43;9.32;4333462;40640049;2.23;0.11;0.010
20250205;9.52;9.4;9.55;9.37;4256597;40218224;2.19;-0.84;-0.080
20250127;9.43;9.48;9.55;9.43;3392367;32242542;1.75;0.85;0.080
20250124;9.42;9.4;9.5;9.37;3199026;30108703;1.65;-0.42;-0.040
20250123;9.46;9.44;9.54;9.41;3801455;36087882;1.96;0.32;0.030
20250122;9.36;9.41;9.46;9.34;3787037;35666715;1.95;-0.11;-0.010
20250121;9.45;9.42;9.48;9.36;2860423;26898011;1.47;-0.21;-0.020
20250120;9.34;9.44;9.46;9.31;4043156;38005082;2.08;1.4;0.130
20250117;9.2;9.31;9.32;9.14;3196600;29575462;1.65;1.09;0.100
20250116;9.23;9.21;9.31;9.16;3823800;35329990;1.97;0.0;0.000
20250115;9.23;9.21;9.28;9.18;2630373;24248368;1.36;-0.43;-0.040
20250114;9.08;9.25;9.26;9.05;4336171;39875101;2.23;2.21;0.200
20250113;9.0;9.05;9.1;8.92;3361342;30285975;1.73;0.44;0.040
20250110;9.18;9.01;9.21;9.01;3343547;30471092;1.72;-1.53;-0.140
20250109;9.21;9.15;9.23;9.07;3731404;34221269;1.92;-1.29;-0.120
20250108;9.3;9.27;9.38;9.14;4841428;44847551;2.49;-0.75;-0.070
20250107;9.35;9.34;9.41;9.25;3996900;37221016;2.06;-0.21;-0.020
20250106;9.28;9.36;9.45;9.17;5182500;48383126;2.67;0.86;0.080
20250103;9.39;9.28;9.54;9.25;6015523;56432784;3.1;-0.96;-0.090
20250102;9.51;9.37;9.63;9.27;6710565;63390283;3.46;-1.58;-0.150