20251022;3.56;3.58;3.6;3.55;21113461;75523269;1.62;0.28;0.010
20251021;3.54;3.57;3.58;3.51;23138443;82212331;1.77;0.85;0.030
20251020;3.48;3.54;3.54;3.46;17904000;62750572;1.37;2.31;0.080
20251017;3.48;3.46;3.51;3.46;15811760;55115372;1.21;-0.86;-0.030
20251016;3.51;3.49;3.55;3.48;19906365;69821018;1.52;0.29;0.010
20251015;3.48;3.48;3.49;3.46;10351700;35952104;0.79;0.29;0.010
20251014;3.44;3.47;3.49;3.44;15861300;55019526;1.21;0.87;0.030
20251013;3.41;3.44;3.46;3.4;12248552;42051359;0.93;-1.15;-0.040
20251010;3.45;3.48;3.48;3.43;13197402;45751197;1.0;0.58;0.020
20251009;3.42;3.46;3.46;3.39;13660172;46757385;1.04;1.17;0.040
20250930;3.41;3.42;3.42;3.39;7474800;25479846;0.57;0.29;0.010
20250929;3.41;3.41;3.42;3.37;12726000;43260614;0.97;0.0;0.000
20250926;3.4;3.41;3.42;3.38;8473000;28849347;0.64;0.0;0.000
20250925;3.45;3.41;3.45;3.4;13725865;46904070;1.04;-1.16;-0.040
20250924;3.4;3.45;3.46;3.39;13184900;45270982;1.0;0.88;0.030
20250923;3.48;3.42;3.48;3.37;24920434;85067483;1.89;-1.72;-0.060
20250922;3.56;3.48;3.56;3.45;22226644;77564961;1.69;-2.25;-0.080
20250919;3.6;3.56;3.62;3.54;27441317;97848818;2.09;-1.39;-0.050
20250918;3.64;3.61;3.68;3.59;41576225;151349855;3.16;-0.82;-0.030
20250917;3.62;3.64;3.69;3.58;44842265;163275758;3.41;0.55;0.020
20250916;3.61;3.62;3.65;3.6;40580097;146909197;3.08;0.56;0.020
20250915;3.56;3.6;3.62;3.54;33509620;119808272;2.55;1.12;0.040
20250912;3.57;3.56;3.59;3.55;26917102;96048306;2.05;-0.28;-0.010
20250911;3.58;3.57;3.58;3.53;29696986;105441996;2.26;-0.56;-0.020
20250910;3.55;3.59;3.61;3.54;37904086;135450982;2.88;1.41;0.050
20250909;3.58;3.54;3.59;3.51;45511923;161603881;3.46;-2.21;-0.080
20250908;3.58;3.62;3.66;3.55;72630853;262159922;5.52;-1.09;-0.040
20250905;3.44;3.66;3.78;3.4;95160290;344929883;7.23;6.4;0.220
20250904;3.4;3.44;3.46;3.37;24039958;82290297;1.83;0.58;0.020
20250903;3.54;3.42;3.54;3.41;30461400;105748477;2.31;-3.39;-0.120
20250902;3.55;3.54;3.56;3.5;24504030;86508627;1.86;-0.28;-0.010
20250901;3.52;3.55;3.55;3.5;23012701;81094083;1.75;0.85;0.030
20250829;3.49;3.52;3.53;3.47;25129400;88191769;1.91;0.86;0.030
20250828;3.51;3.49;3.52;3.42;27269100;94646478;2.07;-0.29;-0.010
20250827;3.58;3.5;3.59;3.5;25611086;90652564;1.95;-2.23;-0.080
20250826;3.56;3.58;3.59;3.55;20971285;74983193;1.59;0.28;0.010
20250825;3.54;3.57;3.59;3.53;23676084;84313799;1.8;0.85;0.030
20250822;3.55;3.54;3.55;3.51;17026995;60065144;1.29;-0.28;-0.010
20250821;3.52;3.55;3.56;3.51;19627300;69487367;1.49;0.85;0.030
20250820;3.5;3.52;3.52;3.48;13637225;47780954;1.04;0.57;0.020
20250819;3.52;3.5;3.52;3.49;13678300;47885688;1.04;-0.28;-0.010
20250818;3.5;3.51;3.53;3.49;16113692;56554697;1.22;0.29;0.010
20250815;3.49;3.5;3.5;3.47;15790499;55097550;1.2;0.29;0.010
20250814;3.54;3.49;3.54;3.48;16530601;57990738;1.26;-1.13;-0.040
20250813;3.55;3.53;3.55;3.51;18588530;65534887;1.41;-0.28;-0.010
20250812;3.55;3.54;3.56;3.52;15295900;54216268;1.16;-0.28;-0.010
20250811;3.54;3.55;3.56;3.53;14463800;51353502;1.1;0.57;0.020
20250808;3.52;3.53;3.54;3.49;15911000;55936928;1.21;0.28;0.010
20250807;3.51;3.52;3.55;3.5;17603598;62079928;1.34;0.86;0.030
20250806;3.5;3.49;3.51;3.47;11252491;39228618;0.86;-0.29;-0.010
20250805;3.46;3.5;3.51;3.46;13561300;47407578;1.03;0.86;0.030
20250804;3.45;3.47;3.48;3.43;12692100;44007534;0.96;0.29;0.010
20250801;3.44;3.46;3.49;3.44;13940400;48330531;1.06;0.29;0.010
20250731;3.52;3.45;3.53;3.44;20737900;71912925;1.58;-2.27;-0.080
20250730;3.51;3.53;3.54;3.49;18265100;64280102;1.39;0.57;0.020
20250729;3.53;3.51;3.53;3.47;20892000;73042818;1.59;-0.85;-0.030
20250728;3.58;3.54;3.58;3.52;16864166;59758300;1.28;-0.84;-0.030
20250725;3.62;3.57;3.63;3.57;15138600;54334528;1.15;-1.38;-0.050
20250724;3.6;3.62;3.63;3.58;17941200;64708763;1.36;0.56;0.020
20250723;3.69;3.67;3.74;3.66;29517800;109162982;2.24;-0.27;-0.010
20250722;3.66;3.68;3.69;3.62;34174262;124960543;2.6;0.82;0.030
20250721;3.6;3.65;3.67;3.59;24873552;90529169;1.89;1.96;0.070
20250718;3.59;3.58;3.6;3.56;11959231;42818323;0.91;0.0;0.000
20250717;3.59;3.58;3.61;3.57;10721259;38449379;0.81;-0.28;-0.010
20250716;3.58;3.59;3.61;3.57;12650902;45408546;0.96;0.56;0.020
20250715;3.62;3.57;3.63;3.54;19071200;68114172;1.45;-1.38;-0.050
20250714;3.61;3.62;3.63;3.6;12014800;43485866;0.91;0.28;0.010
20250711;3.6;3.61;3.62;3.58;16939000;61075140;1.29;0.0;0.000
20250710;3.57;3.61;3.61;3.56;20324496;72906125;1.54;1.12;0.040
20250709;3.58;3.57;3.59;3.56;16957600;60625189;1.29;-0.28;-0.010
20250708;3.55;3.58;3.58;3.54;20716030;73794384;1.57;0.28;0.010
20250707;3.53;3.57;3.58;3.51;24637061;87486634;1.87;1.13;0.040
20250704;3.5;3.53;3.55;3.5;22065000;77959173;1.68;0.57;0.020
20250703;3.52;3.51;3.52;3.49;11903698;41775316;0.9;-0.28;-0.010
20250702;3.51;3.52;3.52;3.48;16163900;56665772;1.23;0.28;0.010
20250701;3.51;3.51;3.51;3.48;10627300;37153484;0.81;0.0;0.000
20250630;3.49;3.51;3.51;3.47;14030860;48958852;1.07;0.57;0.020
20250627;3.48;3.49;3.51;3.47;14808100;51664164;1.13;0.58;0.020
20250626;3.49;3.47;3.5;3.47;15307200;53249273;1.16;-0.86;-0.030
20250625;3.51;3.5;3.52;3.46;30358191;105708988;2.31;-0.85;-0.030
20250624;3.48;3.53;3.57;3.47;58039658;204636016;4.41;3.82;0.130
20250623;3.34;3.4;3.43;3.34;15335349;51889207;1.17;1.49;0.050
20250620;3.35;3.35;3.37;3.34;8671800;29116146;0.66;0.0;0.000
20250619;3.4;3.35;3.41;3.34;14495200;48721107;1.1;-1.76;-0.060
20250618;3.41;3.41;3.42;3.38;12099600;41143381;0.92;-0.58;-0.020
20250617;3.42;3.43;3.43;3.39;12299500;41993121;0.93;0.59;0.020
20250616;3.39;3.41;3.42;3.37;11221600;38205836;0.85;0.29;0.010
20250613;3.44;3.4;3.45;3.39;16770500;57339759;1.27;-1.45;-0.050
20250612;3.47;3.45;3.48;3.44;17075800;58889510;1.3;-0.86;-0.030
20250611;3.47;3.48;3.5;3.46;17982666;62625186;1.37;0.29;0.010
20250610;3.49;3.47;3.5;3.43;19690900;68268887;1.5;-0.86;-0.030
20250609;3.51;3.5;3.52;3.49;14368100;50287983;1.09;-0.28;-0.010
20250606;3.5;3.51;3.52;3.49;11136600;39056895;0.85;0.29;0.010
20250605;3.52;3.5;3.53;3.49;12569400;44086514;0.96;-0.85;-0.030
20250604;3.49;3.53;3.53;3.47;15038165;52665525;1.14;0.86;0.030
20250603;3.47;3.5;3.5;3.46;14704330;51262262;1.12;0.57;0.020
20250530;3.5;3.48;3.52;3.47;13517001;47182611;1.03;-1.14;-0.040
20250529;3.49;3.52;3.53;3.47;18442231;64718755;1.4;0.86;0.030
20250528;3.47;3.49;3.54;3.47;19571030;68496598;1.49;0.58;0.020
20250527;3.45;3.47;3.48;3.44;14702500;50887404;1.12;0.29;0.010
20250526;3.43;3.46;3.47;3.42;14333530;49468473;1.09;0.58;0.020
20250523;3.51;3.44;3.51;3.44;21975900;76314453;1.67;-1.99;-0.070
20250522;3.58;3.51;3.6;3.5;27837200;98480655;2.12;-2.23;-0.080
20250521;3.61;3.59;3.63;3.58;18976661;68323388;1.44;-0.55;-0.020
20250520;3.59;3.61;3.62;3.57;20814598;74771555;1.58;0.28;0.010
20250519;3.57;3.6;3.62;3.57;23096600;83039176;1.76;0.84;0.030
20250516;3.62;3.57;3.63;3.55;35765465;127949378;2.72;-2.19;-0.080
20250515;3.63;3.65;3.67;3.59;37479365;136253684;2.85;0.27;0.010
20250514;3.6;3.64;3.64;3.57;35331294;127539647;2.68;1.11;0.040
20250513;3.67;3.6;3.68;3.57;61268417;221010710;4.66;-3.49;-0.130
20250512;3.79;3.73;3.79;3.66;52014030;192822043;3.95;-1.84;-0.070
20250509;3.91;3.8;3.94;3.78;64688865;247452728;4.92;-4.28;-0.170
20250508;3.93;3.97;3.97;3.86;62872088;246594199;4.78;0.0;0.000
20250507;4.04;3.97;4.05;3.91;99998125;396766397;7.6;-2.22;-0.090
20250506;3.91;4.06;4.22;3.85;144873972;575575552;11.01;5.18;0.200
20250430;3.83;3.86;3.95;3.78;100432860;387485232;7.63;-0.77;-0.030
20250429;3.75;3.89;4.07;3.71;139830556;548843494;10.63;5.14;0.190
20250428;3.79;3.7;3.87;3.7;84059276;317287399;6.39;-3.39;-0.130
20250425;3.77;3.83;3.99;3.76;111022996;426877268;8.44;2.13;0.080
20250424;3.88;3.75;3.92;3.74;143597611;545992531;10.91;-6.02;-0.240
20250423;3.63;3.99;3.99;3.6;184798570;722252815;14.04;9.92;0.360
20250422;3.58;3.63;3.64;3.56;36897020;133059442;2.8;1.4;0.050
20250421;3.56;3.58;3.6;3.51;27788800;98907918;2.11;0.56;0.020
20250418;3.57;3.56;3.61;3.49;35762021;127025208;2.72;-0.56;-0.020
20250417;3.61;3.58;3.67;3.58;35825760;129657722;2.72;-1.65;-0.060
20250416;3.6;3.64;3.68;3.53;37932031;136840780;2.88;0.83;0.030
20250415;3.68;3.61;3.7;3.57;47860775;173109554;3.64;-2.7;-0.100
20250414;3.7;3.71;3.8;3.66;66558392;246985051;5.06;-0.54;-0.020
20250411;3.57;3.73;3.82;3.55;85221457;313485615;6.48;3.61;0.130
20250410;3.58;3.6;3.7;3.58;74740730;271026785;5.68;-1.37;-0.050
20250409;3.51;3.65;3.68;3.36;104599383;368316535;7.95;3.4;0.120
20250408;3.26;3.53;3.59;3.25;107101850;373404720;8.14;8.28;0.270
20250407;3.4;3.26;3.5;3.19;68944458;233127986;5.24;-7.91;-0.280
20250403;3.5;3.54;3.57;3.45;56178114;197034772;4.27;-0.56;-0.020
20250402;3.43;3.56;3.75;3.43;83301215;295141719;6.33;2.89;0.100
20250401;3.29;3.46;3.61;3.29;74424266;259378679;5.66;5.49;0.180
20250331;3.33;3.28;3.38;3.26;22612730;74701592;1.72;-0.61;-0.020
20250328;3.39;3.3;3.39;3.28;14879095;49424581;1.13;-2.08;-0.070
20250327;3.42;3.37;3.42;3.36;12288495;41609214;0.93;-1.46;-0.050
20250326;3.37;3.42;3.43;3.36;18343401;62400226;1.39;1.18;0.040
20250325;3.33;3.38;3.38;3.31;15254330;51083540;1.16;1.2;0.040
20250324;3.4;3.34;3.41;3.28;19896500;66430055;1.51;-1.76;-0.060
20250321;3.39;3.4;3.44;3.37;22243901;75706834;1.69;0.29;0.010
20250320;3.39;3.39;3.41;3.38;14270400;48483940;1.08;0.0;0.000
20250319;3.38;3.39;3.4;3.37;10297765;34817469;0.78;0.0;0.000
20250318;3.38;3.39;3.39;3.34;11202830;37762548;0.85;0.3;0.010
20250317;3.36;3.38;3.39;3.36;12439094;42015441;0.95;0.6;0.020
20250314;3.32;3.36;3.37;3.31;16798676;56176158;1.28;1.2;0.040
20250313;3.33;3.32;3.33;3.28;13577600;44889197;1.03;-0.3;-0.010
20250312;3.34;3.33;3.36;3.32;11520000;38415589;0.88;-0.3;-0.010
20250311;3.28;3.34;3.35;3.26;19236195;63786195;1.46;1.21;0.040
20250310;3.26;3.3;3.3;3.26;9127700;29952121;0.69;0.92;0.030
20250307;3.29;3.27;3.3;3.25;9299400;30478102;0.71;-0.91;-0.030
20250306;3.28;3.3;3.3;3.26;11186000;36765121;0.85;0.61;0.020
20250305;3.27;3.28;3.29;3.24;9425625;30766255;0.72;0.31;0.010
20250304;3.23;3.27;3.28;3.22;7909422;25771308;0.6;0.93;0.030
20250303;3.23;3.24;3.29;3.23;10256300;33437891;0.78;0.0;0.000
20250228;3.28;3.24;3.29;3.23;12461300;40614330;0.95;-1.52;-0.050
20250227;3.31;3.29;3.33;3.26;13195566;43392975;1.0;-0.6;-0.020
20250226;3.28;3.31;3.32;3.28;9805832;32418623;0.75;0.91;0.030
20250225;3.32;3.28;3.33;3.27;14028600;46351237;1.07;-1.5;-0.050
20250224;3.32;3.33;3.35;3.3;12492300;41573033;0.95;0.6;0.020
20250221;3.35;3.31;3.36;3.3;20152771;66827555;1.53;-1.49;-0.050
20250220;3.34;3.36;3.45;3.3;23197462;77890624;1.76;0.9;0.030
20250219;3.32;3.33;3.34;3.3;12700500;42152702;0.97;0.3;0.010
20250218;3.4;3.32;3.41;3.31;15137200;50799359;1.15;-2.64;-0.090
20250217;3.37;3.41;3.42;3.36;14384359;48801902;1.09;0.89;0.030
20250214;3.41;3.38;3.42;3.36;14966831;50689825;1.14;-1.17;-0.040
20250213;3.42;3.42;3.45;3.41;17725220;60773954;1.35;-0.29;-0.010
20250212;3.44;3.43;3.44;3.38;17334900;59095245;1.32;0.0;0.000
20250211;3.48;3.43;3.48;3.4;17932731;61451778;1.36;-1.44;-0.050
20250210;3.49;3.48;3.52;3.46;18250652;63500029;1.39;-0.29;-0.010
20250207;3.47;3.49;3.52;3.45;23529556;81941686;1.79;0.58;0.020
20250206;3.4;3.47;3.48;3.35;20454595;69920864;1.55;1.76;0.060
20250205;3.42;3.41;3.43;3.37;14585764;49620944;1.11;0.29;0.010
20250127;3.38;3.4;3.45;3.38;19043498;65111085;1.45;0.89;0.030
20250124;3.36;3.37;3.38;3.31;13530900;45311565;1.03;0.6;0.020
20250123;3.37;3.35;3.41;3.35;17693500;59853230;1.34;0.6;0.020
20250122;3.37;3.33;3.38;3.32;10883100;36389961;0.83;-1.48;-0.050
20250121;3.41;3.38;3.44;3.36;13053558;44257980;0.99;-0.88;-0.030
20250120;3.4;3.41;3.43;3.34;15303300;52021511;1.16;1.49;0.050
20250117;3.38;3.36;3.39;3.33;10420900;35072607;0.79;-0.59;-0.020
20250116;3.36;3.38;3.42;3.35;13834576;46871124;1.05;1.2;0.040
20250115;3.36;3.34;3.38;3.32;13039401;43733225;0.99;-0.89;-0.030
20250114;3.27;3.37;3.37;3.26;19659762;65671894;1.49;3.06;0.100
20250113;3.21;3.27;3.28;3.2;11686401;37952287;0.89;-0.3;-0.010
20250110;3.37;3.28;3.38;3.27;15181300;50491840;1.15;-2.67;-0.090
20250109;3.38;3.37;3.4;3.35;10531900;35546339;0.8;-0.88;-0.030
20250108;3.42;3.4;3.42;3.31;17353996;58530120;1.32;-0.58;-0.020
20250107;3.38;3.42;3.42;3.35;14735500;49851751;1.12;1.48;0.050
20250106;3.4;3.37;3.42;3.29;18595400;62563693;1.41;-0.59;-0.020
20250103;3.56;3.39;3.6;3.37;24217500;83658465;1.84;-4.78;-0.170
20250102;3.6;3.56;3.68;3.53;28059140;101455537;2.13;-1.11;-0.040