20251022;1462.08;1458.7;1465.73;1456.0;1819492;2657486636;0.15;-0.24;-3.560
20251021;1459.0;1462.26;1469.94;1455.5;2544267;3727984130;0.2;0.3;4.330
20251020;1455.0;1457.93;1469.5;1454.88;2594988;3793283759;0.21;0.2;2.930
20251017;1483.1;1455.0;1488.0;1454.03;3808589;5594724900;0.3;-2.01;-29.910
20251016;1461.92;1484.91;1484.95;1458.88;4573015;6749162949;0.37;1.57;22.910
20251015;1450.98;1462.0;1463.0;1445.08;4278540;6233407482;0.34;0.76;10.980
20251014;1429.99;1451.02;1464.0;1429.99;6667233;9639484605;0.53;2.24;31.820
20251013;1415.7;1419.2;1422.85;1415.12;4606880;6533147458;0.37;-0.76;-10.800
20251010;1437.6;1430.0;1439.94;1427.5;3600144;5157459262;0.29;-0.47;-6.780
20251009;1436.0;1436.78;1439.38;1420.0;5491812;7845448947;0.44;-0.5;-7.210
20250930;1460.0;1443.99;1460.76;1440.0;3936362;5687474876;0.31;-1.15;-16.870
20250929;1439.38;1460.86;1469.99;1435.0;5368403;7798434586;0.43;1.8;25.860
20250926;1441.18;1435.0;1447.11;1428.01;4512071;6480889597;0.36;-0.28;-4.000
20250925;1442.83;1439.0;1445.21;1436.0;3386973;4873274661;0.27;-0.21;-3.000
20250924;1434.07;1442.0;1456.78;1434.07;3074350;4443052872;0.25;-0.37;-5.420
20250923;1450.5;1447.42;1457.5;1440.0;3866300;5588384388;0.31;-0.41;-5.930
20250922;1465.09;1453.35;1467.97;1450.01;3494708;5085057536;0.28;-1.0;-14.620
20250919;1467.99;1467.97;1475.5;1457.01;3263662;4784528851;0.26;0.0;0.010
20250918;1492.0;1467.96;1497.8;1463.5;4972125;7347477479;0.4;-1.68;-25.040
20250917;1499.99;1493.0;1510.28;1490.01;3033054;4534770634;0.24;-0.47;-6.980
20250916;1515.1;1499.98;1520.99;1496.21;3271789;4928374478;0.26;-1.0;-15.120
20250915;1515.87;1515.1;1517.48;1501.5;2582703;3901929718;0.21;-0.06;-0.900
20250912;1526.0;1516.0;1538.02;1510.53;3372209;5132184935;0.27;-0.49;-7.500
20250911;1522.01;1523.5;1526.02;1508.5;3723896;5642778456;0.3;0.1;1.490
20250910;1506.66;1522.01;1529.95;1496.0;4966331;7541460049;0.4;1.13;17.010
20250909;1505.0;1505.0;1509.95;1493.42;3574277;5366650005;0.29;0.25;3.770
20250908;1483.0;1501.23;1506.44;1477.5;5138298;7682065696;0.41;1.23;18.230
20250905;1471.0;1483.0;1486.97;1464.0;3738848;5519312163;0.3;0.7;10.340
20250904;1472.0;1472.66;1479.3;1460.47;4774676;7017084750;0.38;-0.53;-7.890
20250903;1491.0;1480.55;1503.5;1466.0;4504503;6656011145;0.36;-0.72;-10.750
20250902;1478.66;1491.3;1509.0;1478.0;5668837;8470012816;0.45;1.03;15.200
20250901;1482.2;1476.1;1488.0;1465.7;4512338;6658918555;0.36;-0.26;-3.900
20250829;1453.0;1480.0;1482.58;1452.0;6225648;9159701454;0.5;2.34;33.900
20250828;1447.97;1446.1;1456.1;1438.77;3928177;5683673273;0.31;-0.13;-1.900
20250827;1481.88;1448.0;1484.93;1448.0;5600609;8184169113;0.45;-2.27;-33.610
20250826;1490.32;1481.61;1494.23;1480.01;3960213;5883917000;0.32;-0.59;-8.720
20250825;1470.01;1490.33;1496.0;1466.0;6532455;9676719498;0.52;1.8;26.380
20250822;1448.88;1463.95;1464.0;1444.77;4497058;6544867368;0.36;1.08;15.700
20250821;1453.45;1448.25;1454.99;1443.65;3089057;4470441662;0.25;-0.12;-1.750
20250820;1438.0;1450.0;1452.8;1430.02;4580466;6623095725;0.36;0.83;12.000
20250819;1433.5;1438.0;1446.66;1432.0;4637186;6678541001;0.37;0.67;9.500
20250818;1426.99;1428.5;1436.64;1423.1;4737798;6773477871;0.38;0.45;6.420
20250815;1426.01;1422.08;1428.66;1420.22;4758165;6772436997;0.38;-0.34;-4.910
20250814;1420.94;1426.99;1447.51;1420.94;4812930;6897535330;0.38;0.49;6.940
20250813;1425.0;1420.05;1433.68;1420.0;6552754;9325460101;0.52;-1.18;-16.990
20250812;1449.0;1437.04;1465.07;1436.0;4201923;6095342036;0.33;-0.55;-7.960
20250811;1423.5;1445.0;1451.99;1423.0;4715907;6794034090;0.38;1.69;24.030
20250808;1423.05;1420.97;1426.5;1418.0;1865528;2651478118;0.15;-0.1;-1.380
20250807;1423.88;1422.35;1427.7;1420.06;2800134;3988765795;0.22;-0.11;-1.530
20250806;1429.0;1423.88;1429.0;1419.3;2369928;3372334940;0.19;-0.27;-3.860
20250805;1421.0;1427.74;1429.94;1417.11;2534227;3607931488;0.2;0.62;8.740
20250804;1415.0;1419.0;1419.8;1414.0;1868795;2647105740;0.15;0.14;2.000
20250801;1421.87;1417.0;1425.96;1414.0;2963559;4200850790;0.24;-0.33;-4.670
20250731;1443.0;1421.67;1444.87;1418.0;5179751;7386302758;0.41;-1.92;-27.770
20250730;1444.0;1449.44;1457.16;1437.0;3186771;4612883040;0.25;0.73;10.440
20250729;1439.6;1439.0;1448.79;1435.01;2630408;3785848102;0.21;0.02;0.340
20250728;1453.0;1438.66;1454.99;1436.3;3858632;5560966386;0.31;-1.12;-16.340
20250725;1491.4;1455.0;1491.4;1453.0;4191126;6140078741;0.33;-2.45;-36.500
20250724;1476.0;1491.5;1499.0;1475.0;3880364;5786337377;0.31;1.08;16.000
20250723;1469.0;1475.5;1495.0;1468.95;4504484;6676301462;0.36;0.72;10.520
20250722;1444.0;1464.98;1466.6;1440.68;4211898;6127636851;0.34;1.52;21.980
20250721;1436.99;1443.0;1446.8;1435.0;2620331;3779891829;0.21;0.42;6.000
20250718;1420.0;1437.0;1437.81;1416.38;4182341;5984949774;0.33;1.46;20.650
20250717;1413.98;1416.35;1423.01;1412.88;2310554;3273100406;0.18;0.38;5.320
20250716;1410.01;1411.03;1417.49;1409.95;2128605;3006882579;0.17;0.0;0.030
20250715;1420.98;1411.0;1422.93;1408.32;3540578;5005150165;0.28;-0.89;-12.600
20250714;1430.0;1423.6;1434.98;1421.6;2778094;3961736006;0.22;-0.24;-3.400
20250711;1423.16;1427.0;1458.0;1423.16;5724335;8239010390;0.46;0.04;0.500
20250710;1418.97;1426.5;1436.18;1410.4;3872503;5503329754;0.31;0.54;7.620
20250709;1415.0;1418.88;1429.97;1414.17;2774532;3950810723;0.22;0.2;2.770
20250708;1410.71;1416.11;1420.0;1410.7;1867370;2643302691;0.15;0.38;5.410
20250707;1422.28;1410.7;1423.5;1410.01;2385467;3370562659;0.19;-0.81;-11.520
20250704;1415.7;1422.22;1431.89;1410.01;2876691;4086547268;0.23;0.47;6.620
20250703;1412.0;1415.6;1422.69;1408.0;2441267;3456733002;0.19;0.43;6.000
20250702;1409.5;1409.6;1414.8;1400.0;2621825;3689246316;0.21;0.32;4.500
20250701;1409.0;1405.1;1411.94;1403.31;1987819;2794423203;0.16;-0.31;-4.420
20250630;1403.5;1409.52;1413.23;1402.0;3045730;4287373691;0.24;0.46;6.430
20250627;1420.01;1403.09;1423.0;1403.09;3824973;5404312675;0.3;-1.19;-16.910
20250626;1415.0;1420.0;1428.0;1410.08;3486025;4955829982;0.28;0.83;11.740
20250625;1439.11;1435.86;1449.2;1420.51;4105007;5869292227;0.33;-0.09;-1.340
20250624;1423.35;1437.2;1451.68;1423.35;3631151;5229183514;0.29;1.21;17.200
20250623;1420.0;1420.0;1433.0;1405.18;2672331;3794012343;0.21;-0.61;-8.660
20250620;1423.58;1428.66;1441.14;1420.2;3481581;4990683314;0.28;0.19;2.660
20250619;1426.0;1426.0;1433.67;1417.18;2450072;3490268568;0.2;0.07;1.000
20250618;1440.0;1425.0;1443.44;1421.01;3076099;4404131364;0.24;-0.14;-2.000
20250617;1420.0;1427.0;1427.0;1412.18;2723151;3868364671;0.22;0.33;4.710
20250616;1401.2;1422.29;1425.04;1401.18;4288787;6060448438;0.34;-0.33;-4.660
20250613;1444.41;1426.95;1449.97;1425.06;5911325;8466515559;0.47;-2.2;-32.050
20250612;1480.0;1459.0;1483.87;1454.1;4990361;7306800800;0.4;-1.42;-21.000
20250611;1476.8;1480.0;1494.0;1476.1;3089282;4585522755;0.25;0.34;4.990
20250610;1486.0;1475.01;1492.0;1474.8;3049220;4511934584;0.24;-0.75;-11.100
20250609;1505.02;1486.11;1508.7;1485.68;4495867;6723839138;0.36;-1.35;-20.280
20250606;1513.8;1506.39;1518.97;1503.0;2502307;3777727616;0.2;-0.5;-7.610
20250605;1514.0;1514.0;1516.0;1502.2;2321366;3504925524;0.18;0.27;4.040
20250604;1510.5;1509.96;1523.0;1509.22;2300809;3480363797;0.18;0.06;0.960
20250603;1508.01;1509.0;1519.0;1505.02;2897918;4377892799;0.23;-0.85;-13.000
20250530;1540.15;1522.0;1545.0;1515.24;3123918;4764875947;0.25;-1.17;-18.000
20250529;1540.0;1540.0;1555.0;1532.0;2185958;3375465796;0.17;0.2;3.000
20250528;1543.99;1537.0;1546.46;1533.0;1626568;2504624605;0.13;-0.45;-6.900
20250527;1551.0;1543.9;1558.6;1543.51;1775213;2748945675;0.14;-0.43;-6.600
20250526;1570.0;1550.5;1574.63;1545.0;2708653;4212944430;0.22;-1.41;-22.100
20250523;1575.2;1572.6;1587.9;1571.66;2153700;3399424961;0.17;-0.47;-7.400
20250522;1580.99;1580.0;1584.99;1570.1;1509024;2381236586;0.12;-0.06;-0.970
20250521;1585.0;1580.97;1595.94;1580.97;1979464;3143941416;0.16;-0.32;-5.030
20250520;1580.0;1586.0;1594.8;1575.1;1952153;3095742637;0.16;0.44;7.020
20250519;1596.0;1578.98;1600.0;1573.88;3806283;6021950010;0.3;-2.18;-35.150
20250516;1633.99;1614.13;1636.99;1614.13;2293522;3714508659;0.18;-1.1;-17.880
20250515;1634.8;1632.01;1643.59;1624.13;2473285;4043402636;0.2;-0.18;-2.980
20250514;1590.0;1634.99;1645.0;1588.18;3946012;6394735058;0.31;2.81;44.690
20250513;1608.92;1590.3;1608.92;1585.11;2125829;3386617848;0.17;-0.89;-14.200
20250512;1598.0;1604.5;1618.93;1596.61;2473533;3967785800;0.2;0.84;13.320
20250509;1578.99;1591.18;1597.45;1575.05;2367190;3757574546;0.19;0.82;12.990
20250508;1553.0;1578.19;1592.78;1549.83;3348106;5265446444;0.27;1.49;23.190
20250507;1570.0;1555.0;1570.0;1550.2;2746221;4275142569;0.22;0.31;4.800
20250506;1559.0;1550.2;1559.0;1544.33;1830026;2838614215;0.15;0.21;3.200
20250430;1549.99;1547.0;1566.66;1546.3;2575425;4005439429;0.21;0.19;3.000
20250429;1550.0;1544.0;1552.54;1532.02;1892180;2917422938;0.15;-0.39;-6.000
20250428;1552.0;1550.0;1555.0;1546.6;1465972;2274252465;0.12;0.0;0.000
20250425;1557.1;1550.0;1561.2;1550.0;1476490;2295029705;0.12;-0.14;-2.250
20250424;1552.0;1552.25;1560.68;1548.98;1487181;2313372072;0.12;0.02;0.250
20250423;1559.0;1552.0;1559.22;1545.0;1866876;2895468892;0.15;0.21;3.200
20250422;1550.0;1548.8;1556.3;1543.21;1843214;2857525967;0.15;-0.14;-2.200
20250421;1565.5;1551.0;1565.5;1551.0;1805703;2808158177;0.14;-0.95;-14.940
20250418;1566.0;1565.94;1575.0;1556.0;2029848;3179974340;0.16;-0.26;-4.060
20250417;1554.0;1570.0;1576.5;1549.99;2384605;3733924973;0.19;0.69;10.830
20250416;1552.0;1559.17;1576.0;1537.0;3115605;4834880596;0.25;0.08;1.170
20250415;1552.0;1558.0;1565.0;1545.0;2148928;3339942729;0.17;0.39;6.010
20250414;1560.97;1551.99;1566.0;1551.53;2171144;3379425640;0.17;-1.08;-16.990
20250411;1579.97;1568.98;1579.97;1545.0;3263423;5087359924;0.26;1.29;19.980
20250410;1550.99;1549.0;1555.0;1528.0;3862021;5963650791;0.31;0.52;7.960
20250409;1525.02;1541.04;1556.8;1520.55;5563004;8562928225;0.44;-0.26;-3.960
20250408;1513.0;1545.0;1545.0;1495.0;7387649;11226977557;0.59;3.0;45.000
20250407;1520.01;1500.0;1536.85;1462.0;10195267;15314738235;0.81;-4.39;-68.880
20250403;1530.0;1568.88;1586.0;1529.01;3548050;5557442052;0.28;1.28;19.860
20250402;1558.0;1549.02;1567.8;1545.5;2167401;3371883024;0.17;-0.45;-7.000
20250401;1564.0;1556.02;1569.89;1552.21;1855644;2893739955;0.15;-0.32;-4.980
20250331;1580.98;1561.0;1586.96;1560.06;2108494;3311857714;0.17;-1.53;-24.210
20250328;1590.93;1585.21;1593.0;1576.0;1622789;2569470015;0.13;-0.24;-3.790
20250327;1576.0;1589.0;1598.25;1573.38;1795563;2848889210;0.14;0.82;13.000
20250326;1572.77;1576.0;1582.58;1571.0;1432356;2257639750;0.11;0.03;0.500
20250325;1588.0;1575.5;1592.8;1566.66;1767438;2783286813;0.14;-0.47;-7.500
20250324;1570.0;1583.0;1589.66;1562.38;2556585;4032223482;0.2;0.59;9.250
20250321;1599.0;1573.75;1612.2;1568.83;3361430;5324973190;0.27;-1.89;-30.250
20250320;1635.71;1604.0;1637.6;1595.07;3673677;5903879207;0.29;-1.94;-31.710
20250319;1624.29;1635.71;1648.0;1623.0;2738955;4477128770;0.22;0.72;11.710
20250318;1645.04;1624.0;1652.0;1621.7;3161345;5153210436;0.25;-0.85;-13.860
20250317;1657.0;1637.86;1657.99;1626.88;5468913;8985138902;0.44;0.61;9.850
20250314;1547.66;1628.01;1628.01;1541.0;9291315;14882842708;0.74;5.87;90.240
20250313;1544.0;1537.77;1555.5;1530.88;2572439;3966369271;0.2;-0.31;-4.810
20250312;1546.96;1542.58;1549.68;1526.35;2960396;4552923644;0.24;-0.39;-6.100
20250311;1517.0;1548.68;1548.68;1512.0;3977560;6094007854;0.32;1.69;25.780
20250310;1519.81;1522.9;1526.88;1506.14;3136907;4758789260;0.25;0.12;1.900
20250307;1503.0;1521.0;1528.36;1503.0;3799135;5760608729;0.3;1.0;15.020
20250306;1474.0;1505.98;1510.2;1472.08;4216764;6297117400;0.34;2.7;39.610
20250305;1472.0;1466.37;1474.0;1460.1;2460522;3606932152;0.2;-0.25;-3.740
20250304;1485.0;1470.11;1486.0;1465.21;2521121;3710675863;0.2;-1.14;-16.910
20250303;1502.6;1487.02;1520.99;1481.5;3159566;4736679903;0.25;-0.92;-13.770
20250228;1485.5;1500.79;1528.38;1482.0;5612895;8475738166;0.45;1.03;15.230
20250227;1460.02;1485.56;1489.9;1454.0;4976217;7368002361;0.4;1.75;25.550
20250226;1455.45;1460.01;1464.96;1445.0;2636609;3835949041;0.21;0.41;6.010
20250225;1470.01;1454.0;1473.39;1452.0;2838743;4142814459;0.23;-1.69;-25.070
20250224;1488.0;1479.07;1499.52;1474.0;3474373;5157907322;0.28;-0.61;-9.140
20250221;1480.0;1488.21;1496.73;1473.01;3641783;5418169587;0.29;0.96;14.210
20250220;1483.0;1474.0;1491.97;1473.39;2374973;3513552984;0.19;-1.14;-17.000
20250219;1475.05;1491.0;1494.44;1464.9;3239331;4803378441;0.26;1.08;16.000
20250218;1470.0;1475.0;1492.99;1462.08;2779992;4113845397;0.22;0.23;3.380
20250217;1481.0;1471.62;1494.98;1467.1;3247059;4804663813;0.26;-0.23;-3.380
20250214;1465.06;1475.0;1477.0;1458.22;2709992;3978694098;0.22;0.68;9.940
20250213;1443.02;1465.06;1475.25;1434.51;4338536;6335985851;0.35;1.53;22.060
20250212;1418.0;1443.0;1445.0;1416.88;2547579;3644170477;0.2;1.76;25.000
20250211;1434.95;1418.0;1435.96;1415.9;2357283;3348668867;0.19;-0.94;-13.510
20250210;1438.0;1431.51;1440.0;1427.09;2083979;2988101756;0.17;-0.31;-4.490
20250207;1413.68;1436.0;1442.68;1403.41;3724207;5310850624;0.3;1.64;23.160
20250206;1400.01;1412.84;1421.99;1400.01;2735582;3859568163;0.22;0.64;9.040
20250205;1440.0;1403.8;1443.0;1402.21;4075652;5753730034;0.32;-2.17;-31.190
20250127;1437.0;1434.99;1443.97;1427.02;2935646;4213534543;0.23;-0.07;-1.010
20250124;1442.0;1436.0;1447.79;1430.31;3136034;4515322685;0.25;-0.49;-7.000
20250123;1449.97;1443.0;1468.0;1438.0;2712504;3932700850;0.22;0.14;2.000
20250122;1463.27;1441.0;1467.95;1438.0;2829384;4088101682;0.23;-1.85;-27.150
20250121;1481.0;1468.15;1482.0;1465.0;1685604;2481821229;0.13;-0.45;-6.650
20250120;1461.0;1474.8;1489.79;1460.0;3140975;4647626351;0.25;1.38;20.050
20250117;1446.39;1454.75;1461.0;1446.38;1830894;2663227309;0.15;0.58;8.370
20250116;1474.0;1446.38;1482.66;1442.0;2634213;3840411437;0.21;-1.69;-24.890
20250115;1467.0;1471.27;1474.6;1460.01;1839934;2701518712;0.15;-0.08;-1.230
20250114;1444.95;1472.5;1478.68;1442.0;3095657;4535651504;0.25;1.98;28.520
20250113;1425.0;1443.98;1444.44;1422.01;2108251;3030806870;0.17;0.56;7.980
20250110;1447.1;1436.0;1451.95;1436.0;2187195;3154677598;0.17;-0.55;-8.000
20250109;1448.99;1444.0;1464.58;1432.98;2970565;4295852736;0.24;0.1;1.500
20250108;1440.0;1442.5;1451.82;1426.66;3525821;5071821246;0.28;0.16;2.300
20250107;1444.66;1440.2;1451.89;1439.0;2422118;3494634227;0.19;0.01;0.200
20250106;1453.0;1440.0;1462.66;1432.8;4425512;6392479712;0.35;-2.37;-35.000
20250103;1494.5;1475.0;1494.99;1467.01;3262836;4836610288;0.26;-0.87;-13.000
20250102;1524.0;1488.0;1524.49;1480.0;5002870;7490883773;0.4;-2.36;-36.000