20251022;18.8;18.66;19.05;18.5;47772403;895201960;0.87;-0.96;-0.180
20251021;19.2;18.84;19.27;18.73;58770942;1110886984;1.07;-2.23;-0.430
20251020;19.2;19.27;19.77;19.04;55581606;1076111553;1.01;0.47;0.090
20251017;19.98;19.18;20.12;19.1;74808948;1462179724;1.36;-3.71;-0.740
20251016;19.4;19.92;20.31;19.32;114046720;2269657873;2.08;1.58;0.310
20251015;19.8;19.61;20.12;19.33;161587446;3188785795;2.95;2.99;0.570
20251014;18.6;19.04;19.18;18.5;102946742;1947864162;1.88;3.65;0.670
20251013;17.6;18.37;18.49;17.3;53337585;964247370;0.97;1.38;0.250
20251010;18.4;18.12;18.5;18.06;49284475;901022258;0.9;-0.55;-0.100
20251009;18.0;18.22;18.5;17.99;68741298;1250598930;1.25;-1.78;-0.330
20250930;18.87;18.55;18.96;18.4;49880599;925425403;0.91;-1.75;-0.330
20250929;18.35;18.88;19.09;18.02;62963650;1163907067;1.15;1.67;0.310
20250926;18.48;18.57;18.86;18.43;43942690;820708422;0.8;0.43;0.080
20250925;18.95;18.49;18.95;18.46;56941724;1059657527;1.04;-2.48;-0.470
20250924;18.26;18.96;19.06;18.2;60123757;1132702101;1.1;3.78;0.690
20250923;19.34;18.27;19.55;18.0;98507843;1829536580;1.8;-5.82;-1.130
20250922;19.61;19.4;19.61;18.68;52986716;1011978472;0.97;-1.22;-0.240
20250919;19.19;19.64;19.93;19.01;62623313;1226957462;1.14;2.34;0.450
20250918;19.69;19.19;19.85;19.03;80010097;1554961009;1.46;-2.34;-0.460
20250917;19.7;19.65;19.8;19.41;53872398;1055574252;0.98;-0.81;-0.160
20250916;20.03;19.81;20.11;19.66;48068531;954992778;0.88;-0.25;-0.050
20250915;19.71;19.86;20.1;19.62;48902354;971181101;0.89;0.51;0.100
20250912;20.0;19.76;20.1;19.58;56167216;1112221226;1.02;-1.98;-0.400
20250911;19.4;20.16;20.3;19.27;60684277;1208761759;1.11;3.92;0.760
20250910;19.52;19.4;19.73;19.32;45242682;882504510;0.83;-1.07;-0.210
20250909;19.7;19.61;20.18;19.55;42797353;846251148;0.78;-1.31;-0.260
20250908;20.21;19.87;20.65;19.78;52818089;1061794920;0.96;-1.63;-0.330
20250905;20.0;20.2;20.25;19.7;51622942;1033620854;0.94;1.05;0.210
20250904;20.1;19.99;20.67;19.62;67841998;1362095485;1.24;-0.74;-0.150
20250903;20.85;20.14;20.85;19.92;62621896;1267895285;1.14;-3.41;-0.710
20250902;22.33;20.85;22.33;20.58;89664023;1897411115;1.64;-7.29;-1.640
20250901;22.7;22.49;23.19;22.34;62226210;1405283639;1.13;-0.04;-0.010
20250829;21.8;22.5;22.74;21.8;84200193;1878123204;1.54;3.45;0.750
20250828;21.87;21.75;21.95;21.28;63567913;1375977659;1.16;-1.14;-0.250
20250827;22.38;22.0;22.95;21.96;68675891;1540290056;1.25;-1.57;-0.350
20250826;22.92;22.35;23.4;22.2;103631811;2342506106;1.89;-2.91;-0.670
20250825;20.93;23.02;23.02;20.55;159786343;3530106537;2.91;9.99;2.090
20250822;20.33;20.93;21.18;20.05;87921062;1808191031;1.6;2.95;0.600
20250821;20.71;20.33;21.9;20.24;111262764;2336111469;2.03;1.9;0.380
20250820;20.2;19.95;20.48;19.78;62556293;1252361177;1.14;-1.48;-0.300
20250819;20.25;20.25;20.51;20.01;85246313;1726243208;1.55;0.65;0.130
20250818;19.12;20.12;20.45;19.12;124758383;2490170881;2.28;5.51;1.050
20250815;19.56;19.07;19.56;18.76;93607321;1780222406;1.71;-2.6;-0.510
20250814;18.85;19.58;19.78;18.85;146376359;2843891093;2.67;4.26;0.800
20250813;18.92;18.78;19.03;18.69;61848638;1163642127;1.13;-0.48;-0.090
20250812;19.24;18.87;19.28;18.6;71961554;1354167930;1.31;-1.56;-0.300
20250811;19.3;19.17;19.43;19.08;46803840;900339808;0.85;-0.67;-0.130
20250808;19.51;19.3;19.63;19.21;45359247;880048817;0.83;-0.87;-0.170
20250807;19.6;19.47;19.69;19.29;43851191;853432666;0.8;-0.87;-0.170
20250806;19.95;19.64;19.95;19.44;50724500;995868661;0.93;-1.36;-0.270
20250805;20.0;19.91;20.18;19.87;37612565;751231034;0.69;-0.75;-0.150
20250804;20.4;20.06;20.49;19.74;69173709;1386924244;1.26;-2.15;-0.440
20250801;21.45;20.5;21.46;20.35;49199480;1019616771;0.9;-3.76;-0.800
20250731;21.01;21.3;21.63;20.99;36086391;769155795;0.66;-1.62;-0.350
20250730;21.96;21.65;22.17;21.41;39933549;867284494;0.73;-1.68;-0.370
20250729;22.01;22.02;22.3;21.8;45517235;1000705098;0.83;0.18;0.040
20250728;20.9;21.98;22.29;20.85;84350317;1834219669;1.54;4.77;1.000
20250725;20.46;20.98;21.5;20.46;71581332;1508353677;1.31;3.81;0.770
20250724;20.63;20.21;20.78;20.12;44714895;909752728;0.82;-1.51;-0.310
20250723;20.3;20.52;20.83;20.2;42879446;881526995;0.78;0.34;0.070
20250722;21.1;20.45;21.5;20.3;56337725;1167515641;1.03;-2.57;-0.540
20250721;20.84;20.99;21.16;20.52;52866578;1099006345;0.96;-0.29;-0.060
20250718;20.4;21.05;21.14;20.4;64379483;1345757895;1.17;1.79;0.370
20250717;19.85;20.68;21.05;19.85;122616649;2524323028;2.24;6.82;1.320
20250716;18.8;19.36;19.5;18.75;71473954;1369800235;1.3;2.54;0.480
20250715;18.6;18.88;19.07;18.58;44344665;834728085;0.81;0.91;0.170
20250714;18.61;18.71;18.8;18.35;49712686;923663826;0.91;0.65;0.120
20250711;18.65;18.59;18.94;18.54;49979873;934983185;0.91;-0.32;-0.060
20250710;19.3;18.65;19.3;18.45;74681656;1400176649;1.36;-3.17;-0.610
20250709;18.9;19.26;19.54;18.85;65487647;1265596737;1.19;1.74;0.330
20250708;19.2;18.93;19.33;18.81;61080011;1158294897;1.11;-2.12;-0.410
20250707;19.52;19.34;19.59;19.1;42832413;826884662;0.78;-0.62;-0.120
20250704;18.67;19.46;19.77;18.58;99242820;1908851109;1.81;4.34;0.810
20250703;18.61;18.65;18.86;18.25;72493186;1343788243;1.32;-0.69;-0.130
20250702;19.33;18.78;19.33;18.7;75226121;1426624542;1.37;-3.35;-0.650
20250701;20.45;19.43;20.45;19.19;139241109;2719680238;2.54;-6.04;-1.250
20250630;19.65;20.68;20.78;19.12;196648793;3930895394;3.59;5.62;1.100
20250627;21.65;19.58;21.88;19.56;248460905;4997070308;4.53;-9.89;-2.150
20250626;21.91;21.73;22.08;21.07;75344185;1630017894;1.37;-0.82;-0.180
20250625;20.77;21.91;22.03;20.58;81994710;1759330057;1.5;5.85;1.210
20250624;19.33;20.7;20.9;19.33;77788024;1574630797;1.42;6.98;1.350
20250623;18.67;19.35;19.4;18.67;39855472;762952371;0.73;2.16;0.410
20250620;19.46;18.94;19.5;18.7;57473472;1092013355;1.05;-2.72;-0.530
20250619;19.94;19.47;20.12;19.0;79520297;1552573038;1.45;-1.57;-0.310
20250618;20.01;19.78;20.06;18.0;131475013;2478294600;2.4;-0.8;-0.160
20250617;19.01;19.94;19.97;18.97;67109904;1327256484;1.22;4.18;0.800
20250616;19.27;19.14;19.77;18.85;61971215;1195013992;1.13;-0.83;-0.160
20250613;18.73;19.3;19.36;18.7;53346697;1020753840;0.97;3.04;0.570
20250612;18.7;18.73;18.81;18.38;35546091;661457949;0.65;1.41;0.260
20250611;18.5;18.8;18.99;18.43;31852515;597996804;0.58;1.73;0.320
20250610;18.29;18.48;18.55;18.11;30719303;562578462;0.56;1.15;0.210
20250609;18.52;18.27;18.6;18.1;31823982;583724337;0.58;-1.14;-0.210
20250606;18.41;18.48;18.58;18.23;23894499;440487019;0.44;0.27;0.050
20250605;18.69;18.43;18.99;18.26;59653329;1109579381;1.09;0.6;0.110
20250604;18.4;18.32;18.45;18.02;38483425;701741552;0.7;0.83;0.150
20250603;17.63;18.17;18.48;17.6;64937893;1180530816;1.18;3.12;0.550
20250530;17.27;17.62;18.05;17.22;53566088;951673399;0.98;2.09;0.360
20250529;16.9;17.26;17.54;16.82;36051440;619612673;0.66;1.89;0.320
20250528;16.86;16.94;17.15;16.8;22576503;382755015;0.41;0.47;0.080
20250527;17.0;16.86;17.09;16.85;17803609;301604656;0.32;-0.82;-0.140
20250526;17.0;17.0;17.04;16.71;27240621;460034306;0.5;-0.06;-0.010
20250523;17.11;17.01;17.24;16.98;25088420;428784198;0.46;-0.58;-0.100
20250522;17.03;17.11;17.4;16.91;34274494;588228014;0.63;0.65;0.110
20250521;17.01;17.0;17.29;16.88;29024463;495939438;0.53;-0.87;-0.150
20250520;16.6;17.15;17.23;16.25;48399222;820877243;0.88;4.07;0.670
20250519;16.88;16.48;16.95;16.44;36149226;598960850;0.66;-3.0;-0.510
20250516;16.59;16.99;17.04;16.31;40895210;684856113;0.75;1.68;0.280
20250515;16.99;16.71;17.04;16.63;38550509;648630705;0.7;-1.59;-0.270
20250514;16.14;16.98;17.06;16.04;72323503;1213472402;1.32;5.14;0.830
20250513;16.23;16.15;16.28;15.75;42444636;680580645;0.77;1.25;0.200
20250512;15.73;15.95;16.03;15.65;47847790;757098575;0.87;2.05;0.320
20250509;15.2;15.63;15.78;15.09;58066436;899403825;1.06;3.03;0.460
20250508;15.2;15.17;15.32;15.12;24497423;371741931;0.45;-0.91;-0.140
20250507;15.51;15.31;15.62;15.2;36135296;555985675;0.66;0.72;0.110
20250506;15.45;15.2;15.45;15.13;36329297;553125915;0.66;-0.85;-0.130
20250430;15.54;15.33;15.54;15.24;26719584;409958281;0.49;-0.9;-0.140
20250429;15.36;15.47;15.61;15.1;30768060;474600445;0.56;0.13;0.020
20250428;15.61;15.45;15.69;15.32;40157806;621039078;0.73;-0.32;-0.050
20250425;15.73;15.5;15.89;15.42;45250728;704302951;0.83;-1.52;-0.240
20250424;15.52;15.74;15.95;15.41;72888303;1145317719;1.33;1.81;0.280
20250423;15.99;15.46;15.99;15.26;86987108;1353991972;1.59;-3.56;-0.570
20250422;15.63;16.03;16.95;15.53;111903601;1795952154;2.04;4.02;0.620
20250421;14.73;15.41;15.75;14.73;65469676;1008071533;1.19;4.47;0.660
20250418;14.75;14.75;14.86;14.38;39369799;577035709;0.72;-0.34;-0.050
20250417;14.71;14.8;15.06;14.58;48479429;717947372;0.88;-1.0;-0.150
20250416;15.26;14.95;15.26;14.35;83023073;1218056855;1.51;2.4;0.350
20250415;14.81;14.6;14.85;14.45;48939796;715821739;0.89;-1.42;-0.210
20250414;14.3;14.81;14.89;14.17;77145131;1131889693;1.41;2.92;0.420
20250411;14.3;14.39;14.43;13.92;92093880;1305618520;1.68;0.98;0.140
20250410;13.9;14.25;14.3;13.49;127855260;1798569911;2.33;6.58;0.880
20250409;11.91;13.37;13.37;11.71;132951693;1681843603;2.42;10.04;1.220
20250408;13.04;12.15;13.23;11.91;185102972;2260809641;3.38;-8.16;-1.080
20250407;13.23;13.23;13.23;13.23;18804600;248784858;0.34;-10.0;-1.470
20250403;14.98;14.7;15.17;14.58;93328543;1378408670;1.7;-4.17;-0.640
20250402;15.48;15.34;15.58;15.26;48662809;750128728;0.89;-1.1;-0.170
20250401;15.2;15.51;15.79;15.04;79886757;1239083058;1.46;1.84;0.280
20250331;14.94;15.23;15.4;14.83;70033139;1066458594;1.28;2.01;0.300
20250328;14.94;14.93;15.24;14.79;92272324;1386490484;1.68;0.74;0.110
20250327;13.88;14.82;14.88;13.87;109243892;1583638879;1.99;7.24;1.000
20250326;13.33;13.82;13.88;13.3;38785088;532708913;0.71;3.21;0.430
20250325;13.47;13.39;13.58;13.32;20152785;270426598;0.37;-0.74;-0.100
20250324;13.23;13.49;13.64;13.18;39569991;532115896;0.72;2.35;0.310
20250321;13.5;13.18;13.57;13.07;29882882;396710412;0.55;-3.02;-0.410
20250320;13.77;13.59;13.87;13.54;25901401;354278124;0.47;-1.38;-0.190
20250319;13.82;13.78;13.98;13.63;38013726;524284865;0.69;-0.79;-0.110
20250318;13.15;13.89;13.94;13.14;88940300;1208754204;1.62;5.71;0.750
20250317;12.98;13.14;13.29;12.97;34415439;451564434;0.63;1.23;0.160
20250314;12.62;12.98;13.2;12.61;42622729;551036280;0.78;3.02;0.380
20250313;12.7;12.6;12.77;12.55;25585118;323812705;0.47;-1.25;-0.160
20250312;13.15;12.76;13.18;12.69;46800888;599432317;0.85;-2.6;-0.340
20250311;12.77;13.1;13.25;12.66;50810212;662763921;0.93;2.42;0.310
20250310;13.3;12.79;13.36;12.62;59495717;766296322;1.09;-4.91;-0.660
20250307;13.58;13.45;13.59;13.36;27347680;367435624;0.5;-1.1;-0.150
20250306;13.33;13.6;13.7;13.15;50707266;684793692;0.92;2.56;0.340
20250305;12.94;13.26;13.35;12.9;42920038;565330920;0.78;2.63;0.340
20250304;13.03;12.92;13.11;12.84;21707642;280997968;0.4;-1.15;-0.150
20250303;12.88;13.07;13.15;12.67;37159757;482470756;0.68;2.19;0.280
20250228;13.39;12.79;13.44;12.75;39260856;510634176;0.72;-4.34;-0.580
20250227;13.18;13.37;13.49;13.13;47120344;626732997;0.86;1.44;0.190
20250226;13.08;13.18;13.38;13.08;36638801;485099250;0.67;-0.53;-0.070
20250225;13.15;13.25;13.48;13.05;47224385;628117458;0.86;0.3;0.040
20250224;13.16;13.21;13.55;12.93;59165604;784134418;1.08;0.38;0.050
20250221;12.62;13.16;13.28;12.48;66749148;863079469;1.22;4.36;0.550
20250220;12.47;12.61;12.73;12.35;29814766;375366267;0.54;1.04;0.130
20250219;12.34;12.48;12.53;12.22;30808790;382213959;0.56;2.04;0.250
20250218;12.58;12.23;12.6;12.19;47291054;582004880;0.86;-2.7;-0.340
20250217;12.7;12.57;12.85;12.51;46677027;589240716;0.85;-2.56;-0.330
20250214;12.65;12.9;12.91;12.62;39801361;508948444;0.73;1.98;0.250
20250213;13.24;12.65;13.26;12.51;73098388;933964302;1.33;-4.38;-0.580
20250212;13.56;13.23;13.56;13.09;51929637;686076744;0.95;-2.29;-0.310
20250211;13.4;13.54;13.6;13.24;40255183;541588899;0.73;1.2;0.160
20250210;13.17;13.38;13.6;12.98;57366756;763049041;1.05;1.9;0.250
20250207;12.76;13.13;13.22;12.69;56566936;736811393;1.03;2.82;0.360
20250206;12.72;12.77;12.91;12.63;37845059;482474311;0.69;-0.55;-0.070
20250205;12.92;12.84;13.0;12.58;27002972;345210035;0.49;-0.23;-0.030
20250127;13.22;12.87;13.33;12.86;31333085;407178380;0.57;-2.72;-0.360
20250124;12.92;13.23;13.3;12.9;34729521;455725284;0.63;1.93;0.250
20250123;13.05;12.98;13.41;12.93;35949721;472514506;0.66;-0.08;-0.010
20250122;13.06;12.99;13.2;12.6;42162161;543680585;0.77;-0.31;-0.040
20250121;12.96;13.03;13.2;12.79;33473304;435169736;0.61;1.24;0.160
20250120;13.0;12.87;13.2;12.82;30793572;401106301;0.56;-0.31;-0.040
20250117;13.0;12.91;13.15;12.86;27268715;353193656;0.5;-1.3;-0.170
20250116;13.28;13.08;13.43;13.02;41899129;551583444;0.76;-0.98;-0.130
20250115;13.0;13.21;13.35;12.9;44536699;586746439;0.81;0.92;0.120
20250114;12.7;13.09;13.12;12.67;52572490;679938116;0.96;3.23;0.410
20250113;12.54;12.68;12.8;12.46;29382747;371058822;0.54;0.0;0.000
20250110;12.7;12.68;12.85;12.58;40945693;520686651;0.75;-0.08;-0.010
20250109;12.6;12.69;12.83;12.54;43754135;555493598;0.8;0.0;0.000
20250108;12.55;12.69;12.8;12.3;51863608;649712659;0.95;0.79;0.100
20250107;12.42;12.59;12.66;12.39;33863583;424222339;0.62;1.04;0.130
20250106;12.61;12.46;12.76;12.3;54250860;677865891;0.99;-1.19;-0.150
20250103;13.26;12.61;13.32;12.6;69067252;887638420;1.26;-5.26;-0.700
20250102;13.42;13.31;13.73;13.17;48435452;651738504;0.89;-0.75;-0.100