20251022;12.97;13.03;13.15;12.81;119621745;1553039597;0.37;0.31;0.040
20251021;12.99;12.99;13.3;12.92;154403206;2026895576;0.47;0.0;0.000
20251020;13.27;12.99;13.27;12.93;80678774;1053892620;0.25;-2.48;-0.330
20251017;13.29;13.32;13.44;13.11;81693218;1084436740;0.25;0.0;0.000
20251016;13.16;13.32;13.53;13.11;99838590;1328610597;0.31;1.14;0.150
20251015;12.75;13.17;13.24;12.63;122625265;1591811159;0.39;3.13;0.400
20251014;12.45;12.77;12.87;12.31;146399373;1860041654;0.47;2.08;0.260
20251013;11.97;12.51;12.6;11.78;209588223;2580353842;0.67;5.66;0.670
20251010;11.79;11.84;12.03;11.68;93757429;1113065250;0.3;0.34;0.040
20251009;11.75;11.8;11.87;11.63;81279059;957141423;0.27;-0.84;-0.100
20250930;12.07;11.9;12.11;11.81;90383609;1077479638;0.3;-1.33;-0.160
20250929;12.25;12.06;12.26;11.95;86111735;1041131901;0.28;-1.55;-0.190
20250926;12.37;12.25;12.48;11.9;84171099;1024777756;0.28;-1.45;-0.180
20250925;12.23;12.43;12.55;12.13;128885102;1599981440;0.43;1.72;0.210
20250924;12.45;12.22;12.54;12.06;102755861;1255684176;0.34;-1.85;-0.230
20250923;12.51;12.45;12.65;12.36;77159109;962632052;0.25;-0.72;-0.090
20250922;12.78;12.54;12.8;12.5;49180587;620006458;0.16;-2.11;-0.270
20250919;12.69;12.81;12.9;12.56;79638295;1015780801;0.26;0.47;0.060
20250918;12.96;12.75;13.01;12.68;106507276;1365758685;0.35;-1.62;-0.210
20250917;13.15;12.96;13.25;12.95;66621805;869297895;0.22;-1.52;-0.200
20250916;13.41;13.16;13.44;13.13;88505780;1171744736;0.29;-2.01;-0.270
20250915;13.51;13.43;13.69;13.37;84060835;1136419804;0.28;-1.25;-0.170
20250912;14.14;13.6;14.25;13.45;137797397;1890112473;0.46;-3.68;-0.520
20250911;13.93;14.12;14.17;13.88;83259271;1168876344;0.28;1.07;0.150
20250910;14.06;13.97;14.07;13.83;83617788;1169472184;0.28;-0.36;-0.050
20250909;13.69;14.02;14.02;13.62;117067240;1622965821;0.39;3.24;0.440
20250908;13.69;13.58;13.98;13.53;123553472;1702186554;0.41;-0.8;-0.110
20250905;13.74;13.69;13.78;13.47;79038636;1081534596;0.26;-0.58;-0.080
20250904;13.7;13.77;13.85;13.5;101214019;1382067033;0.33;-0.07;-0.010
20250903;13.73;13.78;13.87;13.61;75418875;1039563268;0.25;0.36;0.050
20250902;13.43;13.73;13.75;13.39;79527127;1078332698;0.26;1.78;0.240
20250901;13.68;13.49;13.9;13.45;116131640;1584600426;0.38;-1.03;-0.140
20250829;13.81;13.63;13.99;13.63;128276384;1769227973;0.42;-1.66;-0.230
20250828;13.65;13.86;13.94;13.44;95618144;1314340524;0.32;0.8;0.110
20250827;13.95;13.75;14.0;13.7;76975407;1065617631;0.25;-2.0;-0.280
20250826;14.0;14.03;14.15;13.82;59365845;831883207;0.2;0.0;0.000
20250825;13.9;14.03;14.05;13.76;63137208;877162425;0.21;0.65;0.090
20250822;13.81;13.94;13.95;13.77;64098054;888813234;0.21;1.16;0.160
20250821;13.7;13.78;13.86;13.59;57468516;791948364;0.19;0.44;0.060
20250820;13.69;13.72;13.87;13.6;60322243;829302744;0.2;0.22;0.030
20250819;13.64;13.69;13.76;13.58;49497253;678047554;0.16;0.37;0.050
20250818;13.53;13.64;13.72;13.47;83579911;1134949185;0.28;0.37;0.050
20250815;13.85;13.59;13.95;13.55;93067809;1271714019;0.31;-2.02;-0.280
20250814;13.83;13.87;13.98;13.79;71279949;990881029;0.24;0.29;0.040
20250813;13.98;13.83;14.03;13.8;79039619;1097891525;0.26;-0.43;-0.060
20250812;13.97;13.89;14.12;13.87;76628234;1072660845;0.25;-0.64;-0.090
20250811;14.1;13.98;14.2;13.85;89510437;1249751391;0.3;-1.34;-0.190
20250808;13.96;14.17;14.29;13.91;96742884;1367882502;0.32;1.72;0.240
20250807;14.08;13.93;14.08;13.66;96558141;1337645650;0.32;1.02;0.140
20250806;13.75;13.79;13.85;13.63;84891798;1170588594;0.28;0.29;0.040
20250805;13.15;13.75;13.78;13.14;133646594;1812399938;0.44;4.72;0.620
20250804;12.9;13.13;13.45;12.9;99782728;1321632123;0.33;1.63;0.210
20250801;12.82;12.92;12.98;12.58;79386102;1018578952;0.26;0.86;0.110
20250731;12.87;12.81;12.9;12.71;68538701;875810524;0.23;-0.54;-0.070
20250730;12.84;12.88;12.93;12.73;72158148;928059542;0.24;0.7;0.090
20250729;13.07;12.79;13.12;12.78;78919964;1017205989;0.26;-2.22;-0.290
20250728;13.12;13.08;13.2;13.03;76297474;1002195904;0.25;0.08;0.010
20250725;13.03;13.07;13.23;13.03;65621788;860317426;0.22;0.08;0.010
20250724;13.37;13.06;13.37;13.05;97343311;1280091394;0.32;-2.03;-0.270
20250723;13.2;13.33;13.49;13.2;67673356;904049599;0.22;0.76;0.100
20250722;13.46;13.23;13.51;13.2;91190502;1212020034;0.3;-1.85;-0.250
20250721;13.46;13.48;13.54;13.36;55881659;751457579;0.18;0.15;0.020
20250718;13.47;13.46;13.65;13.39;56174733;758987555;0.19;0.15;0.020
20250717;13.48;13.44;13.58;13.4;47080750;633619315;0.16;-0.3;-0.040
20250716;13.54;13.48;13.6;13.26;81426935;1092141761;0.27;-0.3;-0.040
20250715;14.15;13.93;14.2;13.83;76673245;1073790981;0.25;-1.28;-0.180
20250714;13.75;14.11;14.15;13.75;114977276;1614456121;0.38;2.25;0.310
20250711;14.17;13.8;14.24;13.8;161683677;2258575044;0.53;-2.82;-0.400
20250710;14.17;14.2;14.34;14.13;115968328;1652800753;0.38;0.21;0.030
20250709;14.2;14.17;14.3;14.12;81762955;1162380709;0.27;-0.42;-0.060
20250708;14.58;14.23;14.62;14.15;113914556;1624827333;0.38;-2.53;-0.370
20250707;14.66;14.6;14.8;14.51;64970474;951840346;0.21;0.14;0.020
20250704;14.15;14.58;14.75;14.14;93567870;1359237790;0.31;2.82;0.400
20250703;14.21;14.18;14.28;14.09;50965551;722233396;0.17;-0.14;-0.020
20250702;14.2;14.2;14.4;14.1;68484199;977656405;0.23;0.14;0.020
20250701;13.88;14.18;14.33;13.87;87707054;1242184693;0.29;2.16;0.300
20250630;13.4;13.88;13.98;13.25;95051500;1297775515;0.32;2.44;0.330
20250627;13.63;13.55;13.99;13.44;145112686;1990098971;0.49;-0.51;-0.070
20250626;13.4;13.62;13.65;13.3;66332882;895310745;0.23;1.19;0.160
20250625;13.31;13.46;13.52;13.2;56329911;752682259;0.19;1.13;0.150
20250624;13.31;13.31;13.54;13.16;84287565;1123477728;0.29;0.0;0.000
20250623;12.98;13.31;13.36;12.88;81059193;1067412053;0.28;2.23;0.290
20250620;12.78;13.02;13.02;12.73;69793426;903428591;0.24;2.2;0.280
20250619;12.78;12.74;12.84;12.64;43768050;557599593;0.15;-0.31;-0.040
20250618;12.56;12.78;12.83;12.51;69853954;890776692;0.24;1.91;0.240
20250617;12.58;12.54;12.65;12.45;37369806;468354086;0.13;-0.32;-0.040
20250616;12.34;12.58;12.6;12.21;51085389;635504882;0.17;1.94;0.240
20250613;12.5;12.34;12.55;12.28;61844935;764861363;0.21;-0.96;-0.120
20250612;12.35;12.46;12.5;12.23;47676653;592474539;0.16;0.89;0.110
20250611;12.36;12.35;12.42;12.24;44114064;544126475;0.15;-0.08;-0.010
20250610;12.28;12.36;12.45;12.26;49879732;616254416;0.17;0.41;0.050
20250609;12.31;12.31;12.34;12.1;56578144;691788949;0.19;-0.08;-0.010
20250606;12.33;12.32;12.39;12.21;43240203;531488384;0.15;0.0;0.000
20250605;12.42;12.32;12.45;12.28;37014523;456671680;0.13;-0.48;-0.060
20250604;12.48;12.38;12.53;12.33;54685133;677861305;0.19;-1.28;-0.160
20250603;12.31;12.54;12.57;12.23;83435308;1038149397;0.28;1.7;0.210
20250530;12.2;12.33;12.41;12.17;74173919;912668310;0.25;1.31;0.160
20250529;12.21;12.17;12.27;12.17;39604139;483788796;0.13;-0.41;-0.050
20250528;12.2;12.22;12.33;12.13;45763183;559946076;0.16;0.25;0.030
20250527;12.11;12.19;12.25;12.05;51170123;622457334;0.17;1.16;0.140
20250526;12.19;12.05;12.25;11.99;86375810;1043951444;0.29;-1.47;-0.180
20250523;12.39;12.23;12.48;12.22;57961597;712934903;0.2;-1.61;-0.200
20250522;12.22;12.43;12.53;12.19;63895089;792331667;0.22;1.3;0.160
20250521;12.27;12.27;12.42;12.2;41672064;513339136;0.14;0.0;0.000
20250520;12.02;12.27;12.34;12.01;80013453;976894439;0.27;2.25;0.270
20250519;12.2;12.0;12.25;11.97;63137397;762689367;0.22;-0.83;-0.100
20250516;12.31;12.1;12.38;12.05;61049671;742473908;0.21;-1.55;-0.190
20250515;12.17;12.29;12.35;12.09;64989861;796202036;0.22;1.15;0.140
20250514;11.99;12.15;12.19;11.96;72183353;873575368;0.25;0.58;0.070
20250513;11.73;12.08;12.15;11.67;85038009;1017847179;0.29;3.16;0.370
20250512;11.83;11.71;11.98;11.65;106436592;1258603166;0.36;-0.76;-0.090
20250509;11.65;11.8;11.88;11.62;82148077;967087778;0.28;1.46;0.170
20250508;11.35;11.63;11.69;11.33;77598543;899909970;0.26;2.29;0.260
20250507;11.36;11.37;11.38;11.08;71916086;811933127;0.25;1.79;0.200
20250506;11.0;11.17;11.19;10.8;97264620;1076041107;0.33;1.92;0.210
20250430;10.82;10.96;11.03;10.6;92838022;1011035959;0.32;1.2;0.130
20250429;10.66;10.83;10.87;10.65;52112683;562869896;0.18;0.84;0.090
20250428;10.6;10.74;10.74;10.59;48382197;517574620;0.16;1.42;0.150
20250425;10.75;10.59;10.8;10.57;45447179;483223746;0.15;-1.4;-0.150
20250424;10.69;10.74;10.85;10.67;39754164;428435900;0.14;0.66;0.070
20250423;10.71;10.67;10.75;10.58;33992733;362271178;0.12;-0.37;-0.040
20250422;10.56;10.71;10.74;10.55;46047223;491852201;0.16;1.32;0.140
20250421;10.78;10.57;10.88;10.56;50053475;533248958;0.17;-2.22;-0.240
20250418;10.7;10.81;10.87;10.66;48024169;518493334;0.16;0.56;0.060
20250417;10.6;10.75;10.75;10.43;70420291;748750237;0.24;1.42;0.150
20250416;10.45;10.6;10.6;10.35;74094520;777378645;0.25;1.24;0.130
20250415;10.18;10.47;10.48;10.17;68556308;712990091;0.23;2.85;0.290
20250414;10.04;10.18;10.22;10.0;62154163;629562548;0.21;1.09;0.110
20250411;10.06;10.07;10.12;9.92;56246196;564930748;0.19;0.7;0.070
20250410;10.18;10.0;10.18;9.91;78108087;781663686;0.27;-0.1;-0.010
20250409;10.19;10.01;10.19;9.86;99714563;997750443;0.34;-1.86;-0.190
20250408;9.77;10.2;10.29;9.75;149422915;1501459278;0.51;5.7;0.550
20250407;10.27;9.65;10.28;9.46;142399646;1395103302;0.49;-7.92;-0.830
20250403;10.29;10.48;10.5;10.29;36919313;384886880;0.13;0.19;0.020
20250402;10.29;10.46;10.56;10.29;45625673;477144593;0.16;1.06;0.110
20250401;10.43;10.35;10.46;10.22;63920348;659250550;0.22;-0.77;-0.080
20250331;10.47;10.43;10.63;10.35;49360687;518371937;0.17;-0.1;-0.010
20250328;10.53;10.44;10.57;10.41;36572944;382165241;0.12;-1.04;-0.110
20250327;10.5;10.55;10.66;10.47;42508671;449288519;0.14;0.76;0.080
20250326;10.6;10.47;10.61;10.45;36660981;385049554;0.12;-1.32;-0.140
20250325;10.65;10.61;10.69;10.5;37875416;401332739;0.13;0.0;0.000
20250324;10.42;10.61;10.63;10.42;46449659;489527179;0.16;1.34;0.140
20250321;10.63;10.47;10.72;10.41;56344163;594649834;0.19;-1.78;-0.190
20250320;10.64;10.66;10.69;10.6;29548507;314685882;0.1;0.09;0.010
20250319;10.59;10.65;10.68;10.56;34604830;367827209;0.12;0.09;0.010
20250318;10.63;10.64;10.72;10.52;40970582;436226250;0.14;0.38;0.040
20250317;10.55;10.6;10.66;10.39;59251416;626647199;0.2;1.73;0.180
20250314;10.28;10.42;10.49;10.24;78422138;815108919;0.27;1.96;0.200
20250313;10.16;10.22;10.25;10.12;46714351;476613669;0.16;0.99;0.100
20250312;10.12;10.12;10.18;10.01;42868920;433414445;0.15;0.0;0.000
20250311;10.04;10.12;10.12;10.03;35208198;354675247;0.12;0.2;0.020
20250310;10.1;10.1;10.14;10.01;43594496;438534236;0.15;-0.39;-0.040
20250307;10.15;10.14;10.19;10.06;37005882;374991809;0.13;0.1;0.010
20250306;10.25;10.13;10.26;10.08;43499424;441681584;0.15;-1.17;-0.120
20250305;10.14;10.25;10.26;10.05;41686357;424730036;0.14;1.49;0.150
20250304;10.1;10.1;10.19;10.1;29769782;301634439;0.1;-0.49;-0.050
20250303;10.19;10.15;10.22;10.08;43010899;436849850;0.15;-0.2;-0.020
20250228;10.23;10.17;10.3;10.17;44651100;457102788;0.15;-0.68;-0.070
20250227;10.22;10.24;10.26;10.11;37999169;387232885;0.13;0.59;0.060
20250226;10.15;10.18;10.32;10.12;55536705;567601088;0.19;0.79;0.080
20250225;10.2;10.1;10.25;10.07;37159866;377213137;0.13;-1.08;-0.110
20250224;10.27;10.21;10.31;10.19;43741415;447600690;0.15;-0.78;-0.080
20250221;10.39;10.29;10.43;10.23;50391537;519161893;0.17;-0.96;-0.100
20250220;10.42;10.39;10.49;10.34;27223599;283297510;0.09;-0.48;-0.050
20250219;10.45;10.44;10.59;10.42;42364339;444710362;0.14;-0.57;-0.060
20250218;10.26;10.5;10.54;10.21;62783988;654395131;0.21;2.24;0.230
20250217;10.44;10.27;10.46;10.2;52311132;538356331;0.18;-1.34;-0.140
20250214;10.35;10.41;10.43;10.25;56300581;581842513;0.19;0.97;0.100
20250213;10.39;10.31;10.44;10.3;48454342;501218511;0.17;-0.96;-0.100
20250212;10.32;10.41;10.42;10.24;33100308;342797074;0.11;1.07;0.110
20250211;10.29;10.3;10.38;10.23;34651727;356843470;0.12;0.29;0.030
20250210;10.32;10.27;10.44;10.23;41234671;426297964;0.14;-0.68;-0.070
20250207;10.43;10.34;10.45;10.3;45600119;472723881;0.16;-0.86;-0.090
20250206;10.38;10.43;10.5;10.3;38598431;400818917;0.13;0.19;0.020
20250205;10.66;10.41;10.69;10.4;51723455;542382245;0.18;-2.25;-0.240
20250127;10.42;10.65;10.7;10.4;59488208;632694603;0.2;2.5;0.260
20250124;10.26;10.39;10.49;10.17;72463834;752560118;0.25;0.78;0.080
20250123;10.11;10.31;10.37;10.06;65580692;670951809;0.22;2.79;0.280
20250122;10.33;10.03;10.38;10.01;58374206;589944614;0.2;-3.28;-0.340
20250121;10.36;10.37;10.48;10.27;30852134;320946733;0.11;0.0;0.000
20250120;10.32;10.37;10.45;10.23;37442622;388948241;0.13;0.97;0.100
20250117;10.25;10.27;10.3;10.08;41663218;426549432;0.14;0.59;0.060
20250116;10.29;10.21;10.31;10.13;33768888;344708150;0.12;0.0;0.000
20250115;10.16;10.21;10.39;10.13;38460814;394080520;0.13;0.49;0.050
20250114;10.03;10.16;10.21;9.94;38658714;390328866;0.13;1.6;0.160
20250113;10.06;10.0;10.13;9.85;38217749;381632220;0.13;-1.28;-0.130
20250110;10.23;10.13;10.28;10.03;31933534;324388873;0.11;-0.59;-0.060
20250109;10.33;10.19;10.33;10.13;39221854;401208215;0.13;-1.07;-0.110
20250108;10.26;10.3;10.37;10.2;48237450;496301045;0.16;0.29;0.030
20250107;10.11;10.27;10.3;10.11;40265146;411488492;0.14;1.18;0.120
20250106;10.13;10.15;10.2;9.81;79801276;804593504;0.27;0.89;0.090
20250103;10.12;10.06;10.22;10.02;50693944;511576494;0.17;-0.69;-0.070
20250102;10.3;10.13;10.42;10.05;78907129;803904040;0.27;-1.55;-0.160