20251022;19.5;19.49;19.69;19.4;1522333;29760485;0.84;-1.42;-0.280
20251021;19.38;19.77;19.8;19.31;1516734;29755496;0.84;1.85;0.360
20251020;19.25;19.41;19.49;19.24;1339753;25926480;0.74;1.73;0.330
20251017;19.46;19.08;19.55;19.03;1861210;35753639;1.03;-1.8;-0.350
20251016;19.85;19.43;19.85;19.34;1700703;33233264;0.94;-2.12;-0.420
20251015;19.5;19.85;20.08;19.25;2627214;52028738;1.46;2.21;0.430
20251014;20.2;19.42;20.57;19.32;2919797;58189726;1.62;-3.14;-0.630
20251013;19.31;20.05;20.42;19.15;3121827;62378206;1.73;-0.25;-0.050
20251010;20.6;20.1;20.76;19.95;3157062;64055483;1.75;-3.18;-0.660
20251009;20.22;20.76;21.22;20.09;3107684;64326419;1.72;2.32;0.470
20250930;20.26;20.29;20.71;20.22;2183083;44553500;1.21;0.9;0.180
20250929;19.95;20.11;20.29;19.56;1727156;34589132;0.96;0.8;0.160
20250926;20.15;19.95;20.31;19.9;1886472;37870897;1.05;-1.48;-0.300
20250925;20.18;20.25;20.78;19.97;2399338;49110408;1.33;0.35;0.070
20250924;19.85;20.18;20.4;19.53;1962516;39456766;1.09;1.41;0.280
20250923;20.38;19.9;20.52;19.26;3077190;60564362;1.71;-3.12;-0.640
20250922;20.1;20.54;20.69;20.0;2453246;50181736;1.36;2.7;0.540
20250919;20.3;20.0;20.51;19.84;2445766;49175372;1.36;-0.74;-0.150
20250918;20.46;20.15;21.13;20.0;3388261;69799516;1.88;-1.37;-0.280
20250917;20.82;20.43;20.99;20.35;2172626;44692999;1.21;-2.2;-0.460
20250916;20.78;20.89;20.98;20.5;1895673;39459896;1.05;0.97;0.200
20250915;20.85;20.69;21.2;20.49;2463595;51273713;1.37;-1.1;-0.230
20250912;21.04;20.92;21.46;20.83;1925906;40589624;1.07;-0.85;-0.180
20250911;20.33;21.1;21.12;20.02;2291969;47420318;1.27;4.46;0.900
20250910;20.25;20.2;20.59;20.2;1753575;35756280;0.97;-0.05;-0.010
20250909;20.89;20.21;20.89;20.03;2351854;47962067;1.3;-3.35;-0.700
20250908;20.65;20.91;21.14;20.34;2433058;50519606;1.35;2.0;0.410
20250905;19.99;20.5;20.55;19.77;2179367;43999987;1.21;3.38;0.670
20250904;20.18;19.83;20.5;19.5;3246092;65329004;1.8;-1.73;-0.350
20250903;20.96;20.18;20.98;20.03;3369873;68951404;1.87;-2.51;-0.520
20250902;21.1;20.7;21.39;20.48;4263473;88454932;2.37;-2.4;-0.510
20250901;21.23;21.21;21.71;21.17;3411582;72890151;1.89;0.14;0.030
20250829;21.55;21.18;21.55;20.88;3759696;79367456;2.09;-2.13;-0.460
20250828;21.3;21.64;21.8;20.7;6193570;131729713;3.44;0.32;0.070
20250827;22.25;21.57;23.18;21.5;7234685;162136345;4.01;-2.62;-0.580
20250826;21.98;22.15;22.5;21.7;3190235;70571618;1.77;0.77;0.170
20250825;22.12;21.98;22.29;21.6;4538149;99730624;2.52;0.96;0.210
20250822;21.38;21.77;22.58;21.1;6091395;133240200;3.38;2.69;0.570
20250821;20.6;21.2;21.45;20.42;5056945;106015829;2.81;2.96;0.610
20250820;20.2;20.59;20.64;19.88;3685392;74541644;2.04;1.58;0.320
20250819;20.41;20.27;20.6;20.16;2799065;56981280;1.55;-1.07;-0.220
20250818;20.05;20.49;20.92;20.0;3957168;80938107;2.2;1.69;0.340
20250815;19.8;20.15;20.36;19.8;2599003;52133631;1.44;0.9;0.180
20250814;20.09;19.97;20.38;19.79;3527507;70695561;1.96;-0.6;-0.120
20250813;19.82;20.09;20.21;19.8;3159581;63229141;1.75;0.9;0.180
20250812;20.41;19.91;20.97;19.71;4569443;91990130;2.54;-2.4;-0.490
20250811;19.9;20.4;20.42;19.9;3123920;63045375;1.73;2.51;0.500
20250808;20.28;19.9;20.49;19.7;5343228;106652220;2.96;-3.44;-0.710
20250807;19.75;20.61;21.21;19.7;7355672;151717833;4.08;4.57;0.900
20250806;19.34;19.71;19.92;19.1;3844827;75210999;2.13;1.91;0.370
20250805;19.53;19.34;19.8;19.06;4626098;89476167;2.57;-0.92;-0.180
20250804;18.79;19.52;19.75;18.66;5965177;115299484;3.31;3.77;0.710
20250801;18.2;18.81;19.0;18.05;4725496;87908096;2.62;4.33;0.780
20250731;17.96;18.03;18.48;17.96;3282050;59807441;1.82;0.39;0.070
20250730;17.97;17.96;18.25;17.8;2176874;39208990;1.21;-0.22;-0.040
20250729;18.14;18.0;18.14;17.85;1603002;28795406;0.89;-0.99;-0.180
20250728;17.95;18.18;18.38;17.69;3043973;54942888;1.69;2.42;0.430
20250725;17.37;17.75;17.75;17.3;2213017;38797485;1.23;2.25;0.390
20250724;17.37;17.36;17.71;17.23;2634012;45728784;1.46;0.81;0.140
20250723;17.43;17.22;17.45;17.19;1612263;27930358;0.89;-0.98;-0.170
20250722;17.47;17.39;17.61;17.28;1600170;27916526;0.89;-0.51;-0.090
20250721;17.62;17.48;17.62;17.29;2095438;36554920;1.16;0.17;0.030
20250718;17.55;17.45;17.73;17.35;2823649;49368477;1.57;-0.74;-0.130
20250717;16.92;17.58;17.75;16.89;4213839;73163761;2.34;3.53;0.600
20250716;16.78;16.98;17.25;16.64;2664572;45288892;1.48;1.01;0.170
20250715;16.15;16.81;16.92;16.11;3402800;56241522;1.89;3.19;0.520
20250714;16.5;16.29;16.6;16.16;2045559;33370001;1.13;0.87;0.140
20250711;15.88;16.15;16.18;15.76;2048761;32858919;1.14;1.83;0.290
20250710;15.84;15.86;16.01;15.65;1732081;27415349;0.96;0.57;0.090
20250709;15.85;15.77;15.88;15.66;1445230;22822754;0.8;-0.5;-0.080
20250708;15.82;15.85;15.92;15.71;911242;14442341;0.51;0.76;0.120
20250707;15.59;15.73;15.8;15.59;927456;14561636;0.51;0.45;0.070
20250704;15.83;15.66;15.83;15.54;1460103;22900865;0.81;-0.82;-0.130
20250703;15.76;15.79;15.97;15.6;1956063;30942083;1.09;1.09;0.170
20250702;15.8;15.62;15.8;15.5;1369898;21381152;0.76;-0.64;-0.100
20250701;15.99;15.72;16.21;15.72;1319728;20902817;0.73;-1.69;-0.270
20250630;16.21;15.99;16.29;15.86;1419834;22709519;0.79;1.59;0.250
20250627;15.85;15.74;16.09;15.71;2186360;34641104;1.21;-0.88;-0.140
20250626;15.87;15.88;16.24;15.65;2324501;37014918;1.29;0.32;0.050
20250625;15.7;15.83;15.85;15.44;1522568;23925702;0.84;0.89;0.140
20250624;15.3;15.69;15.74;15.21;1264127;19633712;0.7;2.75;0.420
20250623;14.86;15.27;15.28;14.64;1157743;17434209;0.64;3.39;0.500
20250620;15.2;14.77;15.23;14.73;1039900;15526285;0.58;-1.93;-0.290
20250619;15.37;15.06;15.68;15.0;1308441;20107923;0.73;-1.63;-0.250
20250618;15.2;15.31;15.4;15.12;1275363;19484675;0.71;0.33;0.050
20250617;15.2;15.26;15.32;15.06;962415;14629694;0.53;0.39;0.060
20250616;15.03;15.2;15.35;14.96;926097;14086991;0.51;1.67;0.250
20250613;15.26;14.95;15.26;14.92;1355695;20376151;0.75;-2.29;-0.350
20250612;15.26;15.3;15.4;15.04;905904;13821482;0.5;0.13;0.020
20250611;15.27;15.28;15.57;15.24;876717;13491447;0.49;0.07;0.010
20250610;15.69;15.27;15.7;15.02;1628948;24870124;0.9;-1.99;-0.310
20250609;15.58;15.58;15.76;15.51;1726666;26966060;0.96;-0.13;-0.020
20250606;15.34;15.6;15.75;15.26;1567411;24345645;0.87;1.76;0.270
20250605;15.03;15.33;15.45;14.98;1561060;23712671;0.87;2.0;0.300
20250604;14.95;15.03;15.19;14.95;917316;13832805;0.51;0.54;0.080
20250603;14.91;14.95;15.3;14.83;1042976;15736728;0.58;0.67;0.100
20250530;15.24;14.85;15.26;14.78;966890;14464387;0.54;-2.69;-0.410
20250529;14.6;15.26;15.27;14.6;1422781;21405104;0.79;4.09;0.600
20250528;14.81;14.66;14.93;14.61;665227;9794915;0.37;-0.68;-0.100
20250527;15.05;14.76;15.05;14.66;806122;11885526;0.45;-0.74;-0.110
20250526;14.95;14.87;15.01;14.7;836366;12428230;0.46;0.47;0.070
20250523;15.02;14.8;15.35;14.8;1207382;18165568;0.67;-1.14;-0.170
20250522;15.09;14.97;15.33;14.92;1180929;17852975;0.66;-0.53;-0.080
20250521;15.38;15.05;15.38;14.97;1293931;19551442;0.72;-2.02;-0.310
20250520;15.31;15.36;15.43;15.15;1021338;15655022;0.57;0.72;0.110
20250519;15.04;15.25;15.35;14.96;991741;15050186;0.55;1.06;0.160
20250516;15.24;15.09;15.31;15.01;970484;14760619;0.54;-0.46;-0.070
20250515;15.45;15.16;15.48;15.04;1108212;16803820;0.61;-1.24;-0.190
20250514;15.54;15.35;15.76;15.25;1361719;21037810;0.76;-1.54;-0.240
20250513;15.93;15.59;15.94;15.5;1313801;20591776;0.73;-0.89;-0.140
20250512;15.94;15.73;15.99;15.64;2183871;34457608;1.21;0.13;0.020
20250509;16.18;15.71;16.26;15.71;1024104;16231718;0.57;-2.78;-0.450
20250508;15.85;16.16;16.23;15.76;1799111;28940438;1.0;2.34;0.370
20250507;16.13;15.79;16.25;15.61;1376248;21848948;0.76;-0.38;-0.060
20250506;15.77;15.85;16.1;15.65;1430737;22786459;0.79;1.15;0.180
20250430;15.02;15.67;15.7;15.02;1748164;27183610;0.97;4.33;0.650
20250429;14.65;15.02;15.18;14.54;1164660;17407675;0.65;1.83;0.270
20250428;15.03;14.75;15.04;14.55;1405346;20801244;0.78;-1.14;-0.170
20250425;15.19;14.92;15.36;14.71;1563599;23369622;0.87;-2.42;-0.370
20250424;15.46;15.29;15.69;15.18;1128362;17334029;0.63;-1.8;-0.280
20250423;15.5;15.57;15.78;15.43;968467;15092652;0.54;0.19;0.030
20250422;15.57;15.54;15.64;15.32;965642;14958481;0.54;0.26;0.040
20250421;15.11;15.5;15.55;14.9;1373170;21046214;0.76;2.58;0.390
20250418;15.07;15.11;15.29;14.92;826047;12465849;0.46;-0.33;-0.050
20250417;15.13;15.16;15.38;14.92;1167495;17798979;0.65;0.73;0.110
20250416;15.58;15.05;15.7;14.7;1285909;19436230;0.71;-3.28;-0.510
20250415;15.28;15.56;15.7;15.2;1584090;24528973;0.88;1.1;0.170
20250414;15.58;15.39;15.68;15.28;1520984;23573239;0.84;1.25;0.190
20250411;14.99;15.2;15.47;14.71;2245090;34023013;1.25;2.01;0.300
20250410;14.94;14.9;15.33;14.66;1741665;26193042;0.97;2.9;0.420
20250409;13.98;14.48;14.67;13.21;3207148;45021590;1.78;2.77;0.390
20250408;13.99;14.09;14.66;13.7;2448545;34517313;1.36;3.37;0.460
20250407;15.98;13.63;15.98;13.46;2857956;41586314;1.59;-18.97;-3.190
20250403;17.0;16.82;17.18;16.61;1117857;18850458;0.62;-1.81;-0.310
20250402;17.19;17.13;17.42;16.87;1268207;21825965;0.7;0.76;0.130
20250401;16.82;17.0;17.29;16.82;1276799;21788171;0.71;1.07;0.180
20250331;17.13;16.82;17.13;16.5;2231699;37290280;1.24;-1.81;-0.310
20250328;17.47;17.13;17.54;17.02;1281721;22005891;0.71;-0.58;-0.100
20250327;17.21;17.23;17.58;17.01;1787250;30911786;0.99;-0.35;-0.060
20250326;17.55;17.29;17.55;17.21;1059393;18363680;0.59;-0.35;-0.060
20250325;17.41;17.35;17.58;17.13;2261934;39242784;1.26;0.23;0.040
20250324;18.17;17.31;18.34;17.0;2911652;50821464;1.62;-4.89;-0.890
20250321;18.74;18.2;18.74;18.11;1763841;32384261;0.98;-2.67;-0.500
20250320;18.52;18.7;18.95;18.52;1440081;27025569;0.8;0.0;0.000
20250319;18.88;18.7;19.09;18.6;1708508;32102375;0.95;-1.79;-0.340
20250318;19.38;19.04;19.38;18.88;1705566;32595718;0.95;-0.31;-0.060
20250317;18.65;19.1;19.39;18.45;2565052;48575035;1.42;1.92;0.360
20250314;18.77;18.74;18.79;18.31;1687940;31448164;0.94;0.11;0.020
20250313;18.86;18.72;19.0;18.23;2117463;39328869;1.17;-0.9;-0.170
20250312;19.13;18.89;19.38;18.81;2269462;43256944;1.26;-1.1;-0.210
20250311;19.35;19.1;19.48;18.86;3844359;73463488;2.13;-2.45;-0.480
20250310;19.53;19.58;20.16;19.28;3796584;74853381;2.11;0.26;0.050
20250307;19.59;19.53;20.3;19.32;4913893;97254748;2.73;-0.36;-0.070
20250306;19.23;19.6;19.9;19.12;5869384;115198924;3.26;4.31;0.810
20250305;18.83;18.79;19.03;18.39;3033469;56478782;1.68;0.21;0.040
20250304;17.87;18.75;18.95;17.7;4704115;86957712;2.61;4.81;0.860
20250303;17.65;17.89;18.56;17.26;4485704;81155817;2.49;4.38;0.750
20250228;18.2;17.14;18.25;17.08;2642509;46572527;1.47;-6.34;-1.160
20250227;18.45;18.3;18.6;17.85;2524126;45883182;1.4;-0.81;-0.150
20250226;18.34;18.45;18.65;18.34;1955988;36097608;1.09;0.05;0.010
20250225;18.16;18.44;18.64;18.1;1858797;34239008;1.03;-0.32;-0.060
20250224;18.66;18.5;18.81;18.15;2801822;51765191;1.55;0.05;0.010
20250221;18.57;18.49;18.59;18.06;2991394;54871574;1.66;2.61;0.470
20250220;17.61;18.02;18.19;17.45;3221553;57640811;1.79;2.74;0.480
20250219;17.36;17.54;17.68;17.34;2365875;41415588;1.31;0.57;0.100
20250218;18.05;17.44;18.49;17.35;3895714;69443218;2.16;-4.39;-0.800
20250217;18.9;18.24;19.0;17.97;4839770;89540561;2.69;-0.76;-0.140
20250214;17.43;18.38;18.66;17.3;4276902;77585994;2.37;5.15;0.900
20250213;17.64;17.48;18.1;17.08;3367160;58834232;1.87;-1.02;-0.180
20250212;17.28;17.66;17.78;17.25;2599052;45718874;1.44;1.9;0.330
20250211;17.58;17.33;17.7;17.19;3036306;52656178;1.68;-1.81;-0.320
20250210;16.56;17.65;17.73;16.56;4513333;77924555;2.5;7.03;1.160
20250207;16.32;16.49;16.9;16.21;3318156;54767345;1.84;0.73;0.120
20250206;15.82;16.37;16.5;15.53;3273859;52825359;1.82;3.48;0.550
20250205;15.48;15.82;16.05;15.37;3040903;48055611;1.69;5.75;0.860
20250127;15.1;14.96;15.27;14.65;1917344;28834565;1.06;-0.8;-0.120
20250124;14.2;15.08;15.11;14.15;3090476;45635752;1.71;6.57;0.930
20250123;14.28;14.15;14.65;14.1;1576083;22669234;0.87;-0.28;-0.040
20250122;14.32;14.19;14.4;14.06;1680231;23828971;0.93;-0.84;-0.120
20250121;14.47;14.31;14.59;14.07;1463771;20818071;0.81;-0.56;-0.080
20250120;14.56;14.39;14.67;14.2;1930310;27885782;1.07;-1.17;-0.170
20250117;14.48;14.56;14.68;14.21;1158395;16785581;0.64;0.34;0.050
20250116;14.59;14.51;14.85;14.35;1484567;21622578;0.82;0.28;0.040
20250115;14.79;14.47;14.8;14.39;1640173;23764425;0.91;-1.56;-0.230
20250114;13.83;14.7;14.7;13.83;2415302;34804982;1.34;7.22;0.990
20250113;13.39;13.71;13.99;13.08;2052761;27771503;1.14;0.59;0.080
20250110;14.38;13.63;14.54;13.6;1783811;25093090;0.99;-5.02;-0.720
20250109;14.02;14.35;14.73;13.9;2184108;31588437;1.21;1.13;0.160
20250108;14.01;14.19;14.6;13.52;2129231;29886171;1.18;0.28;0.040
20250107;13.65;14.15;14.24;13.55;2122862;29507908;1.18;3.97;0.540
20250106;13.92;13.61;14.17;13.37;2057166;28303732;1.14;-2.16;-0.300
20250103;14.72;13.91;14.73;13.86;3553670;50477827;1.97;-5.18;-0.760
20250102;15.51;14.67;15.51;14.47;3230752;48375124;1.79;-5.35;-0.830