20251022;33.77;33.46;33.77;33.25;617051;20633544;1.31;-0.77;-0.260
20251021;32.9;33.72;33.77;32.83;888999;29764405;1.88;2.49;0.820
20251020;32.57;32.9;33.21;32.57;652050;21455313;1.38;1.36;0.440
20251017;33.66;32.46;33.77;32.41;1202990;39692321;2.55;-3.74;-1.260
20251016;34.5;33.72;34.5;33.51;848163;28698017;1.8;-1.09;-0.370
20251015;33.73;34.09;34.59;33.01;1270931;43289236;2.69;2.16;0.720
20251014;34.65;33.37;34.92;33.2;1718289;58499746;3.64;-3.72;-1.290
20251013;33.49;34.66;36.29;32.5;2635543;91624358;5.59;2.48;0.840
20251010;35.09;33.82;35.09;33.75;2017990;68902740;4.28;-3.62;-1.270
20251009;35.33;35.09;35.77;35.02;1648390;58277107;3.49;-0.43;-0.150
20250930;35.49;35.24;36.15;34.73;1806542;64397625;3.83;1.5;0.520
20250929;34.75;34.72;35.06;34.08;1221052;42299663;2.59;0.12;0.040
20250926;35.71;34.68;35.98;34.65;1645538;57623146;3.49;-3.13;-1.120
20250925;35.38;35.8;36.83;35.18;2009067;72635165;4.26;0.93;0.330
20250924;35.0;35.47;35.9;34.57;2384898;83923184;5.05;-1.25;-0.450
20250923;36.2;35.92;36.45;34.5;1904646;67284290;4.04;-1.72;-0.630
20250922;35.84;36.55;37.37;35.8;1825714;66608730;3.87;2.47;0.880
20250919;35.35;35.67;36.69;35.33;1902388;68527554;4.03;0.96;0.340
20250918;35.72;35.33;36.72;35.1;1997353;71782902;4.23;-1.94;-0.700
20250917;35.8;36.03;36.56;35.45;1350857;48688386;2.86;0.28;0.100
20250916;35.58;35.93;36.0;35.23;1041794;37216677;2.21;0.93;0.330
20250915;35.44;35.6;35.82;34.82;1162211;41093158;2.46;0.28;0.100
20250912;35.68;35.5;36.33;35.43;1443295;51650820;3.06;-0.17;-0.060
20250911;34.57;35.56;35.58;34.18;1703302;59590256;3.61;2.8;0.970
20250910;35.07;34.59;35.57;34.38;1084722;37709741;2.3;-1.42;-0.500
20250909;35.76;35.09;36.2;34.9;1379828;48857412;2.92;-1.9;-0.680
20250908;34.94;35.77;35.89;34.8;1435076;50618498;3.04;2.38;0.830
20250905;34.46;34.94;34.99;33.88;1373690;47454389;2.91;1.69;0.580
20250904;35.1;34.36;35.44;33.67;1626546;56547164;3.45;-1.69;-0.590
20250903;36.2;34.95;36.7;34.93;1752831;62448553;3.71;-2.56;-0.920
20250902;37.86;35.87;37.9;35.78;2852545;103678390;6.05;-5.23;-1.980
20250901;38.24;37.85;39.6;37.58;2641207;101442751;5.6;0.0;0.000
20250829;37.75;37.85;38.52;37.5;3264842;124180633;6.92;1.42;0.530
20250828;36.99;37.32;37.5;35.74;2728985;100474319;5.78;0.43;0.160
20250827;38.35;37.16;38.99;37.09;3102607;118418394;6.58;-2.47;-0.940
20250826;38.11;38.1;38.68;37.8;2151603;82173579;4.56;-0.03;-0.010
20250825;38.54;38.11;39.25;37.91;3521334;135323383;7.46;-1.12;-0.430
20250822;37.69;38.54;38.78;37.2;3324366;126826684;7.05;2.77;1.040
20250821;37.56;37.5;38.06;37.08;2458473;92495848;5.21;0.67;0.250
20250820;37.21;37.25;37.36;36.4;2354432;86701306;4.99;-0.8;-0.300
20250819;36.68;37.55;38.15;36.37;3657825;136893057;7.75;2.23;0.820
20250818;36.46;36.73;37.37;36.2;3421606;125579471;7.25;0.77;0.280
20250815;35.0;36.45;36.64;35.0;2280068;82403413;4.83;2.88;1.020
20250814;36.27;35.43;36.69;35.41;1974143;71017515;4.18;-2.32;-0.840
20250813;36.35;36.27;36.76;35.58;2323202;84034313;4.92;0.81;0.290
20250812;36.8;35.98;36.8;35.48;1960340;70335703;4.25;-1.26;-0.460
20250811;34.85;36.44;36.48;34.7;2695107;96694236;5.84;5.07;1.760
20250808;36.2;34.68;36.2;34.65;2514743;87906174;5.45;-3.83;-1.380
20250807;36.5;36.06;36.94;35.81;1817593;65983053;3.94;-0.8;-0.290
20250806;35.89;36.35;36.5;35.65;1975177;71484423;4.28;1.28;0.460
20250805;36.57;35.89;36.87;35.44;2336333;83747710;5.06;-1.83;-0.670
20250804;36.1;36.56;36.66;35.85;2116972;76826573;4.59;1.08;0.390
20250801;35.4;36.17;36.5;34.71;2512847;89532266;5.45;3.46;1.210
20250731;35.1;34.96;35.99;34.81;1989239;70657082;4.31;-0.51;-0.180
20250730;36.22;35.14;36.24;34.81;1555480;55264900;3.37;-2.74;-0.990
20250729;35.22;36.13;36.15;35.01;2142220;76369805;4.64;2.58;0.910
20250728;35.08;35.22;35.45;34.56;1562556;54789091;3.39;0.57;0.200
20250725;34.91;35.02;35.35;34.62;1595907;55837992;3.46;0.34;0.120
20250724;34.62;34.9;35.06;34.49;1520137;52779072;3.29;0.78;0.270
20250723;34.44;34.63;35.3;33.88;1650355;57091741;3.58;0.9;0.310
20250722;35.0;34.32;35.1;34.14;2179180;75107575;4.72;-2.28;-0.800
20250721;34.8;35.12;35.36;34.57;1602338;56106091;3.47;0.63;0.220
20250718;35.25;34.9;35.42;34.66;2187834;76555570;4.74;-0.99;-0.350
20250717;35.5;35.25;35.8;35.0;2322513;81901280;5.03;-1.56;-0.560
20250716;36.2;35.81;36.55;35.05;2976365;106240279;6.45;-2.24;-0.820
20250715;35.0;36.63;37.36;34.3;5323933;191792856;11.54;3.39;1.200
20250714;34.45;35.43;35.6;33.98;4475247;156521122;9.7;3.38;1.160
20250711;31.85;34.27;35.5;31.58;4865721;165204416;10.54;7.6;2.420
20250710;31.85;31.85;32.29;31.51;1222730;38910985;2.65;-0.56;-0.180
20250709;31.91;32.03;32.39;31.63;1467559;46992211;3.18;0.22;0.070
20250708;31.13;31.96;32.0;31.01;1064255;33698562;2.31;2.3;0.720
20250707;30.95;31.24;31.34;30.88;704353;21925434;1.53;0.42;0.130
20250704;31.7;31.11;31.88;30.88;1159503;36299187;2.51;-1.3;-0.410
20250703;31.68;31.52;32.0;31.39;1073255;33979214;2.33;-0.06;-0.020
20250702;32.11;31.54;32.11;31.23;1447321;45668793;3.14;-1.78;-0.570
20250701;32.95;32.11;32.99;31.83;1810688;58390364;3.92;-2.52;-0.830
20250630;32.8;32.94;33.2;32.62;1467114;48255890;3.18;0.43;0.140
20250627;32.9;32.8;33.66;32.34;2189511;72246651;4.74;0.52;0.170
20250626;32.54;32.63;33.32;32.25;2259380;73877390;4.9;0.28;0.090
20250625;31.58;32.54;32.55;31.21;2572365;82360614;5.57;3.56;1.120
20250624;30.61;31.42;31.53;30.55;1558005;48564658;3.38;4.18;1.260
20250623;29.21;30.16;30.28;29.01;1087116;32401255;2.36;3.18;0.930
20250620;29.96;29.23;30.41;29.2;1193747;35290208;2.59;-2.34;-0.700
20250619;30.61;29.93;30.97;29.8;1128983;34281196;2.45;-2.35;-0.720
20250618;30.77;30.65;30.96;30.27;857544;26215623;1.86;-0.39;-0.120
20250617;31.03;30.77;31.4;30.59;967935;29867867;2.1;-1.12;-0.350
20250616;30.29;31.12;31.38;30.05;1581732;49078092;3.43;3.73;1.120
20250613;31.22;30.0;31.22;29.98;1310579;39892898;2.84;-3.88;-1.210
20250612;31.08;31.21;31.44;30.68;857677;26726479;1.86;0.45;0.140
20250611;31.13;31.07;31.75;30.9;1241744;38905227;2.69;-0.51;-0.160
20250610;31.96;31.23;32.23;30.67;1832704;57269710;3.97;-2.41;-0.770
20250609;31.31;32.0;32.59;31.09;2043098;65471149;4.43;2.43;0.760
20250606;31.08;31.24;32.22;30.63;2346762;73401961;5.09;0.51;0.160
20250605;29.86;31.08;31.13;29.71;2567953;78824910;5.56;4.65;1.380
20250604;29.48;29.7;29.72;29.02;1108286;32707344;2.4;1.47;0.430
20250603;29.21;29.27;29.99;29.01;1120768;33111889;2.43;0.21;0.060
20250530;29.79;29.21;30.08;29.05;1264037;37111252;2.74;-2.92;-0.880
20250529;29.01;30.09;30.17;29.01;2166755;64231744;4.7;3.15;0.920
20250528;29.3;29.17;29.88;28.96;1101028;32145884;2.39;-0.92;-0.270
20250527;29.77;29.44;29.89;29.11;1234212;36271896;2.67;-0.51;-0.150
20250526;29.0;29.59;29.85;28.9;933566;27556345;2.02;1.75;0.510
20250523;29.92;29.08;30.08;29.02;1027252;30311733;2.23;-2.25;-0.670
20250522;30.34;29.75;30.8;29.74;971474;29270514;2.11;-1.94;-0.590
20250521;30.98;30.34;30.99;30.07;1130660;34335499;2.45;-1.97;-0.610
20250520;30.83;30.95;31.07;30.3;1114118;34293622;2.41;1.14;0.350
20250519;30.85;30.6;31.2;29.89;1465321;44874693;3.18;1.46;0.440
20250516;30.33;30.16;30.97;29.81;1490753;45569992;3.23;-0.07;-0.020
20250515;30.99;30.18;30.99;30.05;1066417;32419110;2.31;-2.52;-0.780
20250514;31.33;30.96;31.56;30.12;1646374;50675645;3.57;-0.45;-0.140
20250513;32.0;31.1;32.05;30.99;1009457;31771872;2.19;-1.08;-0.340
20250512;31.23;31.44;32.0;31.01;1318687;41614315;2.86;2.01;0.620
20250509;32.15;30.82;32.15;30.81;1368841;42701953;2.97;-4.14;-1.330
20250508;31.3;32.15;32.24;30.91;1534292;48798242;3.32;2.1;0.660
20250507;32.33;31.49;32.58;30.92;2201185;69760399;4.77;-0.54;-0.170
20250506;30.78;31.66;31.66;30.53;1682631;52592734;3.65;4.87;1.470
20250430;29.0;30.19;30.49;28.37;1457599;43794232;3.16;5.12;1.470
20250429;28.24;28.72;29.0;27.97;1104058;31706601;2.39;1.16;0.330
20250428;28.85;28.39;29.29;28.23;896976;25570783;1.94;-1.59;-0.460
20250425;28.77;28.85;29.32;28.55;725712;20993657;1.57;-0.52;-0.150
20250424;29.65;29.0;29.89;28.68;1056499;30802012;2.29;-2.78;-0.830
20250423;29.89;29.83;30.56;29.63;808462;24254214;1.75;0.3;0.090
20250422;29.88;29.74;30.18;29.59;776728;23158384;1.68;-0.2;-0.060
20250421;28.95;29.8;29.88;28.87;968646;28680055;2.1;1.98;0.580
20250418;29.5;29.22;29.57;28.7;752055;21900279;1.63;-0.38;-0.110
20250417;29.16;29.33;29.86;29.16;987888;29257235;2.14;-0.07;-0.020
20250416;29.73;29.35;30.24;28.8;1094533;32334263;2.37;-2.39;-0.720
20250415;30.61;30.07;30.61;29.7;918374;27524151;1.99;-0.17;-0.050
20250414;30.26;30.12;31.29;29.97;1787917;54349229;3.87;1.18;0.350
20250411;29.38;29.77;30.37;29.37;1491038;44599775;3.23;0.95;0.280
20250410;29.6;29.49;30.49;29.41;1827838;54796044;3.96;2.25;0.650
20250409;27.02;28.84;29.1;25.31;2200579;60957037;4.77;5.76;1.570
20250408;27.12;27.27;28.18;26.22;1666047;45557642;3.61;3.77;0.990
20250407;29.18;26.28;30.6;26.13;2504738;69933609;5.43;-19.53;-6.380
20250403;32.7;32.66;33.5;32.4;673306;22129401;1.46;-1.36;-0.450
20250402;32.99;33.11;33.58;32.88;812837;27036180;1.76;0.21;0.070
20250401;33.32;33.04;34.14;32.73;1598480;53395482;3.46;0.61;0.200
20250331;32.5;32.84;33.04;31.91;1236277;39974099;2.68;0.06;0.020
20250328;33.01;32.82;33.41;32.62;780634;25735357;1.69;-0.55;-0.180
20250327;33.36;33.0;33.87;32.74;1284237;42691462;2.78;-1.93;-0.650
20250326;33.65;33.65;34.17;33.6;901654;30489655;1.95;-0.5;-0.170
20250325;34.84;33.82;34.84;33.6;1617247;55046540;3.5;-1.77;-0.610
20250324;36.09;34.43;36.38;33.46;2208762;76512919;4.79;-4.57;-1.650
20250321;36.41;36.08;36.9;35.68;1710888;61919370;3.71;-1.88;-0.690
20250320;37.04;36.77;37.44;36.55;1252939;46272247;2.72;-0.7;-0.260
20250319;38.0;37.03;38.1;36.7;1626172;60428166;3.52;-2.3;-0.870
20250318;38.8;37.9;39.15;37.74;1413171;53980314;3.06;-1.4;-0.540
20250317;40.08;38.44;40.15;38.31;1665941;64762294;3.61;-0.9;-0.350
20250314;37.5;38.79;39.33;36.9;2637152;101423814;5.71;4.25;1.580
20250313;38.74;37.21;38.74;36.85;2303726;86289423;4.99;-3.95;-1.530
20250312;39.4;38.74;40.55;38.74;2130376;84037659;4.62;-0.82;-0.320
20250311;38.7;39.06;39.26;38.31;1527095;59150953;3.31;-0.94;-0.370
20250310;40.23;39.43;40.5;38.71;2654256;104667770;5.75;-2.64;-1.070
20250307;42.0;40.5;42.34;40.13;2509255;102858771;5.44;-3.02;-1.260
20250306;40.08;41.76;42.5;39.7;3734609;154227903;8.09;6.07;2.390
20250305;39.71;39.37;39.92;38.61;2057891;80462571;4.46;-0.63;-0.250
20250304;37.36;39.62;39.85;37.25;2805161;108938983;6.08;5.04;1.900
20250303;37.25;37.72;38.9;36.98;3239206;123367977;7.02;1.56;0.580
20250228;40.6;37.14;41.08;36.98;3543203;136996626;7.68;-8.14;-3.290
20250227;40.97;40.43;41.5;39.47;3395026;137078435;7.36;-2.2;-0.910
20250226;42.1;41.34;42.39;40.85;4184841;173388829;9.07;-2.15;-0.910
20250225;41.5;42.25;43.61;41.33;4007869;170005748;8.68;-1.29;-0.550
20250224;44.89;42.8;44.89;41.24;6867204;294742766;14.88;-10.03;-4.770
20250221;48.17;47.57;48.87;45.44;6073352;287062993;13.16;2.63;1.220
20250220;43.95;46.35;46.89;43.01;6272245;286249988;13.59;4.39;1.950
20250219;42.66;44.4;45.71;42.66;5595314;246146054;12.12;4.1;1.750
20250218;45.7;42.65;46.99;42.1;6431407;283058249;13.94;-7.16;-3.290
20250217;55.0;45.94;55.18;45.57;11679862;564643887;25.31;-10.2;-5.220
20250214;43.94;51.16;51.16;43.0;10639565;503180336;23.06;20.01;8.530
20250213;42.5;42.63;47.23;41.6;9983478;435670931;21.63;5.18;2.100
20250212;41.59;40.53;42.84;39.5;7364536;303637185;15.96;2.27;0.900
20250211;39.1;39.63;44.1;37.55;10387373;424335748;22.51;-1.54;-0.620
20250210;37.4;40.25;41.46;36.7;7702023;301854071;16.69;9.82;3.600
20250207;32.1;36.65;38.0;31.45;5113203;180167906;11.08;14.71;4.700
20250206;31.05;31.95;31.98;30.41;1372652;43148437;2.97;2.9;0.900
20250205;29.87;31.05;31.38;29.87;1584576;48621092;3.43;6.77;1.970
20250127;30.25;29.08;30.6;29.0;897036;26498384;1.94;-3.07;-0.920
20250124;28.71;30.0;30.25;28.62;1115450;33107035;2.42;4.24;1.220
20250123;28.95;28.78;29.8;28.78;899352;26398344;1.95;0.28;0.080
20250122;28.9;28.7;29.36;28.31;572705;16382097;1.24;-0.69;-0.200
20250121;29.07;28.9;29.45;28.39;640112;18419348;1.39;-0.65;-0.190
20250120;29.0;29.09;29.49;28.68;690119;20099895;1.5;-0.21;-0.060
20250117;28.89;29.15;29.18;28.34;664971;19102223;1.44;1.36;0.390
20250116;29.1;28.76;29.7;28.35;772038;22326523;1.67;-0.83;-0.240
20250115;29.45;29.0;30.18;28.83;941494;27644300;2.04;-1.89;-0.560
20250114;28.0;29.56;30.0;27.49;1376619;40164977;2.98;7.53;2.070
20250113;27.13;27.49;27.86;26.57;620779;16911496;1.35;0.59;0.160
20250110;28.12;27.33;28.57;27.33;626287;17425524;1.36;-2.81;-0.790
20250109;27.72;28.12;28.8;27.7;483536;13778894;1.05;-0.57;-0.160
20250108;28.76;28.28;28.85;27.22;636030;17898624;1.38;-1.33;-0.380
20250107;27.86;28.66;28.66;27.21;591035;16609048;1.28;2.91;0.810
20250106;27.31;27.85;28.07;26.71;603376;16591039;1.31;0.32;0.090
20250103;29.5;27.76;29.5;27.6;861409;24488337;1.87;-5.06;-1.480
20250102;30.02;29.24;30.36;28.78;1010792;29861401;2.19;-3.11;-0.940