20251022;12.5;12.13;12.51;12.11;23050007;283173043;11.17;-3.81;-0.480
20251021;11.55;12.61;12.61;11.52;18318579;224609341;8.88;10.03;1.150
20251020;11.28;11.46;11.48;11.22;3135730;35729405;1.52;2.32;0.260
20251017;11.18;11.2;11.35;11.15;3268339;36786569;1.58;-0.36;-0.040
20251016;11.28;11.24;11.3;11.14;2448150;27468074;1.19;-0.44;-0.050
20251015;11.25;11.29;11.33;11.14;2916290;32824360;1.41;0.18;0.020
20251014;11.19;11.27;11.32;11.15;3740460;42046976;1.81;1.08;0.120
20251013;10.92;11.15;11.21;10.77;3347709;37028759;1.62;-0.89;-0.100
20251010;11.1;11.25;11.29;11.07;2765380;31030545;1.34;1.08;0.120
20251009;11.16;11.13;11.16;11.02;2340880;25976515;1.13;-0.09;-0.010
20250930;11.24;11.14;11.25;11.07;1975332;22024042;0.96;-0.54;-0.060
20250929;11.11;11.2;11.21;10.88;2508730;27856442;1.22;0.81;0.090
20250926;11.05;11.11;11.21;10.93;2253280;25010242;1.09;0.54;0.060
20250925;11.22;11.05;11.25;11.01;2411990;26820201;1.17;-1.52;-0.170
20250924;11.0;11.22;11.22;10.87;3777533;42025645;1.83;1.72;0.190
20250923;11.09;11.03;11.12;10.67;4249243;46178385;2.06;-0.45;-0.050
20250922;11.32;11.08;11.34;11.01;3124480;34704876;1.51;-1.95;-0.220
20250919;11.27;11.3;11.43;11.16;3430640;38675199;1.66;0.27;0.030
20250918;11.61;11.27;11.65;11.14;5164794;58762493;2.5;-2.84;-0.330
20250917;11.75;11.6;11.79;11.55;3712184;43150361;1.8;-1.02;-0.120
20250916;11.52;11.72;11.74;11.48;4546800;52921129;2.2;2.0;0.230
20250915;11.43;11.49;11.65;11.32;3614156;41393158;1.75;0.7;0.080
20250912;11.51;11.41;11.59;11.41;2827173;32451515;1.37;-0.78;-0.090
20250911;11.43;11.5;11.5;11.28;2882200;32828857;1.4;0.44;0.050
20250910;11.45;11.45;11.58;11.4;2363990;27116027;1.15;0.0;0.000
20250909;11.62;11.45;11.62;11.37;3050420;35064683;1.48;-1.21;-0.140
20250908;11.38;11.59;11.63;11.38;4285560;49433199;2.08;1.93;0.220
20250905;11.41;11.37;11.45;11.22;3973590;45104198;1.93;0.0;0.000
20250904;11.29;11.37;11.51;11.19;4725130;53809838;2.29;0.98;0.110
20250903;11.58;11.26;11.61;11.2;3509300;39968844;1.7;-2.68;-0.310
20250902;11.66;11.57;11.68;11.31;5064611;58095799;2.45;-0.77;-0.090
20250901;11.63;11.66;11.89;11.41;6051473;70752481;2.93;-0.43;-0.050
20250829;11.77;11.71;11.79;11.56;3956440;46246263;1.92;-0.34;-0.040
20250828;11.83;11.75;12.07;11.31;6815970;79450462;3.3;-1.18;-0.140
20250827;12.25;11.89;12.26;11.88;6133190;74064076;2.97;-2.7;-0.330
20250826;12.07;12.22;12.28;11.96;5555389;67634167;2.69;1.33;0.160
20250825;12.15;12.06;12.21;12.01;6654089;80485264;3.22;-0.74;-0.090
20250822;12.39;12.15;12.39;12.1;5759370;70116240;2.79;-1.78;-0.220
20250821;12.41;12.37;12.51;12.33;3535890;43931198;1.71;-0.24;-0.030
20250820;12.24;12.4;12.4;12.2;3739500;46093823;1.81;1.06;0.130
20250819;12.12;12.27;12.28;12.06;4064450;49618252;1.97;1.15;0.140
20250818;12.14;12.13;12.3;12.03;6159860;75061449;2.98;0.5;0.060
20250815;12.08;12.07;12.21;12.02;4312130;52208682;2.09;-0.08;-0.010
20250814;12.26;12.08;12.29;12.07;4526390;55048738;2.19;-1.47;-0.180
20250813;12.55;12.26;12.55;12.24;4893796;60197387;2.37;-1.61;-0.200
20250812;12.58;12.46;12.63;12.41;3139340;39228717;1.52;-0.72;-0.090
20250811;12.38;12.55;12.58;12.38;3492990;43695310;1.69;0.8;0.100
20250808;12.39;12.45;12.48;12.22;3806793;46965882;1.84;0.32;0.040
20250807;12.3;12.41;12.47;12.26;4098063;50767174;1.99;0.89;0.110
20250806;12.37;12.3;12.37;12.16;2890210;35361338;1.4;-0.08;-0.010
20250805;12.23;12.31;12.36;12.16;3721030;45696966;1.8;0.9;0.110
20250804;12.13;12.2;12.24;12.06;2888640;35188110;1.4;0.58;0.070
20250801;12.05;12.13;12.28;12.03;3683120;44755653;1.78;1.08;0.130
20250731;12.2;12.0;12.24;11.96;4073840;49193604;1.97;-2.04;-0.250
20250730;12.2;12.25;12.36;12.1;4373810;53456549;2.12;0.66;0.080
20250729;12.2;12.17;12.26;11.99;4100450;49612570;1.99;-0.16;-0.020
20250728;12.31;12.19;12.37;12.17;5509280;67505718;2.67;-0.81;-0.100
20250725;12.06;12.29;12.31;11.92;6317702;76783214;3.06;2.5;0.300
20250724;11.8;11.99;12.04;11.76;4073090;48565531;1.97;1.61;0.190
20250723;11.85;11.8;11.94;11.76;3460080;40956149;1.68;-0.42;-0.050
20250722;11.78;11.85;11.88;11.74;4176219;49348369;2.02;0.59;0.070
20250721;11.67;11.78;11.86;11.63;4963653;58437944;2.41;1.29;0.150
20250718;11.81;11.63;11.81;11.59;4492930;52340441;2.18;-1.52;-0.180
20250717;11.66;11.81;11.85;11.65;5364610;63111222;2.6;-0.08;-0.010
20250716;11.61;11.82;11.92;11.56;7936464;93134310;3.85;2.16;0.250
20250715;11.62;11.57;11.66;11.36;4406740;50650716;2.14;-0.6;-0.070
20250714;11.59;11.64;11.67;11.55;3758015;43670092;1.82;0.34;0.040
20250711;11.58;11.6;11.65;11.37;4709330;54147593;2.28;0.17;0.020
20250710;11.48;11.58;11.61;11.43;3540080;40874696;1.72;0.87;0.100
20250709;11.48;11.48;11.53;11.41;2832050;32488133;1.37;0.0;0.000
20250708;11.35;11.48;11.49;11.31;4354940;49712411;2.11;1.15;0.130
20250707;11.22;11.35;11.42;11.05;4149227;46918724;2.01;1.16;0.130
20250704;11.45;11.22;11.52;11.21;4268760;48274506;2.07;-0.62;-0.070
20250703;11.37;11.29;11.37;11.25;3170660;35868000;1.54;-0.44;-0.050
20250702;11.28;11.34;11.34;11.17;4830780;54461880;2.34;0.62;0.070
20250701;11.25;11.27;11.36;11.12;3841700;43213973;1.86;0.18;0.020
20250630;11.25;11.25;11.3;11.18;3388200;38077293;1.64;0.09;0.010
20250627;11.09;11.24;11.36;11.09;4290200;48271935;2.08;1.54;0.170
20250626;11.14;11.07;11.14;11.0;3294490;36432296;1.6;-0.09;-0.010
20250625;11.02;11.08;11.09;10.88;3906930;43019905;1.89;1.0;0.110
20250624;10.86;10.97;11.01;10.82;3391340;37107168;1.64;1.01;0.110
20250623;10.55;10.86;10.87;10.52;4695890;50613484;2.28;2.94;0.310
20250620;10.55;10.55;10.72;10.54;2614560;27751720;1.27;0.0;0.000
20250619;10.97;10.55;10.97;10.51;4314500;46111733;2.09;-3.83;-0.420
20250618;11.15;10.97;11.15;10.89;2753270;30208454;1.33;-1.26;-0.140
20250617;11.16;11.11;11.22;11.01;2922390;32379956;1.42;-0.45;-0.050
20250616;10.91;11.16;11.23;10.91;3533280;39293393;1.71;1.73;0.190
20250613;11.29;10.97;11.33;10.91;5406140;59825624;2.62;-3.35;-0.380
20250612;11.33;11.35;11.41;11.18;3872150;43660491;1.88;0.0;0.000
20250611;11.41;11.35;11.48;11.34;3922570;44782358;1.9;-0.18;-0.020
20250610;11.47;11.37;11.56;11.14;5357490;60874543;2.6;-1.22;-0.140
20250609;11.42;11.51;11.55;11.35;4935640;56534274;2.39;0.88;0.100
20250606;11.46;11.41;11.48;11.3;4062850;46188617;1.97;-0.09;-0.010
20250605;14.92;14.87;15.0;14.77;3836600;57045529;2.42;-0.47;-0.070
20250604;15.07;14.94;15.15;14.82;4017300;59942944;2.53;-1.06;-0.160
20250603;14.75;15.1;15.17;14.71;3422800;51548817;2.16;1.34;0.200
20250530;14.96;14.9;15.05;14.79;4270550;63668439;2.69;-0.13;-0.020
20250529;14.54;14.92;15.09;14.52;4826600;71929217;3.04;2.68;0.390
20250528;14.38;14.53;14.85;14.37;3052300;44678427;1.92;0.07;0.010
20250527;14.56;14.52;14.63;14.36;2777600;40237960;1.75;0.14;0.020
20250526;14.29;14.5;14.6;14.25;3728900;53967809;2.35;1.54;0.220
20250523;14.77;14.28;14.82;14.27;6538160;94624298;4.12;-3.64;-0.540
20250522;15.19;14.82;15.28;14.8;4064700;60904054;2.56;-2.44;-0.370
20250521;15.09;15.19;15.34;14.88;5431329;82052206;3.42;0.46;0.070
20250520;15.08;15.12;15.15;14.87;4362405;65652351;2.75;-0.13;-0.020
20250519;14.74;15.14;15.29;14.74;7007098;105710579;4.41;2.3;0.340
20250516;15.29;14.8;15.29;14.72;6976000;103606995;4.39;-2.5;-0.380
20250515;15.46;15.18;15.61;15.12;8421805;129145352;5.3;-2.75;-0.430
20250514;14.86;15.61;15.66;14.77;12630100;192818099;7.96;4.41;0.660
20250513;14.85;14.95;15.08;14.62;6727600;99864297;4.24;1.7;0.250
20250512;14.79;14.7;14.89;14.57;4803800;70584845;3.03;-0.2;-0.030
20250509;15.0;14.73;15.09;14.63;5150700;76059729;3.24;-1.73;-0.260
20250508;14.88;14.99;15.1;14.7;5366411;80373704;3.38;0.87;0.130
20250507;15.15;14.86;15.35;14.7;8607011;129384336;5.42;-0.8;-0.120
20250506;14.61;14.98;14.98;14.56;8140300;120454138;5.13;1.97;0.290
20250430;15.98;14.69;15.99;14.52;14703500;221825466;9.26;-7.61;-1.210
20250429;15.95;15.9;16.35;15.69;10649352;169706030;6.71;-2.15;-0.350
20250428;16.99;16.25;16.99;16.1;15243100;251468175;9.6;-4.36;-0.740
20250425;16.25;16.99;17.74;15.61;22147252;368162693;13.95;3.98;0.650
20250424;16.4;16.34;17.22;16.25;21257429;351927574;13.39;2.0;0.320
20250423;15.91;16.02;16.16;15.4;14254129;225373905;8.98;-2.91;-0.480
20250422;16.4;16.5;17.26;16.18;21442081;357594398;13.51;1.73;0.280
20250421;15.86;16.22;16.22;15.35;12604611;198992053;7.94;2.14;0.340
20250418;16.21;15.88;16.39;15.71;12945152;205960482;8.15;-4.57;-0.760
20250417;16.43;16.64;16.85;16.01;26852592;442034274;16.91;-1.71;-0.290
20250416;15.22;16.93;16.93;15.22;28214458;473835780;17.77;10.01;1.540
20250415;15.95;15.39;16.15;15.37;12850729;201267898;8.09;-6.5;-1.070
20250414;14.85;16.46;16.65;14.81;18853274;297121818;11.88;4.18;0.660
20250411;17.4;15.8;18.17;15.61;28103392;472479592;17.7;-5.45;-0.910
20250410;15.91;16.71;16.71;15.27;16102112;264039307;10.14;10.01;1.520
20250409;13.75;15.19;15.78;12.92;15911530;226311700;10.02;5.78;0.830
20250408;13.15;14.36;14.36;12.87;11363850;155683946;7.16;7.0;0.940
20250407;13.85;13.42;14.49;13.42;8292700;115590337;5.22;-9.99;-1.490
20250403;13.77;14.91;15.19;13.7;11905655;173453906;7.5;7.04;0.980
20250402;13.77;13.93;14.07;13.69;2565300;35652117;1.62;1.24;0.170
20250401;13.62;13.76;13.92;13.62;2561200;35329825;1.61;1.78;0.240
20250331;13.5;13.52;13.57;13.22;2803400;37579737;1.77;-0.37;-0.050
20250328;14.1;13.57;14.14;13.57;4688900;64549357;2.95;-3.76;-0.530
20250327;14.41;14.1;14.6;13.82;8111700;114639782;5.11;1.73;0.240
20250326;13.52;13.86;13.96;13.46;2962300;40986933;1.87;2.29;0.310
20250325;13.5;13.55;13.58;13.26;2017700;27163537;1.27;0.97;0.130
20250324;13.74;13.42;13.8;13.14;3089200;41562089;1.95;-2.04;-0.280
20250321;13.81;13.7;13.86;13.58;2293800;31419988;1.44;-0.51;-0.070
20250320;13.81;13.77;13.93;13.73;1797300;24845264;1.13;-0.43;-0.060
20250319;13.99;13.83;14.0;13.78;1936500;26850045;1.22;-0.93;-0.130
20250318;13.84;13.96;13.96;13.73;2272000;31492596;1.43;0.87;0.120
20250317;13.55;13.84;13.94;13.48;3335600;45826385;2.1;2.06;0.280
20250314;13.45;13.56;13.59;13.31;2576000;34664426;1.62;0.82;0.110
20250313;13.6;13.45;13.69;13.27;2391300;32118417;1.51;-0.37;-0.050
20250312;13.68;13.5;13.94;13.43;3642400;49547094;2.29;-0.59;-0.080
20250311;13.2;13.58;13.62;13.12;2781600;37169875;1.75;1.8;0.240
20250310;13.18;13.34;13.39;13.16;2042819;27140215;1.29;1.37;0.180
20250307;13.13;13.16;13.4;13.07;2517700;33268775;1.59;-0.08;-0.010
20250306;13.11;13.17;13.25;13.03;2283200;30003021;1.44;0.69;0.090
20250305;13.07;13.08;13.13;12.83;2157800;27957444;1.36;0.15;0.020
20250304;12.91;13.06;13.13;12.85;1718000;22403959;1.08;0.93;0.120
20250303;12.85;12.94;13.09;12.85;2268000;29492736;1.43;0.7;0.090
20250228;13.1;12.85;13.25;12.79;2250125;29279846;1.42;-2.5;-0.330
20250227;12.97;13.18;13.2;12.9;2731400;35671288;1.72;1.62;0.210
20250226;12.83;12.97;13.03;12.83;1593100;20637490;1.0;0.93;0.120
20250225;12.89;12.85;12.98;12.82;1483200;19112734;0.93;-1.08;-0.140
20250224;12.92;12.99;13.05;12.83;1973000;25603082;1.24;0.46;0.060
20250221;13.08;12.93;13.08;12.81;2131419;27535328;1.34;-0.84;-0.110
20250220;13.03;13.04;13.15;13.0;1507600;19690829;0.95;0.08;0.010
20250219;12.79;13.03;13.03;12.64;1534600;19864630;0.97;2.28;0.290
20250218;13.05;12.74;13.1;12.61;2402700;30851943;1.51;-2.3;-0.300
20250217;12.86;13.04;13.16;12.82;2305593;30024061;1.45;1.72;0.220
20250214;12.89;12.82;12.91;12.77;1515500;19437568;0.95;0.0;0.000
20250213;13.11;12.82;13.11;12.8;1650800;21301956;1.04;-2.06;-0.270
20250212;13.14;13.09;13.18;12.96;1889500;24680136;1.19;-0.38;-0.050
20250211;13.1;13.14;13.17;12.94;2006900;26203707;1.26;0.46;0.060
20250210;13.06;13.08;13.15;12.99;1720000;22437459;1.08;0.15;0.020
20250207;13.02;13.06;13.22;12.92;2502200;32717843;1.58;0.77;0.100
20250206;12.9;12.96;12.97;12.7;2293591;29497090;1.44;0.54;0.070
20250205;12.98;12.89;13.13;12.82;1502100;19415893;0.95;-0.46;-0.060
20250127;13.05;12.95;13.15;12.91;1912965;24954254;1.2;0.31;0.040
20250124;13.07;12.91;13.2;12.78;2847783;36743561;1.79;-1.22;-0.160
20250123;12.75;13.07;13.24;12.71;4456800;58059890;2.81;4.48;0.560
20250122;12.73;12.51;12.74;12.43;1392700;17479923;0.88;-1.96;-0.250
20250121;12.99;12.76;12.99;12.63;2386700;30513924;1.5;-1.16;-0.150
20250120;12.7;12.91;13.03;12.6;2803600;36086261;1.77;2.79;0.350
20250117;12.31;12.56;12.73;12.25;2780200;34750774;1.75;1.62;0.200
20250116;12.41;12.36;12.56;12.26;1476600;18306647;0.93;0.08;0.010
20250115;12.43;12.35;12.52;12.29;1832827;22707691;1.15;-0.08;-0.010
20250114;11.94;12.36;12.39;11.92;1948227;23836083;1.23;3.69;0.440
20250113;11.81;11.92;11.95;11.54;2358600;27677403;1.49;0.17;0.020
20250110;12.2;11.9;12.32;11.9;1928889;23309854;1.22;-2.62;-0.320
20250109;12.35;12.22;12.39;12.13;1524300;18651774;0.96;-0.73;-0.090
20250108;12.34;12.31;12.47;11.91;1915500;23444922;1.21;-0.4;-0.050
20250107;11.9;12.36;12.37;11.87;1887100;22824809;1.19;3.87;0.460
20250106;12.03;11.9;12.1;11.54;2567300;30433387;1.62;0.0;0.000
20250103;12.66;11.9;12.71;11.9;3157800;38561391;1.99;-5.63;-0.710
20250102;12.98;12.61;13.11;12.47;2705100;34659658;1.7;-2.17;-0.280