20251022;15.73;15.72;15.83;15.61;1626055;25570943;0.96;-0.51;-0.080
20251021;15.67;15.8;15.9;15.52;2719000;42819051;1.61;0.57;0.090
20251020;15.32;15.71;15.8;15.25;3440508;53645327;2.04;2.55;0.390
20251017;15.39;15.32;15.51;15.16;2311518;35421654;1.37;0.07;0.010
20251016;15.3;15.31;15.68;15.17;2016026;30892510;1.19;-0.2;-0.030
20251015;15.03;15.34;15.38;15.03;2037866;31118347;1.21;1.46;0.220
20251014;15.4;15.12;15.53;15.03;2234153;34146487;1.32;-0.98;-0.150
20251013;15.0;15.27;15.6;14.88;3401400;52026316;2.01;-3.05;-0.480
20251010;15.41;15.75;16.43;15.41;3516260;55433099;2.08;1.61;0.250
20251009;15.5;15.5;15.6;15.28;1961244;30237670;1.16;-0.06;-0.010
20250930;15.11;15.51;15.61;15.03;2828420;43416055;1.67;2.51;0.380
20250929;14.95;15.13;15.21;14.7;1632900;24542188;0.97;1.75;0.260
20250926;14.74;14.87;15.04;14.65;1766474;26268096;1.05;0.47;0.070
20250925;14.89;14.8;15.36;14.78;2256905;33967850;1.34;-1.0;-0.150
20250924;14.8;14.95;15.0;14.56;1803860;26864695;1.07;0.88;0.130
20250923;15.19;14.82;15.26;14.3;3821069;56085667;2.26;-2.44;-0.370
20250922;15.37;15.19;15.47;15.08;1759837;26788422;1.04;-1.3;-0.200
20250919;15.25;15.39;15.42;15.08;2056130;31390679;1.22;0.79;0.120
20250918;15.85;15.27;15.94;15.17;4212358;65351515;2.49;-3.6;-0.570
20250917;16.05;15.84;16.17;15.8;3024573;48283546;1.79;-1.25;-0.200
20250916;16.13;16.04;16.19;15.93;2754055;44154639;1.63;-0.37;-0.060
20250915;16.02;16.1;16.15;15.8;2636377;42290448;1.56;0.12;0.020
20250912;16.51;16.08;16.55;16.03;4191530;67926550;2.48;-2.37;-0.390
20250911;16.52;16.47;16.58;16.18;4002013;65499675;2.37;-0.84;-0.140
20250910;16.4;16.61;16.7;16.15;6230646;103041995;3.69;1.28;0.210
20250909;16.02;16.4;16.48;16.02;4869126;79124691;2.88;1.36;0.220
20250908;15.87;16.18;16.39;15.87;5333778;86132807;3.16;1.95;0.310
20250905;15.72;15.87;15.88;15.35;3977830;62561144;2.35;1.08;0.170
20250904;15.76;15.7;16.0;15.53;5148774;81149576;3.05;0.32;0.050
20250903;15.88;15.65;15.94;15.41;4398665;68715305;2.6;-1.51;-0.240
20250902;15.96;15.89;17.48;15.6;8365856;134036730;4.95;-0.06;-0.010
20250901;15.48;15.9;15.98;15.41;4433324;69973752;2.62;2.71;0.420
20250829;15.73;15.48;15.78;15.29;5615235;86973175;3.32;-2.76;-0.440
20250828;15.61;15.92;16.19;14.9;8766692;137388269;5.19;1.79;0.280
20250827;16.01;15.64;16.15;15.61;4269775;67745197;2.53;-2.31;-0.370
20250826;15.7;16.01;16.21;15.67;4915769;78196998;2.91;1.78;0.280
20250825;15.72;15.73;15.84;15.58;3235240;50747352;1.91;0.06;0.010
20250822;15.99;15.72;15.99;15.59;3965465;62351068;2.35;-1.63;-0.260
20250821;15.9;15.98;16.29;15.77;4866652;77765411;2.88;0.44;0.070
20250820;15.65;15.91;15.98;15.65;3623706;57472240;2.14;0.7;0.110
20250819;15.64;15.8;16.06;15.6;5177041;81752186;3.06;0.19;0.030
20250818;15.58;15.77;16.06;15.58;6829802;107724988;4.04;1.74;0.270
20250815;15.2;15.5;15.55;15.16;4079109;62978057;2.41;1.31;0.200
20250814;15.7;15.3;15.73;15.23;5251049;81017734;3.11;-2.11;-0.330
20250813;15.8;15.63;15.83;15.53;6704642;104649721;3.97;-1.26;-0.200
20250812;15.98;15.83;16.4;15.72;9586442;152452968;5.67;-1.43;-0.230
20250811;16.1;16.06;16.48;15.53;16968991;271024749;10.04;-2.84;-0.470
20250808;15.11;16.53;16.53;14.87;4411386;70614847;2.61;9.98;1.500
20250807;15.29;15.03;15.29;15.0;2605818;39294675;1.54;-1.25;-0.190
20250806;15.11;15.22;15.3;15.03;2562763;38881629;1.52;0.79;0.120
20250805;15.05;15.1;15.13;14.89;2257684;33925249;1.34;0.73;0.110
20250804;14.79;14.99;14.99;14.62;2713485;40363123;1.61;1.56;0.230
20250801;14.61;14.76;14.9;14.59;2551720;37677365;1.51;1.03;0.150
20250731;14.89;14.61;14.91;14.6;2291000;33715716;1.36;-1.42;-0.210
20250730;14.84;14.82;15.0;14.59;2610900;38520065;1.54;-0.07;-0.010
20250729;14.86;14.83;15.0;14.63;2485825;36620953;1.47;-0.13;-0.020
20250728;14.71;14.85;15.15;14.63;3714500;55234801;2.2;1.37;0.200
20250725;14.49;14.65;14.69;14.39;2839034;41392806;1.68;1.1;0.160
20250724;14.3;14.49;14.51;14.3;2432769;35186231;1.44;1.05;0.150
20250723;14.38;14.34;14.52;14.28;2109250;30352921;1.25;-0.35;-0.050
20250722;14.61;14.39;14.62;14.36;2371956;34313517;1.4;-1.57;-0.230
20250721;14.6;14.62;14.72;14.52;3037500;44314520;1.8;0.0;0.000
20250718;14.86;14.62;14.9;14.48;3195800;46705513;1.89;-1.62;-0.240
20250717;14.49;14.86;14.88;14.4;5477487;80817524;3.24;2.55;0.370
20250716;14.45;14.49;14.56;14.3;2813789;40634923;1.66;0.56;0.080
20250715;14.23;14.41;14.7;14.07;4044369;58017658;2.39;0.7;0.100
20250714;14.1;14.31;14.31;14.07;3074856;43695261;1.82;1.56;0.220
20250711;14.16;14.09;14.22;13.9;2496900;35034982;1.48;-0.56;-0.080
20250710;14.24;14.17;14.36;13.9;2906849;40952746;1.72;-0.49;-0.070
20250709;14.35;14.24;14.51;14.16;4321695;61858834;2.56;-1.11;-0.160
20250708;13.76;14.4;14.63;13.76;7280734;104293842;4.31;3.08;0.430
20250707;13.73;13.97;14.06;13.7;4133204;57668823;2.45;1.75;0.240
20250704;14.0;13.73;14.19;13.71;5197800;71990939;3.08;-2.07;-0.290
20250703;13.92;14.02;14.13;13.88;6835128;95655012;4.04;0.0;0.000
20250702;14.11;14.02;14.18;13.84;12809650;179176989;7.58;-3.64;-0.530
20250701;16.28;14.55;16.28;14.48;19800127;306818215;11.72;-1.69;-0.250
20250630;13.56;14.8;14.8;13.4;4564045;66503797;2.7;10.04;1.350
20250627;13.49;13.45;13.49;13.26;1472180;19689229;0.87;0.82;0.110
20250626;13.53;13.34;13.58;13.29;1253300;16754523;0.74;-0.82;-0.110
20250625;13.5;13.45;13.55;13.27;1704700;22876305;1.01;0.3;0.040
20250624;13.11;13.41;13.7;13.07;2291400;30788082;1.36;2.6;0.340
20250623;12.85;13.07;13.12;12.71;1640600;21308557;0.97;1.71;0.220
20250620;12.88;12.85;12.95;12.73;1490460;19135825;0.88;0.0;0.000
20250619;13.32;12.85;13.37;12.79;2191300;28492039;1.3;-3.09;-0.410
20250618;13.62;13.26;13.62;13.24;1397000;18602008;0.83;-2.21;-0.300
20250617;13.71;13.56;13.82;13.43;1500363;20341947;0.89;-0.66;-0.090
20250616;13.69;13.65;14.02;13.62;1765625;24293727;1.04;-0.36;-0.050
20250613;14.08;13.7;14.15;13.68;2129290;29412162;1.26;-2.7;-0.380
20250612;14.25;14.08;14.28;13.91;1852700;26117159;1.1;-0.49;-0.070
20250611;14.11;14.15;14.26;14.0;1782530;25165311;1.05;-0.21;-0.030
20250610;14.29;14.18;14.43;13.82;2313400;32667624;1.37;-0.84;-0.120
20250609;14.0;14.3;14.37;13.89;2034790;28944416;1.2;1.63;0.230
20250606;14.15;14.2;14.35;14.1;1555600;22068941;0.92;-0.28;-0.040
20250605;14.3;14.24;14.4;14.1;2039180;28980022;1.21;-0.63;-0.090
20250604;13.93;14.33;14.48;13.93;2818730;40114055;1.67;1.92;0.270
20250603;13.84;14.06;14.16;13.6;2013200;28252136;1.19;1.37;0.190
20250530;14.23;13.87;14.23;13.8;2430500;33837795;1.44;-2.46;-0.350
20250529;13.8;14.22;14.4;13.71;5001646;70946216;2.96;2.67;0.370
20250528;13.72;13.85;13.9;13.52;2473900;33938188;1.46;1.76;0.240
20250527;13.48;13.61;13.65;13.35;1233394;16691659;0.73;0.59;0.080
20250526;13.32;13.53;13.62;13.3;1351200;18187034;0.8;0.74;0.100
20250523;13.6;13.43;13.71;13.32;1868250;25288783;1.11;-0.67;-0.090
20250522;13.73;13.52;13.9;13.42;1537700;20949423;0.91;-1.46;-0.200
20250521;14.0;13.72;14.05;13.59;1884700;25884083;1.12;-2.35;-0.330
20250520;13.85;14.05;14.07;13.65;1921878;26690073;1.14;1.44;0.200
20250519;13.88;13.85;14.0;13.75;2390500;33160474;1.41;0.0;0.000
20250516;13.71;13.85;13.99;13.6;3450559;47652626;2.04;-0.65;-0.090
20250515;13.66;13.94;14.46;13.41;6171155;86197804;3.65;2.88;0.390
20250514;13.66;13.55;13.78;13.36;3130119;42340155;1.85;-1.09;-0.150
20250513;13.89;13.7;14.24;13.64;4119369;57010787;2.44;-0.22;-0.030
20250512;14.57;13.73;14.57;13.55;6555045;90764663;3.88;-1.51;-0.210
20250509;14.02;13.94;14.8;13.85;8932619;126870594;5.29;1.01;0.140
20250508;13.39;13.8;13.99;13.39;3259220;44965485;1.93;2.15;0.290
20250507;13.67;13.51;13.8;13.31;3063900;41557442;1.81;-1.1;-0.150
20250506;13.04;13.66;13.88;13.04;3921375;52898231;2.32;5.08;0.660
20250430;12.86;13.0;13.39;12.86;2139639;27869469;1.27;0.54;0.070
20250429;12.59;12.93;13.75;12.51;2791578;36580324;1.65;2.29;0.290
20250428;12.74;12.64;12.82;12.32;1702756;21354186;1.01;-0.47;-0.060
20250425;12.52;12.7;12.98;12.5;2204192;28040628;1.3;-2.76;-0.360
20250424;13.17;13.06;13.35;12.87;1558360;20393369;0.92;-1.14;-0.150
20250423;13.2;13.21;13.42;13.16;1771868;23508996;1.05;0.46;0.060
20250422;12.89;13.15;13.28;12.78;2513230;32963212;1.49;2.57;0.330
20250421;12.71;12.82;12.92;12.56;1338906;17151527;0.79;0.87;0.110
20250418;12.87;12.71;12.94;12.53;1180569;14989374;0.7;-1.4;-0.180
20250417;12.58;12.89;13.03;12.48;2116283;27141672;1.25;1.98;0.250
20250416;12.79;12.64;12.91;12.36;1975690;25013507;1.17;-1.86;-0.240
20250415;12.51;12.88;13.31;12.31;3526044;45370455;2.09;2.96;0.370
20250414;12.44;12.51;12.8;12.43;1865400;23557385;1.1;1.54;0.190
20250411;12.06;12.32;12.35;12.01;2710950;33185865;1.6;2.75;0.330
20250410;11.74;11.99;12.18;11.74;2631742;31662305;1.56;3.9;0.450
20250409;11.12;11.54;11.65;10.35;3603883;39864981;2.13;1.58;0.180
20250408;12.08;11.36;12.33;11.11;4275443;49345906;2.53;-7.87;-0.970
20250407;12.99;12.33;12.99;12.33;1594400;19923786;0.94;-10.0;-1.370
20250403;13.74;13.7;13.99;13.56;1841906;25361993;1.09;-0.94;-0.130
20250402;13.5;13.83;13.98;13.45;2041636;28120540;1.21;1.62;0.220
20250401;13.19;13.61;13.69;13.17;2469358;33481615;1.46;3.26;0.430
20250331;13.17;13.18;13.38;12.83;2027026;26398166;1.2;-0.9;-0.120
20250328;13.67;13.3;13.9;13.26;1887104;25451801;1.12;-3.34;-0.460
20250327;13.71;13.76;13.9;13.41;2324190;31856146;1.38;-0.15;-0.020
20250326;13.36;13.78;13.88;13.3;2960500;40635136;1.75;3.14;0.420
20250325;13.39;13.36;13.48;13.07;2010378;26690408;1.19;-0.37;-0.050
20250324;13.77;13.41;14.13;13.1;3191100;43290316;1.89;-2.61;-0.360
20250321;13.88;13.77;14.0;13.67;2022786;27905002;1.2;-1.64;-0.230
20250320;13.98;14.0;14.15;13.9;1995959;27967878;1.18;-0.5;-0.070
20250319;14.16;14.07;14.57;14.02;3933400;55884250;2.33;-0.71;-0.100
20250318;13.91;14.17;14.22;13.86;3141501;44076218;1.86;1.87;0.260
20250317;13.8;13.91;14.07;13.76;2761044;38399552;1.63;0.87;0.120
20250314;13.61;13.79;13.83;13.45;2232255;30510690;1.32;1.1;0.150
20250313;13.78;13.64;13.86;13.51;1980731;27008396;1.17;-1.59;-0.220
20250312;13.97;13.86;14.03;13.79;2569381;35769726;1.52;-0.72;-0.100
20250311;13.76;13.96;13.98;13.63;3349370;46123656;1.98;1.38;0.190
20250310;14.16;13.77;14.39;13.7;7397076;103800534;4.38;-1.99;-0.280
20250307;13.41;14.05;14.18;13.28;6967513;95555103;4.12;4.77;0.640
20250306;13.39;13.41;13.6;13.3;2773444;37234684;1.64;0.07;0.010
20250305;13.48;13.4;13.49;13.24;1907553;25440361;1.13;-0.67;-0.090
20250304;13.2;13.49;13.51;13.02;3336446;44717311;1.97;2.12;0.280
20250303;12.88;13.21;13.4;12.88;2446462;32324344;1.45;1.93;0.250
20250228;13.34;12.96;13.35;12.96;2369790;31041952;1.4;-2.92;-0.390
20250227;13.27;13.35;13.45;13.1;2724444;36208836;1.61;0.6;0.080
20250226;13.21;13.27;13.42;13.18;1786376;23731282;1.06;0.08;0.010
20250225;13.5;13.26;13.5;13.22;2377800;31683161;1.41;-1.85;-0.250
20250224;13.37;13.51;13.56;13.15;2842069;38114771;1.68;0.97;0.130
20250221;13.39;13.38;13.59;13.2;2738412;36629445;1.62;-0.07;-0.010
20250220;13.18;13.39;13.4;13.06;3114139;41224731;1.84;2.45;0.320
20250219;12.88;13.07;13.36;12.68;3036878;39793632;1.8;2.51;0.320
20250218;13.02;12.75;13.07;12.71;2193300;28135803;1.3;-2.07;-0.270
20250217;13.01;13.02;13.1;12.8;2817388;36471924;1.67;-0.46;-0.060
20250214;13.16;13.08;13.19;12.99;2031376;26572776;1.2;0.46;0.060
20250213;13.19;13.02;13.33;13.01;2319903;30527051;1.37;-1.51;-0.200
20250212;13.11;13.22;13.24;13.07;2387825;31383216;1.41;0.84;0.110
20250211;13.24;13.11;13.26;12.87;1954228;25558592;1.16;-0.46;-0.060
20250210;13.06;13.17;13.28;12.97;3228996;42345354;1.91;1.62;0.210
20250207;13.05;12.96;13.09;12.81;4821759;62665941;2.85;-0.54;-0.070
20250206;12.7;13.03;13.07;12.51;4722031;60557268;2.79;2.52;0.320
20250205;13.04;12.71;13.17;12.61;3901301;49662542;2.31;-2.46;-0.320
20250127;12.84;13.03;13.45;12.76;5457330;71639727;3.23;1.4;0.180
20250124;12.6;12.85;13.05;12.32;7649440;96793564;4.53;1.82;0.230
20250123;12.5;12.62;13.45;12.26;10551943;136420269;6.24;3.19;0.390
20250122;12.43;12.23;12.45;12.13;2105100;25912050;1.25;-0.81;-0.100
20250121;12.49;12.33;12.51;12.17;2012300;24667319;1.19;0.08;0.010
20250120;12.04;12.32;12.43;11.9;2646038;32481702;1.57;2.67;0.320
20250117;12.0;12.0;12.06;11.74;1715900;20493505;1.02;-0.08;-0.010
20250116;12.02;12.01;12.24;11.87;1744469;21007398;1.03;0.76;0.090
20250115;11.94;11.92;12.04;11.81;1943800;23171721;1.15;0.17;0.020
20250114;11.45;11.9;11.91;11.45;2530581;29682489;1.5;4.48;0.510
20250113;11.19;11.39;11.43;10.98;1765538;19909638;1.04;0.53;0.060
20250110;11.71;11.33;11.72;11.32;2573400;29593048;1.52;-2.58;-0.300
20250109;11.45;11.63;11.81;11.45;1668730;19436009;0.99;0.69;0.080
20250108;11.66;11.55;11.7;11.22;2672273;30683340;1.58;-0.86;-0.100
20250107;11.2;11.65;11.65;11.19;2855662;32740107;1.69;4.3;0.480
20250106;11.21;11.17;11.43;10.75;3292408;36644559;1.95;-1.41;-0.160
20250103;12.0;11.33;12.21;11.29;4202010;48910017;2.49;-6.13;-0.740
20250102;12.27;12.07;12.57;11.93;3377580;41452970;2.0;-1.63;-0.200