20251022;38.63;41.47;41.47;38.5;8472314;342078503;30.32;10.0;3.770
20251021;36.31;37.7;37.98;36.31;5079709;190837093;18.18;3.37;1.230
20251020;36.08;36.47;36.66;36.03;1986500;72134058;7.11;1.45;0.520
20251017;37.0;35.95;37.08;35.92;2429428;88375148;8.69;-0.72;-0.260
20251016;37.27;36.21;37.84;36.2;2596800;95337581;9.29;-2.79;-1.040
20251015;37.49;37.25;37.63;36.1;4038760;147894738;14.45;-0.67;-0.250
20251014;37.0;37.5;39.02;36.77;6638413;251516991;23.76;1.38;0.510
20251013;35.0;36.99;37.11;34.0;5079650;183549303;18.18;3.04;1.090
20251010;35.39;35.9;36.5;35.01;3905200;140460873;13.98;1.79;0.630
20251009;35.22;35.27;35.45;34.88;1821579;64212488;6.52;0.14;0.050
20250930;35.6;35.22;35.95;35.21;2182100;77460751;7.81;-0.65;-0.230
20250929;35.5;35.45;35.78;34.55;3190600;112831676;11.42;0.14;0.050
20250926;35.3;35.4;35.89;34.94;3324801;117592014;11.9;-0.7;-0.250
20250925;36.0;35.65;36.49;35.5;4202865;150896992;15.04;-0.75;-0.270
20250924;35.77;35.92;36.72;35.53;5917160;212604554;21.18;-2.1;-0.770
20250923;38.0;36.69;38.73;36.69;5752129;213367711;20.59;-10.01;-4.080
20250922;44.85;40.77;44.96;40.77;9730400;402673233;34.82;-10.0;-4.530
20250919;43.15;45.3;47.5;42.56;13128627;598256063;46.99;4.4;1.910
20250918;42.5;43.39;45.84;42.41;8277538;365701245;29.62;2.09;0.890
20250917;42.7;42.5;43.23;42.5;2854879;122361744;10.22;-0.96;-0.410
20250916;43.12;42.91;43.18;42.5;3075815;131586181;11.01;-0.92;-0.400
20250915;43.98;43.31;44.3;43.3;2774574;121344181;9.93;-1.37;-0.600
20250912;43.88;43.91;44.21;43.26;4100000;179067420;14.67;0.0;0.000
20250911;44.0;43.91;44.4;43.03;5488411;238523623;19.64;-0.2;-0.090
20250910;42.19;44.0;44.1;42.03;6067557;262214746;21.72;4.64;1.950
20250909;42.07;42.05;42.96;41.92;3078076;130290033;11.02;-0.83;-0.350
20250908;42.5;42.4;43.05;42.07;3316200;141038269;11.87;-1.56;-0.670
20250905;41.61;43.07;43.17;41.47;4296050;182539890;15.38;3.29;1.370
20250904;41.9;41.7;42.5;41.06;3712500;155515557;13.29;-0.97;-0.410
20250903;42.98;42.11;43.68;42.03;3769438;161905028;13.49;-1.89;-0.810
20250902;43.18;42.92;43.46;41.92;4978100;212695532;17.82;0.0;0.000
20250901;42.88;42.92;43.47;41.9;4394422;187947378;15.73;-2.01;-0.880
20250829;45.52;43.8;46.07;43.8;4714854;210177639;16.87;-3.14;-1.420
20250828;44.65;45.22;45.23;43.62;5046689;223734228;18.06;-0.26;-0.120
20250827;44.44;45.34;45.59;44.23;7031467;317431697;25.16;1.18;0.530
20250826;44.9;44.81;44.9;43.52;5688952;250893312;20.36;-0.42;-0.190
20250825;45.88;45.0;45.99;44.7;5410369;244133764;19.36;-1.14;-0.520
20250822;46.0;45.52;46.7;45.51;4928660;226031245;17.64;-2.55;-1.190
20250821;46.5;46.71;47.38;45.28;6877337;315878287;24.61;-1.14;-0.540
20250820;51.05;47.25;51.07;47.25;8107456;389170648;29.02;-10.0;-5.250
20250819;55.84;52.5;56.9;52.36;7679381;413925212;27.48;-5.98;-3.340
20250818;56.0;55.84;57.8;53.95;7995428;444246698;28.61;-0.94;-0.530
20250815;55.53;56.37;58.2;55.0;9798388;554203968;35.07;-5.1;-3.030
20250814;52.6;59.4;59.4;51.01;10699279;606180961;38.29;10.0;5.400
20250813;51.69;54.0;54.67;51.1;7825292;414074188;28.01;5.99;3.050
20250812;53.52;50.95;54.09;50.7;6602770;344586734;23.63;-5.82;-3.150
20250811;55.68;54.1;56.5;53.74;7700882;420123956;27.56;-4.35;-2.460
20250808;51.88;56.56;57.75;50.35;10478477;568691942;37.5;7.57;3.980
20250807;53.21;52.58;54.49;49.55;9095893;476685542;32.55;2.1;1.080
20250806;56.0;51.5;57.0;51.48;9740631;520305322;34.86;-9.97;-5.700
20250805;61.2;57.2;61.8;54.22;8966275;518625013;32.09;-4.83;-2.900
20250804;59.0;60.1;61.4;56.0;9223757;545412872;33.01;4.58;2.630
20250801;52.2;57.47;59.96;52.12;12542056;699892830;44.89;4.76;2.610
20250731;52.0;54.86;54.86;52.0;8238526;443223785;29.48;10.01;4.990
20250730;46.0;49.87;49.87;46.0;13298017;636018092;47.59;9.99;4.530
20250729;42.45;45.34;45.34;40.57;13348100;587967457;47.77;10.0;4.120
20250728;40.0;41.22;41.22;39.03;12870188;524754026;46.06;10.01;3.750
20250725;40.0;37.47;42.05;36.48;15055698;600214724;53.88;-1.99;-0.760
20250724;34.75;38.23;38.23;34.75;8339352;310545300;29.85;10.01;3.480
20250723;34.34;34.75;34.75;33.33;18095181;622766782;64.76;10.0;3.160
20250722;30.08;31.59;31.59;29.53;9165326;281476051;32.8;9.99;2.870
20250721;26.99;28.72;28.72;26.7;13342274;370118124;47.75;10.0;2.610
20250718;25.8;26.11;26.17;25.65;3582466;93052943;12.82;1.36;0.350
20250717;25.65;25.76;25.85;25.62;1968700;50628076;7.05;-0.23;-0.060
20250716;25.85;25.82;25.92;25.54;2181400;56262698;7.81;0.43;0.110
20250715;26.31;25.71;26.34;25.5;3188829;82223121;11.41;-2.28;-0.600
20250714;26.16;26.31;26.36;25.8;3446663;90194468;12.34;1.23;0.320
20250711;25.78;25.99;26.02;25.54;3344338;86504143;11.97;0.81;0.210
20250710;25.87;25.78;26.04;25.38;4022589;103021437;14.4;-0.54;-0.140
20250709;26.05;25.92;26.46;25.82;4464189;116572138;15.98;-1.41;-0.370
20250708;26.12;26.29;26.34;25.68;5273601;137499326;18.87;0.69;0.180
20250707;25.81;26.11;26.38;25.58;5731329;149241622;20.51;1.16;0.300
20250704;26.5;25.81;26.58;25.72;7469829;193826151;26.73;-4.05;-1.090
20250703;27.5;26.9;27.98;26.18;14293566;381047960;51.16;-3.1;-0.860
20250702;25.66;27.76;27.76;25.19;15276528;417405481;54.67;9.98;2.520
20250701;25.25;25.24;25.32;25.03;2026500;51025243;7.25;0.2;0.050
20250630;25.19;25.19;25.32;25.02;2099817;52807602;7.52;-0.08;-0.020
20250627;24.62;25.21;25.3;24.5;3407551;85041738;12.2;2.44;0.600
20250626;24.7;24.61;24.73;24.45;1683305;41350160;6.02;-0.32;-0.080
20250625;24.81;24.69;24.93;24.55;1793600;44347654;6.42;-0.4;-0.100
20250624;23.89;24.79;24.89;23.89;2736400;67565523;9.79;3.77;0.900
20250623;23.25;23.89;23.93;23.18;1187400;28168893;4.25;1.44;0.340
20250620;23.99;23.55;24.2;23.42;1674500;39690101;5.99;-1.83;-0.440
20250619;24.91;23.99;25.13;23.94;2540500;62029716;9.09;-4.54;-1.140
20250618;24.44;25.13;25.15;24.11;3187200;78912769;11.41;2.82;0.690
20250617;24.81;24.44;24.84;24.27;1452200;35467888;5.2;-0.81;-0.200
20250616;24.59;24.9;25.11;24.41;1668100;41542648;5.97;1.01;0.250
20250613;25.36;24.65;25.4;24.49;2632000;65444927;9.42;-3.07;-0.780
20250612;25.33;25.43;25.7;25.1;2657400;67528554;9.51;0.36;0.090
20250611;25.48;25.34;25.59;25.26;2421300;61594600;8.67;-0.78;-0.200
20250610;25.65;25.54;25.76;24.82;4048540;102576980;14.49;-0.51;-0.130
20250609;25.7;25.67;25.94;25.54;3768717;96799300;13.49;-0.31;-0.080
20250606;25.05;25.75;25.99;24.7;5987177;153169449;21.43;2.18;0.550
20250605;24.79;25.2;25.4;24.55;3248500;81398213;11.63;1.82;0.450
20250604;24.77;24.75;25.04;24.63;1965600;48750527;7.03;-0.08;-0.020
20250603;24.78;24.77;25.05;24.56;1941600;48078180;6.95;0.0;0.000
20250530;25.22;24.77;25.39;24.53;2965600;73741459;10.61;-2.36;-0.600
20250529;25.57;25.37;25.79;25.18;3970700;101096565;14.21;-0.7;-0.180
20250528;25.33;25.55;25.82;25.19;4463300;114016124;15.97;0.43;0.110
20250527;24.99;25.44;25.92;24.99;4209900;106961690;15.07;1.64;0.410
20250526;24.56;25.03;25.43;24.25;2945700;73341240;10.54;2.62;0.640
20250523;24.65;24.39;25.09;24.31;2810100;69451208;10.06;-1.09;-0.270
20250522;24.91;24.66;25.66;24.66;3293126;82840315;11.79;-1.4;-0.350
20250521;25.12;25.01;25.23;24.84;2059600;51600512;7.37;-0.95;-0.240
20250520;25.35;25.25;25.35;25.03;2382286;60117216;8.53;-0.28;-0.070
20250519;24.97;25.32;25.33;24.7;2610100;65404821;9.34;0.56;0.140
20250516;25.03;25.18;25.68;25.01;2846500;72182472;10.19;-0.63;-0.160
20250515;25.7;25.34;25.75;25.08;4270186;108196794;15.28;-2.84;-0.740
20250514;25.58;26.08;26.54;25.32;6611500;170341884;23.66;1.32;0.340
20250513;26.23;25.74;26.64;25.7;6569100;171398979;23.51;-1.83;-0.480
20250512;25.28;26.22;26.24;25.0;8439300;217601206;30.2;4.63;1.160
20250509;25.45;25.06;25.6;24.8;3772500;94437635;13.5;-1.14;-0.290
20250508;25.36;25.35;25.68;25.07;5087549;129307613;18.21;-0.24;-0.060
20250507;25.87;25.41;25.97;25.13;9433449;240260603;33.76;-1.7;-0.440
20250506;24.52;25.85;26.97;24.52;11739763;303695862;42.02;5.42;1.330
20250430;23.9;24.52;25.5;23.42;9730386;236566257;34.82;2.59;0.620
20250429;23.03;23.9;24.46;23.03;10214226;243530545;36.56;-6.6;-1.690
20250428;27.35;25.59;27.35;24.11;14747226;383605868;52.78;2.94;0.730
20250425;22.65;24.86;24.86;22.47;6442163;155192319;23.06;10.0;2.260
20250424;23.0;22.6;23.0;22.41;1677305;38036653;6.0;-1.91;-0.440
20250423;22.77;23.04;23.18;22.56;2549400;58646201;9.12;2.08;0.470
20250422;22.37;22.57;22.62;22.22;1431700;32104514;5.12;0.8;0.180
20250421;22.19;22.39;22.46;21.98;1203000;26848678;4.31;0.9;0.200
20250418;22.34;22.19;22.56;21.97;1972800;43807138;7.06;-0.67;-0.150
20250417;22.07;22.34;22.57;22.05;1947952;43702872;6.97;0.63;0.140
20250416;23.09;22.2;23.09;22.09;2762100;62050319;9.89;-3.77;-0.870
20250415;22.58;23.07;23.19;22.21;3133700;71275531;11.22;2.17;0.490
20250414;22.1;22.58;22.67;22.1;2286700;51444448;8.18;2.59;0.570
20250411;21.5;22.01;22.29;21.4;2451600;54006568;8.77;1.15;0.250
20250410;21.48;21.76;22.15;21.48;3351326;73267403;11.99;2.54;0.540
20250409;20.2;21.22;21.38;18.7;4253463;86637597;15.22;3.92;0.800
20250408;20.74;20.42;21.16;20.02;4375600;89819529;15.66;-3.54;-0.750
20250407;22.0;21.17;22.22;21.17;3074200;65605095;11.0;-9.99;-2.350
20250403;23.63;23.52;23.92;23.29;3060416;72156611;10.95;-1.63;-0.390
20250402;23.66;23.91;24.25;23.53;3794577;90890166;13.58;0.34;0.080
20250401;23.45;23.83;24.15;23.45;4089368;97595843;14.64;0.76;0.180
20250331;24.26;23.65;24.52;23.2;5208050;123086353;18.64;-1.0;-0.240
20250328;24.66;23.89;25.03;23.72;7317083;177016507;26.19;-5.12;-1.290
20250327;26.8;25.18;27.66;25.1;9860285;254364180;35.29;-6.39;-1.720
20250326;26.05;26.9;27.88;25.8;12193243;325127421;43.64;-2.96;-0.820
20250325;30.0;27.72;32.33;27.72;17493693;517676859;62.61;-10.0;-3.080
20250324;30.78;30.8;30.8;29.81;5773341;177117568;20.66;10.0;2.800
20250321;24.96;28.0;28.0;24.72;9215656;249020109;32.98;10.02;2.550
20250320;26.5;25.45;27.95;25.01;10492826;276671224;37.55;0.16;0.040
20250319;25.11;25.41;25.47;24.7;4160200;104490989;14.89;0.04;0.010
20250318;24.52;25.4;25.4;24.33;5608163;140176482;20.07;3.42;0.840
20250317;24.25;24.56;24.98;24.11;3172961;78117503;11.36;1.91;0.460
20250314;24.0;24.1;24.42;23.62;2245000;53859220;8.03;1.56;0.370
20250313;23.8;23.73;23.93;23.3;1808500;42721839;6.47;-0.5;-0.120
20250312;24.25;23.85;24.4;23.81;1981100;47403297;7.09;-1.16;-0.280
20250311;24.19;24.13;24.54;23.92;2270863;54811101;8.13;-1.23;-0.300
20250310;24.33;24.43;24.98;24.18;2910858;71322343;10.42;0.58;0.140
20250307;24.12;24.29;24.58;24.05;2919052;70902106;10.45;0.12;0.030
20250306;24.3;24.26;24.44;23.96;3881458;94053936;13.89;-0.86;-0.210
20250305;23.42;24.47;24.58;23.42;4769778;115466157;17.07;4.48;1.050
20250304;23.25;23.42;23.75;23.16;2885400;67604593;10.33;-1.26;-0.300
20250303;23.16;23.72;24.38;23.09;3428078;81846976;12.27;1.76;0.410
20250228;23.9;23.31;24.3;23.29;2835383;67144414;10.15;-2.47;-0.590
20250227;24.31;23.9;24.49;23.5;3052671;72934765;10.93;-1.57;-0.380
20250226;24.22;24.28;24.55;24.1;3134194;76190510;11.22;-0.53;-0.130
20250225;25.15;24.41;25.15;24.39;4889732;120900704;17.5;-4.76;-1.220
20250224;24.5;25.63;26.38;24.16;6789000;171870465;24.3;3.47;0.860
20250221;24.55;24.77;24.85;24.0;5408200;131736583;19.36;-0.16;-0.040
20250220;24.85;24.81;25.48;24.28;5931000;147574441;21.23;-1.55;-0.390
20250219;24.0;25.2;25.35;24.0;8228926;204458982;29.45;4.3;1.040
20250218;23.38;24.16;25.8;23.07;7897326;191898033;28.26;1.6;0.380
20250217;22.88;23.78;24.05;22.51;5914626;137332854;21.17;1.45;0.340
20250214;23.21;23.44;25.41;23.12;6087284;145289914;21.79;1.47;0.340
20250213;23.5;23.1;23.97;23.03;5244494;123630616;18.77;-0.39;-0.090
20250212;23.12;23.19;23.63;22.87;4027721;93278285;14.41;-0.39;-0.090
20250211;22.97;23.28;23.29;22.71;4969590;114319686;17.79;1.35;0.310
20250210;23.2;22.97;23.2;22.76;5580426;127773484;19.97;-1.96;-0.460
20250207;24.37;23.43;24.37;23.3;10342479;243539938;37.01;-3.86;-0.940
20250206;22.01;24.37;24.37;22.01;9480452;224242815;33.93;10.02;2.220
20250205;21.91;22.15;22.52;21.56;2323963;50993004;8.32;1.42;0.310
20250127;21.7;21.84;22.02;21.57;1609200;35179108;5.76;0.65;0.140
20250124;21.22;21.7;21.71;21.16;1817300;39189000;6.5;2.26;0.480
20250123;21.58;21.22;21.83;21.22;1166100;25127855;4.17;-0.61;-0.130
20250122;21.58;21.35;21.64;21.33;965200;20698008;3.45;-1.39;-0.300
20250121;21.85;21.65;21.85;21.45;1599800;34544177;5.73;-0.51;-0.110
20250120;21.33;21.76;21.8;21.11;2230005;48099882;7.98;2.11;0.450
20250117;21.11;21.31;21.68;21.07;2401100;51435187;8.59;0.24;0.050
20250116;20.8;21.26;21.65;20.8;3055100;64918984;10.93;-1.16;-0.250
20250115;22.0;21.51;22.05;21.2;4252911;91679178;15.22;-2.23;-0.490
20250114;20.05;22.0;22.0;20.05;4118419;88326709;14.74;10.0;2.000
20250113;19.72;20.0;20.2;19.47;618600;12294633;2.21;0.0;0.000
20250110;20.41;20.0;20.63;19.97;612907;12421744;2.19;-1.72;-0.350
20250109;20.2;20.35;20.48;20.04;481926;9814949;1.72;0.0;0.000
20250108;20.37;20.35;20.45;19.85;728900;14720097;2.61;-0.15;-0.030
20250107;19.82;20.38;20.4;19.74;766110;15426356;2.74;2.62;0.520
20250106;19.65;19.86;20.04;19.21;717600;14132595;2.57;1.22;0.240
20250103;20.38;19.62;20.49;19.58;1074400;21424482;3.85;-3.73;-0.760
20250102;20.9;20.38;21.15;20.25;1257426;25958959;4.5;-2.39;-0.500