20251022;15.27;15.46;15.56;15.27;2141900;33051077;1.26;0.85;0.130
20251021;15.16;15.33;15.33;15.16;1379902;21072874;0.81;1.19;0.180
20251020;15.16;15.15;15.23;15.08;1136100;17203727;0.67;0.53;0.080
20251017;15.33;15.07;15.38;15.03;2474232;37580246;1.46;-2.02;-0.310
20251016;15.38;15.38;15.48;15.29;1383100;21259132;0.81;-0.32;-0.050
20251015;15.25;15.43;15.48;15.24;1947800;29989460;1.15;1.18;0.180
20251014;15.27;15.25;15.37;15.22;1697927;25966770;1.0;-0.33;-0.050
20251013;15.02;15.3;15.34;15.0;2200600;33472059;1.29;-1.1;-0.170
20251010;15.38;15.47;15.64;15.3;2639121;40827458;1.55;0.39;0.060
20251009;15.41;15.41;15.5;15.33;2412910;37146330;1.42;-0.06;-0.010
20250930;15.25;15.42;15.61;15.21;3705600;56917367;2.18;0.33;0.050
20250929;15.36;15.37;15.4;15.19;2467800;37742474;1.45;0.07;0.010
20250926;15.42;15.36;15.52;15.32;1799800;27734161;1.06;-0.84;-0.130
20250925;15.6;15.49;15.78;15.45;2170101;33764606;1.28;0.13;0.020
20250924;15.69;15.47;15.7;15.39;2681705;41517889;1.58;-1.34;-0.210
20250923;15.72;15.68;15.91;15.28;5876050;91345095;3.46;-1.38;-0.220
20250922;15.67;15.9;15.9;15.52;8482921;134409584;4.99;5.02;0.760
20250919;15.12;15.14;15.22;15.03;1447200;21839642;0.85;-0.13;-0.020
20250918;15.41;15.16;15.45;15.1;2322800;35465737;1.37;-1.81;-0.280
20250917;15.4;15.44;15.46;15.33;1050501;16189325;0.62;0.19;0.030
20250916;15.36;15.41;15.44;15.26;1605127;24608143;0.94;0.39;0.060
20250915;15.54;15.35;15.61;15.32;1906200;29437782;1.12;-1.35;-0.210
20250912;15.46;15.56;15.81;15.43;3152858;49180712;1.85;0.26;0.040
20250911;15.58;15.52;15.58;15.31;1946959;30034647;1.15;-0.13;-0.020
20250910;15.44;15.54;15.59;15.39;1829759;28332906;1.08;0.45;0.070
20250909;15.43;15.47;15.62;15.34;1903600;29462582;1.12;0.0;0.000
20250908;15.37;15.47;15.49;15.37;1599108;24659471;0.94;0.39;0.060
20250905;15.34;15.41;15.43;15.22;1606900;24660077;0.95;0.78;0.120
20250904;15.0;15.29;15.68;14.98;3647679;55894080;2.15;1.93;0.290
20250903;15.29;15.0;15.41;14.98;2670800;40685971;1.57;-1.96;-0.300
20250902;15.5;15.3;15.51;15.06;2533500;38560213;1.49;-1.29;-0.200
20250901;15.43;15.5;15.58;15.36;1893800;29318455;1.11;0.45;0.070
20250829;15.47;15.43;15.5;15.3;2472900;38057624;1.45;-0.06;-0.010
20250828;15.7;15.44;15.76;15.13;6182100;95662221;3.64;-3.08;-0.490
20250827;16.3;15.93;16.31;15.93;3339401;53858204;1.96;-2.03;-0.330
20250826;16.2;16.26;16.36;16.14;2893763;47114622;1.7;0.37;0.060
20250825;16.08;16.2;16.22;16.06;3616702;58321373;2.13;0.75;0.120
20250822;16.09;16.08;16.15;16.02;2016400;32410810;1.19;-0.37;-0.060
20250821;16.08;16.14;16.25;16.01;2370300;38298520;1.39;0.25;0.040
20250820;16.1;16.1;16.1;15.95;2119000;33980755;1.25;0.0;0.000
20250819;16.17;16.1;16.22;16.06;2368500;38177412;1.39;-0.37;-0.060
20250818;16.07;16.16;16.17;16.07;2819000;45487778;1.66;0.25;0.040
20250815;15.9;16.12;16.18;15.9;1993400;32057226;1.17;1.26;0.200
20250814;16.11;15.92;16.16;15.91;2342001;37561390;1.38;-1.49;-0.240
20250813;16.14;16.16;16.25;16.08;1746200;28224050;1.03;0.37;0.060
20250812;16.22;16.1;16.25;16.04;1768400;28488157;1.04;-0.68;-0.110
20250811;15.91;16.21;16.35;15.86;3445701;55861470;2.03;1.82;0.290
20250808;15.87;15.92;15.95;15.74;2019400;31953340;1.19;0.25;0.040
20250807;15.88;15.88;16.06;15.82;2105052;33517642;1.24;-0.06;-0.010
20250806;15.91;15.89;15.97;15.82;1369600;21751731;0.81;-0.31;-0.050
20250805;15.95;15.94;15.99;15.87;1492400;23777724;0.88;0.31;0.050
20250804;15.78;15.89;15.93;15.68;1377100;21825746;0.81;0.44;0.070
20250801;15.77;15.82;16.0;15.74;1809300;28672777;1.06;0.57;0.090
20250731;16.1;15.73;16.1;15.7;3405400;54010593;2.0;-2.3;-0.370
20250730;16.23;16.1;16.33;16.07;1590100;25712509;0.94;-0.56;-0.090
20250729;16.28;16.19;16.36;16.12;1353800;21929563;0.8;-1.1;-0.180
20250728;16.43;16.37;16.5;16.24;2569500;41929329;1.51;-0.49;-0.080
20250725;16.56;16.45;16.66;16.41;2692410;44413970;1.58;0.06;0.010
20250724;17.04;17.03;17.13;16.94;2977700;50711286;1.75;0.35;0.060
20250723;16.94;16.97;17.03;16.85;2027001;34353904;1.19;0.24;0.040
20250722;16.82;16.93;17.09;16.78;2749001;46502759;1.62;0.42;0.070
20250721;16.8;16.86;16.93;16.77;2389500;40259735;1.41;0.96;0.160
20250718;16.74;16.7;16.86;16.6;2196336;36683887;1.29;-0.36;-0.060
20250717;16.81;16.76;16.86;16.71;2088100;35010324;1.23;-0.24;-0.040
20250716;16.92;16.8;17.05;16.73;2865200;48316351;1.69;-1.23;-0.210
20250715;16.6;17.01;17.1;16.55;4833900;81296594;2.84;2.16;0.360
20250714;16.55;16.65;16.81;16.45;2607600;43347984;1.53;1.09;0.180
20250711;16.43;16.47;16.68;16.43;1993000;32994710;1.17;-0.06;-0.010
20250710;16.45;16.48;16.53;16.39;2315500;38091188;1.36;-0.12;-0.020
20250709;16.45;16.5;16.69;16.45;2787101;46107974;1.64;-0.06;-0.010
20250708;16.4;16.51;16.56;16.26;3620401;59326520;2.13;0.79;0.130
20250707;16.88;16.38;16.99;16.38;7931000;131868940;4.67;-2.21;-0.370
20250704;15.9;16.75;16.75;15.81;9825301;162122320;5.78;5.02;0.800
20250703;15.87;15.95;15.98;15.82;1615400;25706050;0.95;0.44;0.070
20250702;15.88;15.88;15.97;15.76;1485900;23569119;0.87;-0.25;-0.040
20250701;15.9;15.92;16.01;15.81;2016601;32079002;1.19;0.06;0.010
20250630;15.84;15.91;16.15;15.8;4049900;64609659;2.38;1.47;0.230
20250627;15.7;15.68;15.76;15.56;2085611;32638326;1.23;-0.06;-0.010
20250626;15.59;15.69;15.84;15.59;2381808;37448982;1.4;0.13;0.020
20250625;15.59;15.67;15.69;15.56;1494800;23347254;0.88;0.51;0.080
20250624;15.27;15.59;15.75;15.26;2374000;36827043;1.4;2.03;0.310
20250623;15.16;15.28;15.3;15.1;1567500;23856331;0.92;0.53;0.080
20250620;15.28;15.2;15.45;15.1;2019908;30827007;1.19;-0.13;-0.020
20250619;15.35;15.22;15.42;15.15;1488000;22751971;0.88;-0.85;-0.130
20250618;15.37;15.35;15.48;15.28;1154000;17725293;0.68;-0.32;-0.050
20250617;15.45;15.4;15.53;15.35;1422900;21927030;0.84;-0.45;-0.070
20250616;15.35;15.47;15.61;15.3;1449610;22459091;0.85;0.0;0.000
20250613;15.65;15.47;15.7;15.37;2153400;33398952;1.27;-1.78;-0.280
20250612;15.62;15.75;15.8;15.6;1657100;26039904;0.97;0.45;0.070
20250611;15.51;15.68;15.91;15.51;2139900;33712498;1.26;0.77;0.120
20250610;15.7;15.56;15.7;15.35;1845011;28650999;1.09;-0.83;-0.130
20250609;15.62;15.69;15.75;15.61;1359400;21289218;0.8;0.26;0.040
20250606;15.62;15.65;15.76;15.58;1924711;30153844;1.13;0.32;0.050
20250605;15.71;15.6;15.76;15.54;2314200;36174054;1.36;-1.2;-0.190
20250604;15.25;15.79;15.96;15.2;6298600;99405645;3.71;3.88;0.590
20250603;15.01;15.2;15.24;15.0;1643601;24881043;0.97;0.86;0.130
20250530;15.12;15.07;15.15;14.95;2020400;30349590;1.19;-1.18;-0.180
20250529;15.01;15.25;15.34;15.01;1232800;18754337;0.73;1.26;0.190
20250528;15.08;15.06;15.18;15.02;1012501;15285236;0.6;0.2;0.030
20250527;15.21;15.03;15.29;14.98;1788301;26975381;1.05;-1.31;-0.200
20250526;15.2;15.23;15.38;15.15;1886401;28776574;1.11;0.07;0.010
20250523;15.59;15.22;15.62;15.2;2004500;30967271;1.18;-2.12;-0.330
20250522;15.52;15.55;15.73;15.45;2366100;36834862;1.39;0.19;0.030
20250521;15.51;15.52;15.57;15.38;1538900;23785798;0.91;-0.06;-0.010
20250520;15.5;15.53;15.6;15.47;1611100;25020943;0.95;0.06;0.010
20250519;15.43;15.52;15.6;15.33;1470800;22804347;0.87;0.71;0.110
20250516;15.37;15.41;15.57;15.31;1934700;29836884;1.14;0.46;0.070
20250515;15.43;15.34;15.49;15.25;1462900;22470895;0.86;-0.07;-0.010
20250514;15.37;15.35;15.4;15.23;1207100;18483043;0.71;0.07;0.010
20250513;15.6;15.34;15.6;15.27;2061500;31662034;1.21;-1.1;-0.170
20250512;15.31;15.51;15.63;15.2;3043335;46847792;1.79;1.7;0.260
20250509;15.21;15.25;15.32;15.06;1744500;26452467;1.03;-0.13;-0.020
20250508;15.01;15.27;15.34;15.0;1862701;28323707;1.1;1.26;0.190
20250507;15.22;15.08;15.25;14.95;1620500;24494781;0.95;-0.4;-0.060
20250506;15.02;15.14;15.26;14.97;1604010;24291605;0.94;1.27;0.190
20250430;14.73;14.95;15.08;14.72;1487400;22244470;0.87;1.49;0.220
20250429;14.99;14.73;15.13;14.71;2492900;37147475;1.47;-1.93;-0.290
20250428;15.35;15.02;15.38;14.96;1747600;26394439;1.03;-2.47;-0.380
20250425;15.25;15.4;15.42;15.15;1355502;20805126;0.8;0.85;0.130
20250424;15.2;15.27;15.52;15.1;1572698;24058547;0.93;0.0;0.000
20250423;15.23;15.27;15.27;15.11;1062800;16160007;0.63;0.73;0.110
20250422;15.14;15.16;15.27;15.11;1250410;18992080;0.74;0.13;0.020
20250421;15.01;15.14;15.14;14.83;971610;14615847;0.57;0.93;0.140
20250418;14.91;15.0;15.08;14.87;887600;13288716;0.52;0.07;0.010
20250417;14.8;14.99;15.25;14.8;1542400;23249312;0.91;0.33;0.050
20250416;15.06;14.94;15.14;14.75;1886400;28179387;1.11;-0.53;-0.080
20250415;14.88;15.02;15.37;14.78;2431101;36703037;1.43;1.28;0.190
20250414;14.98;14.83;15.09;14.77;2561180;38092410;1.51;-0.07;-0.010
20250411;14.02;14.84;14.84;14.02;3513196;50957309;2.07;5.02;0.710
20250410;14.11;14.13;14.28;14.05;2782612;39413232;1.64;1.58;0.220
20250409;13.61;13.91;14.0;13.28;4575801;62207799;2.69;-0.5;-0.070
20250408;13.98;13.98;14.18;13.98;3715400;51958955;2.19;-5.03;-0.740
20250407;14.72;14.72;14.72;14.72;880800;12965376;0.52;-4.97;-0.770
20250403;15.49;15.49;15.54;15.33;1674700;25866708;0.99;-0.45;-0.070
20250402;15.52;15.56;15.76;15.48;1059900;16570799;0.62;0.32;0.050
20250401;15.44;15.51;15.65;15.44;1429726;22215406;0.84;0.58;0.090
20250331;15.47;15.42;15.56;15.25;2924202;45042968;1.72;-1.41;-0.220
20250328;15.9;15.64;15.98;15.62;2152380;33891992;1.27;-1.76;-0.280
20250327;16.06;15.92;16.16;15.86;1494100;23852454;0.88;-1.42;-0.230
20250326;15.83;16.15;16.29;15.83;1906075;30749948;1.12;1.51;0.240
20250325;15.94;15.91;16.05;15.76;1576470;25058563;0.93;0.06;0.010
20250324;16.56;15.9;16.65;15.79;3392900;54597153;2.0;-4.33;-0.720
20250321;16.7;16.62;16.83;16.5;2596200;43160041;1.53;-1.25;-0.210
20250320;16.64;16.83;16.94;16.59;2290750;38564169;1.35;1.02;0.170
20250319;16.81;16.66;16.81;16.58;1452800;24227913;0.85;-0.66;-0.110
20250318;16.85;16.77;16.89;16.68;1940501;32490928;1.14;-0.3;-0.050
20250317;16.84;16.82;16.98;16.77;2543900;42933304;1.5;0.6;0.100
20250314;16.5;16.72;16.74;16.46;2773201;46017425;1.63;1.03;0.170
20250313;16.61;16.55;16.79;16.4;2316974;38345684;1.36;-0.48;-0.080
20250312;16.3;16.63;16.85;16.23;3426761;56709271;2.02;2.15;0.350
20250311;16.27;16.28;16.31;16.11;1533700;24873015;0.9;-0.49;-0.080
20250310;16.26;16.36;16.61;16.26;2134574;35092517;1.26;0.25;0.040
20250307;16.32;16.32;16.4;16.2;1629100;26540454;0.96;-0.12;-0.020
20250306;16.28;16.34;16.37;16.25;2141805;34940150;1.26;0.37;0.060
20250305;16.38;16.28;16.45;16.15;1271100;20632944;0.75;-0.49;-0.080
20250304;16.16;16.36;16.47;16.02;1887700;30828785;1.11;1.18;0.190
20250303;16.01;16.17;16.47;15.99;2212100;35885564;1.3;0.87;0.140
20250228;16.22;16.03;16.37;15.98;3788273;61102966;2.23;-2.49;-0.410
20250227;16.6;16.44;16.69;16.22;3063027;50280175;1.8;-1.44;-0.240
20250226;16.81;16.68;16.94;16.59;2421432;40613949;1.42;-0.95;-0.160
20250225;16.8;16.84;17.07;16.7;2497500;42220488;1.47;-0.06;-0.010
20250224;16.82;16.85;16.95;16.73;1857745;31278970;1.09;0.24;0.040
20250221;16.81;16.81;16.92;16.65;2122900;35606011;1.25;-0.24;-0.040
20250220;16.8;16.85;17.03;16.5;2138101;35802425;1.26;1.02;0.170
20250219;16.46;16.68;16.75;16.42;1662450;27609932;0.98;1.58;0.260
20250218;16.81;16.42;17.0;16.4;2415200;40286844;1.42;-2.73;-0.460
20250217;16.62;16.88;17.33;16.6;3132711;53055509;1.84;1.2;0.200
20250214;16.73;16.68;16.97;16.53;2228300;37320467;1.31;-0.36;-0.060
20250213;17.04;16.74;17.16;16.71;4289751;72376785;2.52;0.0;0.000
20250212;15.92;16.74;16.74;15.92;2306600;38046224;1.36;5.02;0.800
20250211;16.17;15.94;16.2;15.81;2999083;47920306;1.76;-1.6;-0.260
20250210;16.19;16.2;16.33;16.09;2315000;37462755;1.36;0.68;0.110
20250207;15.93;16.09;16.18;15.88;2544142;40882330;1.5;1.0;0.160
20250206;15.76;15.93;15.94;15.62;1261100;19935036;0.74;1.01;0.160
20250205;15.85;15.77;15.96;15.75;1582727;25044606;0.93;-0.06;-0.010
20250127;15.86;15.78;16.11;15.7;2550762;40376613;1.5;-2.35;-0.380
20250124;15.93;16.16;16.21;15.93;2243400;36086151;1.32;1.51;0.240
20250123;16.5;16.24;16.55;16.22;2003600;32846547;1.18;-0.67;-0.110
20250122;16.49;16.35;16.49;16.24;1537871;25094596;0.9;-0.91;-0.150
20250121;16.36;16.5;16.5;16.29;1467471;24076904;0.86;1.1;0.180
20250120;16.39;16.32;16.48;16.24;1650800;26999597;0.97;0.49;0.080
20250117;15.96;16.24;16.3;15.92;1282300;20689612;0.75;1.31;0.210
20250116;15.91;16.03;16.26;15.91;2013400;32412715;1.18;0.75;0.120
20250115;15.85;15.91;15.96;15.75;1479400;23493214;0.87;0.38;0.060
20250114;15.43;15.85;15.87;15.4;1737100;27256491;1.02;3.26;0.500
20250113;15.18;15.35;15.53;15.1;1436700;22024956;0.85;-0.39;-0.060
20250110;15.78;15.41;15.85;15.41;1561500;24365080;0.92;-2.22;-0.350
20250109;15.88;15.76;15.96;15.73;1678800;26619788;0.99;-1.01;-0.160
20250108;15.9;15.92;16.04;15.5;2804800;44308198;1.65;0.13;0.020
20250107;15.65;15.9;15.93;15.59;2242100;35394484;1.32;1.6;0.250
20250106;15.81;15.65;15.99;15.46;3183800;49934120;1.87;-1.01;-0.160
20250103;16.32;15.81;16.43;15.65;4743550;75762195;2.79;-3.42;-0.560
20250102;16.64;16.37;16.87;16.37;5247951;86761088;3.09;-4.99;-0.860