20251022;3.41;3.46;3.49;3.4;17238500;59535179;0.91;1.47;0.050
20251021;3.27;3.41;3.41;3.26;18417459;61876605;0.97;4.6;0.150
20251020;3.25;3.26;3.28;3.19;9126800;29629296;0.48;0.62;0.020
20251017;3.28;3.24;3.31;3.24;10001600;32751656;0.53;-1.22;-0.040
20251016;3.39;3.28;3.39;3.27;11716100;38800723;0.62;-2.96;-0.100
20251015;3.39;3.38;3.43;3.37;9906959;33595024;0.52;0.0;0.000
20251014;3.32;3.38;3.45;3.31;21888600;74487980;1.15;2.11;0.070
20251013;3.26;3.31;3.32;3.2;10787620;35252952;0.57;-0.9;-0.030
20251010;3.3;3.34;3.38;3.29;10693337;35835358;0.56;0.6;0.020
20251009;3.29;3.32;3.35;3.29;9565118;31759223;0.5;0.61;0.020
20250930;3.31;3.3;3.33;3.29;6494204;21455897;0.34;-0.3;-0.010
20250929;3.36;3.31;3.36;3.25;11700900;38603749;0.62;-1.19;-0.040
20250926;3.31;3.35;3.4;3.3;11550600;38759232;0.61;1.21;0.040
20250925;3.35;3.31;3.42;3.31;12055820;40299492;0.63;-1.78;-0.060
20250924;3.25;3.37;3.38;3.24;15733357;52294286;0.83;2.43;0.080
20250923;3.35;3.29;3.37;3.19;24266100;79047042;1.28;-2.66;-0.090
20250922;3.43;3.38;3.44;3.33;15868700;53367226;0.83;-1.46;-0.050
20250919;3.54;3.43;3.58;3.39;28041000;97093846;1.47;-3.38;-0.120
20250918;3.64;3.55;3.71;3.53;36306913;131171569;1.91;-3.53;-0.130
20250917;3.76;3.68;3.77;3.59;43872880;159828235;2.31;-2.65;-0.100
20250916;3.7;3.78;3.8;3.65;54542517;203175176;2.87;3.0;0.110
20250915;3.48;3.67;3.72;3.45;48252100;173202290;2.54;5.46;0.190
20250912;3.39;3.48;3.53;3.38;29270780;101308701;1.54;2.96;0.100
20250911;3.39;3.38;3.41;3.32;15447200;51749094;0.81;0.0;0.000
20250910;3.39;3.38;3.42;3.36;9549103;32341701;0.5;0.0;0.000
20250909;3.41;3.38;3.43;3.37;9095800;30873911;0.48;-0.88;-0.030
20250908;3.41;3.41;3.44;3.37;10483800;35673702;0.55;0.29;0.010
20250905;3.43;3.4;3.43;3.36;15347700;52028561;0.81;0.0;0.000
20250904;3.33;3.4;3.48;3.31;23961400;81403583;1.26;2.41;0.080
20250903;3.48;3.32;3.51;3.32;20230100;68778003;1.06;-4.87;-0.170
20250902;3.5;3.49;3.55;3.44;10202600;35453426;0.54;-0.29;-0.010
20250901;3.48;3.5;3.53;3.43;10527300;36797069;0.55;1.16;0.040
20250829;3.52;3.46;3.55;3.44;11384733;39653045;0.6;-1.42;-0.050
20250828;3.54;3.51;3.57;3.39;21235327;74183909;1.12;-1.13;-0.040
20250827;3.65;3.55;3.66;3.55;21699800;78120801;1.14;-2.74;-0.100
20250826;3.67;3.65;3.68;3.64;12123979;44350605;0.64;-0.82;-0.030
20250825;3.63;3.68;3.72;3.61;18612622;68368304;0.98;1.1;0.040
20250822;3.66;3.64;3.66;3.61;12050700;43744059;0.63;-0.55;-0.020
20250821;3.69;3.66;3.7;3.65;11790260;43216605;0.62;0.27;0.010
20250820;3.66;3.65;3.67;3.62;15295100;55665166;0.8;-0.82;-0.030
20250819;3.68;3.68;3.69;3.62;18389200;67349734;0.97;-0.81;-0.030
20250818;3.73;3.71;3.89;3.67;32455960;122101436;1.71;2.2;0.080
20250815;3.61;3.63;3.65;3.6;14398400;52143006;0.76;0.55;0.020
20250814;3.7;3.61;3.8;3.61;29636260;110105119;1.56;-2.17;-0.080
20250813;3.76;3.69;3.79;3.68;18266400;67681074;0.96;-1.6;-0.060
20250812;3.69;3.75;3.8;3.64;28127124;104530394;1.48;1.35;0.050
20250811;3.62;3.7;3.71;3.61;21913500;80589289;1.15;2.21;0.080
20250808;3.58;3.62;3.63;3.58;16509400;59536559;0.87;0.84;0.030
20250807;3.66;3.59;3.68;3.58;17721300;63898726;0.93;-1.64;-0.060
20250806;3.64;3.65;3.66;3.55;26285400;94976765;1.38;0.55;0.020
20250805;3.62;3.63;3.65;3.6;23447800;84870630;1.23;-0.27;-0.010
20250804;3.74;3.64;3.74;3.61;30469600;110969404;1.6;-3.45;-0.130
20250801;3.74;3.77;3.79;3.7;20164600;75482324;1.06;1.07;0.040
20250731;3.85;3.73;3.93;3.71;39403600;150076100;2.07;-2.86;-0.110
20250730;3.83;3.84;4.03;3.83;47065179;183754913;2.47;-1.29;-0.050
20250729;3.77;3.89;3.91;3.68;50873400;192933053;2.68;3.18;0.120
20250728;3.78;3.77;3.81;3.73;27042100;101668522;1.42;1.07;0.040
20250725;3.83;3.73;3.9;3.72;36603300;137987822;1.92;-1.06;-0.040
20250724;3.78;3.77;3.82;3.69;43281709;163154100;2.28;-0.26;-0.010
20250723;3.98;3.78;4.03;3.76;76044879;293346388;4.0;-5.03;-0.200
20250722;4.09;3.98;4.18;3.95;133982600;541878788;7.05;1.79;0.070
20250721;3.6;3.91;3.91;3.6;59489600;224091454;3.13;10.14;0.360
20250718;3.59;3.55;3.59;3.51;22598000;80124516;1.19;-0.56;-0.020
20250717;3.61;3.57;3.65;3.56;34307703;122942065;1.8;-1.11;-0.040
20250716;3.75;3.61;3.75;3.6;55246600;201799333;2.9;-1.9;-0.070
20250715;3.65;3.68;3.82;3.65;78376260;290547301;4.12;-2.65;-0.100
20250714;3.83;3.78;4.0;3.7;83150739;319323594;4.37;-3.08;-0.120
20250711;4.0;3.9;4.18;3.85;144927329;580120343;7.62;2.36;0.090
20250710;3.47;3.81;3.81;3.46;77063623;284155551;4.05;10.12;0.350
20250709;3.44;3.46;3.48;3.42;15995036;55169436;0.84;0.29;0.010
20250708;3.41;3.45;3.47;3.41;13881100;47673039;0.73;0.58;0.020
20250707;3.35;3.43;3.44;3.32;22968544;77956785;1.21;2.69;0.090
20250704;3.38;3.34;3.38;3.32;15917420;53260983;0.84;-1.18;-0.040
20250703;3.38;3.38;3.41;3.36;16148230;54637636;0.85;0.3;0.010
20250702;3.36;3.37;3.41;3.32;14949000;50407004;0.79;0.0;0.000
20250701;3.34;3.37;3.4;3.32;15563600;52262109;0.82;1.2;0.040
20250630;3.35;3.33;3.37;3.3;14700700;48964252;0.77;-0.6;-0.020
20250627;3.33;3.35;3.41;3.33;21809120;73269557;1.15;0.9;0.030
20250626;3.29;3.32;3.35;3.28;24101400;79920839;1.27;-0.6;-0.020
20250625;3.35;3.34;3.48;3.3;38586800;129892275;2.03;1.21;0.040
20250624;3.19;3.3;3.32;3.17;30117800;98130483;1.58;3.77;0.120
20250623;3.16;3.18;3.19;3.1;24768000;77602226;1.3;0.0;0.000
20250620;3.21;3.18;3.26;3.17;18322400;58859240;0.96;-1.24;-0.040
20250619;3.29;3.22;3.29;3.19;26043000;84130740;1.37;-1.53;-0.050
20250618;3.33;3.27;3.36;3.25;25918800;85107798;1.36;-3.82;-0.130
20250617;3.29;3.4;3.55;3.24;48537500;164505642;2.55;3.34;0.110
20250616;3.22;3.29;3.37;3.21;27081400;89037881;1.42;1.86;0.060
20250613;3.29;3.23;3.33;3.21;29951900;97499130;1.57;-2.71;-0.090
20250612;3.33;3.32;3.4;3.3;32285300;107707995;1.7;-1.48;-0.050
20250611;3.31;3.37;3.38;3.28;49357800;164414394;2.6;1.51;0.050
20250610;3.43;3.32;3.46;3.27;73343900;245349267;3.86;-4.32;-0.150
20250609;3.6;3.47;3.61;3.41;115924974;404754111;6.1;-5.45;-0.200
20250606;3.3;3.67;3.67;3.21;127888979;455974501;6.72;9.88;0.330
20250605;3.45;3.34;3.51;3.34;62148043;215614186;3.27;4.7;0.150
20250604;2.91;3.19;3.19;2.89;50752241;156112737;2.67;10.0;0.290
20250603;2.9;2.9;2.94;2.88;11803900;34250361;0.62;-0.34;-0.010
20250530;2.95;2.91;2.95;2.9;10744100;31340424;0.56;-1.36;-0.040
20250529;2.91;2.95;2.96;2.89;11918400;35051649;0.63;1.72;0.050
20250528;2.92;2.9;2.94;2.89;11250900;32710509;0.59;-1.02;-0.030
20250527;2.92;2.93;2.95;2.9;12145000;35458632;0.64;-0.68;-0.020
20250526;2.9;2.95;2.95;2.88;14592400;42687021;0.77;1.37;0.040
20250523;3.04;2.91;3.05;2.9;34778300;103311233;1.83;-5.83;-0.180
20250522;3.0;3.09;3.17;2.98;39883100;121788584;2.1;2.32;0.070
20250521;3.05;3.02;3.08;3.01;23713000;72006101;1.25;-1.31;-0.040
20250520;3.08;3.06;3.1;3.01;28419500;86487958;1.49;0.0;0.000
20250519;2.95;3.06;3.12;2.95;46275600;141023035;2.43;2.0;0.060
20250516;3.02;3.0;3.22;2.96;60506000;185928564;3.18;2.39;0.070
20250515;2.97;2.93;2.99;2.93;15176799;44834914;0.8;-1.68;-0.050
20250514;3.0;2.98;3.01;2.94;17426599;51703084;0.92;-1.0;-0.030
20250513;3.03;3.01;3.08;2.99;22743400;68681389;1.2;-0.33;-0.010
20250512;2.98;3.02;3.05;2.94;33250000;99566917;1.75;2.72;0.080
20250509;3.0;2.94;3.01;2.93;18720100;55408054;0.98;-1.67;-0.050
20250508;3.01;2.99;3.02;2.95;28104200;83799522;1.48;0.0;0.000
20250507;2.98;2.99;3.1;2.97;48367400;145967301;2.54;1.36;0.040
20250506;2.98;2.95;3.03;2.91;46523884;137627153;2.45;-0.67;-0.020
20250430;2.71;2.97;2.97;2.7;30764271;89271168;1.62;10.0;0.270
20250429;2.76;2.7;2.76;2.7;16492687;44951533;0.87;-1.46;-0.040
20250428;2.83;2.74;2.85;2.73;30827500;85571841;1.62;-5.52;-0.160
20250425;2.88;2.9;3.0;2.84;40406987;118271565;2.12;0.35;0.010
20250424;2.89;2.89;3.0;2.83;42589778;124382570;2.24;0.7;0.020
20250423;2.94;2.87;3.11;2.87;66805872;198746513;3.51;-4.65;-0.140
20250422;2.73;3.01;3.01;2.73;55693451;161348363;2.93;9.85;0.270
20250421;2.76;2.74;2.77;2.7;28480420;78015199;1.5;-3.18;-0.090
20250418;2.75;2.83;2.89;2.65;49880147;137776495;2.62;2.17;0.060
20250417;2.51;2.77;2.77;2.49;20852836;55985990;1.1;9.92;0.250
20250416;2.56;2.52;2.57;2.48;7416400;18676848;0.39;-1.56;-0.040
20250415;2.56;2.56;2.59;2.52;7140700;18197908;0.38;-0.78;-0.020
20250414;2.56;2.58;2.59;2.55;9498800;24441233;0.5;1.18;0.030
20250411;2.55;2.55;2.58;2.53;8839400;22606103;0.46;-0.39;-0.010
20250410;2.53;2.56;2.59;2.51;13460000;34469750;0.71;1.59;0.040
20250409;2.42;2.52;2.54;2.32;20132337;48980914;1.06;2.86;0.070
20250408;2.38;2.45;2.47;2.38;16089120;39093694;0.85;2.51;0.060
20250407;2.54;2.39;2.55;2.39;17719800;43251908;0.93;-9.81;-0.260
20250403;2.62;2.65;2.67;2.61;9182237;24310183;0.48;0.38;0.010
20250402;2.65;2.64;2.66;2.62;5459000;14393736;0.29;-0.38;-0.010
20250401;2.61;2.65;2.69;2.6;10065600;26625074;0.53;1.92;0.050
20250331;2.64;2.6;2.64;2.58;10701399;27893488;0.56;-1.52;-0.040
20250328;2.71;2.64;2.71;2.63;14986200;39908090;0.79;-2.58;-0.070
20250327;2.78;2.71;2.78;2.69;11573000;31440317;0.61;-2.52;-0.070
20250326;2.73;2.78;2.79;2.71;11187000;30873229;0.59;1.83;0.050
20250325;2.7;2.73;2.74;2.66;14342800;38846186;0.75;0.74;0.020
20250324;2.87;2.71;2.88;2.66;29409200;80742131;1.55;-5.57;-0.160
20250321;2.85;2.87;2.9;2.84;19276400;55375498;1.01;0.35;0.010
20250320;2.82;2.86;2.87;2.81;14021500;39976640;0.74;1.42;0.040
20250319;2.84;2.82;2.85;2.81;9247200;26121464;0.49;-0.7;-0.020
20250318;2.86;2.84;2.87;2.81;10513100;29780430;0.55;-0.7;-0.020
20250317;2.82;2.86;2.87;2.82;12591400;35946052;0.66;1.06;0.030
20250314;2.78;2.83;2.83;2.77;18693466;52374333;0.98;1.8;0.050
20250313;2.79;2.78;2.8;2.75;9857000;27301797;0.52;-0.36;-0.010
20250312;2.78;2.79;2.81;2.78;8444900;23619369;0.44;0.0;0.000
20250311;2.77;2.79;2.79;2.75;9669299;26765958;0.51;0.0;0.000
20250310;2.78;2.79;2.83;2.77;12683800;35547492;0.67;0.72;0.020
20250307;2.81;2.77;2.81;2.76;10263399;28559025;0.54;-1.42;-0.040
20250306;2.78;2.81;2.81;2.76;12337209;34436352;0.65;1.44;0.040
20250305;2.83;2.77;2.84;2.75;13917200;38636124;0.73;-2.12;-0.060
20250304;2.82;2.83;2.85;2.78;11349400;31920973;0.6;0.71;0.020
20250303;2.81;2.81;2.87;2.8;13206000;37397715;0.69;0.0;0.000
20250228;2.85;2.81;2.86;2.8;13719600;38782523;0.72;-1.06;-0.030
20250227;2.86;2.84;2.92;2.81;12172694;34697886;0.64;-1.05;-0.030
20250226;2.83;2.87;2.88;2.82;12721600;36427236;0.67;1.41;0.040
20250225;2.86;2.83;2.87;2.82;11494000;32622354;0.6;-1.74;-0.050
20250224;2.79;2.88;2.97;2.78;25006736;72175358;1.31;2.49;0.070
20250221;2.86;2.81;2.86;2.79;16429218;46135045;0.86;-1.75;-0.050
20250220;2.84;2.86;2.87;2.8;11715300;33162493;0.62;0.7;0.020
20250219;2.83;2.84;2.87;2.81;11711900;33187248;0.62;0.71;0.020
20250218;2.92;2.82;2.93;2.81;14464400;41358539;0.76;-3.42;-0.100
20250217;2.89;2.92;2.96;2.87;17595675;51310861;0.93;1.39;0.040
20250214;2.93;2.88;2.96;2.86;12929700;37422344;0.68;-1.71;-0.050
20250213;2.9;2.93;2.96;2.88;16112645;47216176;0.85;1.03;0.030
20250212;2.88;2.9;2.93;2.86;10289000;29780913;0.54;0.35;0.010
20250211;2.93;2.89;2.98;2.86;13090511;37786697;0.69;-1.7;-0.050
20250210;2.89;2.94;2.94;2.86;17256058;50269321;0.91;3.16;0.090
20250207;2.77;2.85;2.88;2.76;19678500;55767548;1.03;2.89;0.080
20250206;2.75;2.77;2.78;2.69;13204200;36217932;0.69;0.36;0.010
20250205;2.75;2.76;2.79;2.73;10706133;29546000;0.56;1.1;0.030
20250127;2.72;2.73;2.9;2.72;19518227;54368488;1.03;1.11;0.030
20250124;2.7;2.7;2.72;2.66;13988814;37577892;0.74;0.0;0.000
20250123;2.72;2.7;2.8;2.7;15539583;42915973;0.82;-0.74;-0.020
20250122;2.72;2.72;2.75;2.68;11056500;29947598;0.58;-0.73;-0.020
20250121;2.84;2.74;2.85;2.72;15716600;43418446;0.83;-3.18;-0.090
20250120;2.82;2.83;2.86;2.72;15742102;44146508;0.83;0.35;0.010
20250117;2.85;2.82;2.85;2.78;8958700;25196633;0.47;-0.7;-0.020
20250116;2.83;2.84;2.9;2.82;11828300;33828780;0.62;0.35;0.010
20250115;2.84;2.83;2.86;2.78;10727800;30253522;0.56;-1.05;-0.030
20250114;2.79;2.86;2.86;2.78;12648200;35803997;0.67;2.51;0.070
20250113;2.75;2.79;2.8;2.69;9110486;25102014;0.48;0.72;0.020
20250110;2.86;2.77;2.89;2.77;9794800;27682967;0.52;-3.82;-0.110
20250109;2.89;2.88;2.93;2.86;12153100;35094709;0.64;0.35;0.010
20250108;2.9;2.87;2.91;2.78;13430902;38207084;0.71;-1.03;-0.030
20250107;2.86;2.9;2.9;2.82;12280300;35144915;0.65;1.75;0.050
20250106;2.84;2.85;2.86;2.74;13675500;38522611;0.72;1.06;0.030
20250103;2.98;2.82;2.98;2.81;18966900;54828802;1.0;-5.37;-0.160
20250102;3.02;2.98;3.08;2.95;15079377;45463764;0.79;-1.0;-0.030