20251022;7.49;7.5;7.56;7.48;7630661;57377270;1.37;-0.27;-0.020
20251021;7.46;7.52;7.56;7.43;10601691;79401800;1.9;0.53;0.040
20251020;7.51;7.48;7.53;7.45;8694530;65128561;1.56;-0.13;-0.010
20251017;7.43;7.49;7.54;7.4;15052203;112618406;2.7;0.94;0.070
20251016;7.43;7.42;7.53;7.41;9054910;67441903;1.62;-0.13;-0.010
20251015;7.4;7.43;7.53;7.39;10477720;77931786;1.88;0.54;0.040
20251014;7.37;7.39;7.42;7.3;12916550;95111202;2.31;0.82;0.060
20251013;7.1;7.33;7.35;7.1;12967680;93827044;2.32;0.0;0.000
20251010;7.17;7.33;7.38;7.15;19884701;145094634;3.56;2.09;0.150
20251009;7.24;7.18;7.25;7.14;10485480;75123812;1.88;0.0;0.000
20250930;7.21;7.18;7.28;7.17;7972870;57522366;1.43;-0.97;-0.070
20250929;7.19;7.25;7.27;7.12;12100551;87355576;2.17;1.26;0.090
20250926;7.07;7.16;7.19;7.03;14218110;101450891;2.55;1.27;0.090
20250925;7.08;7.07;7.1;7.01;9125306;64390466;1.64;-0.14;-0.010
20250924;7.07;7.08;7.17;7.02;12184960;86270878;2.18;0.43;0.030
20250923;7.03;7.05;7.06;6.86;11237177;78232249;2.01;0.14;0.010
20250922;7.03;7.04;7.05;6.98;8182610;57390488;1.47;0.0;0.000
20250919;7.08;7.04;7.09;7.0;9110007;64128253;1.63;-0.56;-0.040
20250918;7.19;7.08;7.19;7.04;13064340;92985308;2.34;-1.53;-0.110
20250917;7.16;7.19;7.19;7.13;7386970;52940460;1.32;0.28;0.020
20250916;7.23;7.17;7.28;7.11;11980935;85774663;2.15;-0.69;-0.050
20250915;7.19;7.22;7.35;7.14;17545670;126950379;3.14;0.84;0.060
20250912;7.16;7.16;7.21;7.11;12125862;86810102;2.17;0.0;0.000
20250911;7.1;7.16;7.17;7.04;14100082;100220700;2.53;0.99;0.070
20250910;7.24;7.09;7.27;7.09;21286792;152047724;3.81;-2.07;-0.150
20250909;7.38;7.24;7.39;7.21;19615430;142895669;3.52;-2.56;-0.190
20250908;7.29;7.43;7.63;7.22;32964501;243228905;5.91;2.34;0.170
20250905;7.19;7.26;7.27;7.14;10819371;77969153;1.94;0.97;0.070
20250904;7.17;7.19;7.27;7.12;10786991;77786703;1.93;0.28;0.020
20250903;7.37;7.17;7.37;7.15;14172100;102344036;2.54;-2.45;-0.180
20250902;7.49;7.35;7.51;7.26;14988174;110242074;2.69;-2.0;-0.150
20250901;7.5;7.5;7.58;7.42;10015260;75208922;1.79;0.13;0.010
20250829;7.53;7.49;7.62;7.45;12182900;91722074;2.18;-1.06;-0.080
20250828;7.56;7.57;7.64;7.37;19918084;149539940;3.57;0.4;0.030
20250827;7.94;7.54;7.96;7.54;33580457;260477470;6.02;-5.16;-0.410
20250826;8.05;7.95;8.08;7.93;27148400;216443309;4.87;-2.33;-0.190
20250825;8.05;8.14;8.22;8.02;22203806;180200940;3.98;1.12;0.090
20250822;8.08;8.05;8.12;8.0;15614415;125807923;2.8;-0.86;-0.070
20250821;8.05;8.12;8.2;8.03;20896147;169322418;3.74;0.37;0.030
20250820;7.93;8.09;8.26;7.93;25343312;206017366;4.54;1.63;0.130
20250819;8.2;7.96;8.2;7.92;24928558;199237524;4.47;-2.93;-0.240
20250818;8.23;8.2;8.29;8.05;30861770;250848346;5.53;-0.36;-0.030
20250815;8.0;8.23;8.44;7.97;34955818;286263117;6.26;3.78;0.300
20250814;7.96;7.93;8.09;7.91;21536211;172153477;3.86;-0.63;-0.050
20250813;7.91;7.98;8.02;7.85;23408106;186326657;4.2;0.88;0.070
20250812;7.92;7.91;7.93;7.83;16216589;127852292;2.91;0.0;0.000
20250811;8.0;7.91;8.1;7.88;22863800;181084866;4.1;-1.74;-0.140
20250808;7.86;8.05;8.1;7.84;30910761;247249070;5.54;2.81;0.220
20250807;8.05;7.83;8.07;7.83;23310741;184086009;4.18;-2.37;-0.190
20250806;7.93;8.02;8.16;7.89;32165890;258060921;5.76;1.52;0.120
20250805;7.99;7.9;8.07;7.86;29390250;233124757;5.27;-1.0;-0.080
20250804;7.96;7.98;8.15;7.85;42133996;335986241;7.55;1.79;0.140
20250801;7.74;7.84;8.27;7.74;48974265;392148335;8.78;2.48;0.190
20250731;7.95;7.65;8.06;7.61;36349731;283165209;6.51;-1.67;-0.130
20250730;8.02;7.78;8.09;7.72;37586090;295135550;6.74;-2.87;-0.230
20250729;8.16;8.01;8.24;7.7;76075852;603573202;13.63;-4.07;-0.340
20250728;8.5;8.35;8.75;8.26;85560199;723890788;15.33;-1.53;-0.130
20250725;8.24;8.48;8.66;8.17;104824062;881678136;18.79;3.16;0.260
20250724;8.17;8.22;8.62;7.69;127635603;1032797840;22.87;4.85;0.380
20250723;7.14;7.84;7.84;7.1;65495096;500719820;11.74;9.96;0.710
20250722;7.11;7.13;7.19;7.05;9089930;64617695;1.63;0.14;0.010
20250721;6.94;7.12;7.14;6.94;10789760;76306060;1.93;2.3;0.160
20250718;6.98;6.96;7.03;6.92;6604610;45996051;1.18;-0.29;-0.020
20250717;6.95;6.98;7.0;6.92;9633610;67103469;1.73;0.0;0.000
20250716;6.96;6.98;7.05;6.92;9421460;65644015;1.69;0.14;0.010
20250715;7.18;6.97;7.18;6.86;18244611;127123596;3.27;-2.92;-0.210
20250714;7.09;7.18;7.2;7.07;9491405;67991626;1.7;1.27;0.090
20250711;7.17;7.09;7.19;7.05;9087570;64596252;1.63;-1.12;-0.080
20250710;7.19;7.17;7.2;7.13;6426460;46005988;1.15;-0.28;-0.020
20250709;7.18;7.19;7.22;7.12;11266564;80810612;2.02;0.14;0.010
20250708;7.19;7.18;7.23;7.13;9797660;70233196;1.76;-0.28;-0.020
20250707;6.96;7.2;7.21;6.96;17531529;124783097;3.14;2.86;0.200
20250704;7.08;7.0;7.11;6.98;12188170;85749690;2.18;-0.85;-0.060
20250703;7.19;7.26;7.33;7.1;17301200;125004391;3.1;1.68;0.120
20250702;7.24;7.14;7.24;7.1;15493600;110611542;2.78;-1.11;-0.080
20250701;7.28;7.22;7.29;7.15;25148061;181350257;4.51;-0.96;-0.070
20250630;7.43;7.29;7.5;7.21;28335610;206476914;5.08;-1.75;-0.130
20250627;7.28;7.42;7.59;7.2;47129423;349908233;8.45;5.85;0.410
20250626;7.05;7.01;7.28;7.0;30256170;215013920;5.42;-1.68;-0.120
20250625;6.88;7.13;7.28;6.85;40884804;290093310;7.33;3.63;0.250
20250624;6.79;6.88;6.89;6.59;13836930;93512889;2.48;2.38;0.160
20250623;6.55;6.72;6.78;6.55;8047930;53899358;1.44;1.66;0.110
20250620;6.71;6.61;6.78;6.61;8417140;56233267;1.51;-1.05;-0.070
20250619;6.85;6.68;6.92;6.64;18105671;122241275;3.24;-3.05;-0.210
20250618;6.85;6.89;7.3;6.82;31584590;220926895;5.66;0.88;0.060
20250617;6.87;6.83;6.97;6.8;8075496;55487999;1.45;-0.44;-0.030
20250616;6.82;6.86;6.87;6.77;9541395;65079019;1.71;0.59;0.040
20250613;6.85;6.82;6.9;6.77;10294750;70251816;1.84;-1.02;-0.070
20250612;6.86;6.89;6.94;6.78;9395400;64267801;1.68;0.29;0.020
20250611;6.9;6.87;6.93;6.82;9498680;65199816;1.7;-0.43;-0.030
20250610;7.0;6.9;7.04;6.84;13181200;91469478;2.36;-1.99;-0.140
20250609;7.01;7.04;7.08;6.88;14713544;102682736;2.64;0.57;0.040
20250606;6.83;7.0;7.05;6.76;22182930;154352816;3.98;2.19;0.150
20250605;6.64;6.85;6.86;6.62;18841442;127802048;3.38;3.01;0.200
20250604;6.65;6.65;6.77;6.61;11528900;76632090;2.07;-0.75;-0.050
20250603;6.49;6.7;6.76;6.45;21293100;141255824;3.82;3.08;0.200
20250530;6.42;6.5;6.59;6.4;15065101;98006358;2.7;1.25;0.080
20250529;6.42;6.42;6.5;6.35;13757290;88475598;2.47;-0.16;-0.010
20250528;6.55;6.43;6.63;6.42;28804093;187865144;5.16;-0.46;-0.030
20250527;6.26;6.46;6.49;6.2;14504480;92336465;2.6;3.36;0.210
20250526;6.25;6.25;6.29;6.19;6401170;39973953;1.15;0.0;0.000
20250523;6.29;6.25;6.38;6.25;7200331;45530626;1.29;-0.64;-0.040
20250522;6.43;6.29;6.44;6.21;12069131;76377657;2.16;-2.48;-0.160
20250521;6.5;6.45;6.5;6.42;6901300;44475309;1.24;-0.77;-0.050
20250520;6.54;6.5;6.55;6.46;7640310;49624962;1.37;-0.31;-0.020
20250519;6.44;6.52;6.55;6.37;8340660;53944300;1.49;1.4;0.090
20250516;6.35;6.43;6.47;6.32;8024800;51466413;1.44;1.26;0.080
20250515;6.49;6.35;6.49;6.33;12522200;79874817;2.24;-1.85;-0.120
20250514;6.46;6.47;6.51;6.4;8588510;55540280;1.54;-0.31;-0.020
20250513;6.53;6.49;6.57;6.39;12775930;82690158;2.29;-0.61;-0.040
20250512;6.46;6.53;6.65;6.46;16253610;106300775;2.91;1.87;0.120
20250509;6.53;6.41;6.55;6.37;11940100;76810346;2.14;-1.84;-0.120
20250508;6.57;6.53;6.6;6.49;15760360;103135368;2.82;-0.61;-0.040
20250507;6.71;6.57;6.75;6.47;20184130;132811222;3.62;-1.65;-0.110
20250506;6.52;6.68;6.75;6.5;25326880;167518618;4.54;3.09;0.200
20250430;6.47;6.48;6.55;6.38;18828100;121286934;3.37;0.0;0.000
20250429;6.68;6.48;6.68;6.37;31171760;202359785;5.59;-7.03;-0.490
20250428;6.93;6.97;7.04;6.8;13701870;94903151;2.46;0.87;0.060
20250425;6.9;6.91;6.98;6.81;12668420;87181471;2.27;-0.14;-0.010
20250424;7.03;6.92;7.15;6.9;19115600;134050985;3.43;-1.0;-0.070
20250423;6.77;6.99;7.05;6.73;25707670;178163604;4.61;3.56;0.240
20250422;6.71;6.75;6.85;6.62;14150422;95359174;2.54;0.6;0.040
20250421;6.66;6.71;6.73;6.6;15379362;102526432;2.76;0.45;0.030
20250418;6.89;6.68;6.98;6.54;21242666;141938601;3.81;-1.33;-0.090
20250417;6.5;6.77;6.8;6.49;19505590;130137555;3.5;3.04;0.200
20250416;6.7;6.57;6.73;6.51;15148953;99998817;2.71;-1.5;-0.100
20250415;6.44;6.67;6.69;6.38;19899801;130789254;3.57;3.89;0.250
20250414;6.33;6.42;6.63;6.3;14274359;91876447;2.56;2.56;0.160
20250411;6.21;6.26;6.44;6.2;12172730;76881416;2.18;0.16;0.010
20250410;6.21;6.25;6.33;6.17;14510093;90768156;2.6;1.3;0.080
20250409;6.08;6.17;6.2;5.63;21108486;125291013;3.78;0.0;0.000
20250408;6.09;6.17;6.27;5.98;19388362;118639489;3.47;3.18;0.190
20250407;6.33;5.98;6.48;5.98;17239251;106662610;3.09;-9.94;-0.660
20250403;6.33;6.64;6.74;6.33;16644350;109845024;2.98;1.68;0.110
20250402;6.43;6.53;6.67;6.38;13856240;90756454;2.48;1.71;0.110
20250401;6.35;6.42;6.45;6.35;9253560;59262201;1.66;1.58;0.100
20250331;6.41;6.32;6.46;6.26;10416511;65927088;1.87;-2.02;-0.130
20250328;6.53;6.45;6.59;6.41;12475644;80918497;2.24;-1.53;-0.100
20250327;6.58;6.55;6.63;6.5;11881691;78055826;2.13;-0.15;-0.010
20250326;6.68;6.56;6.69;6.55;19593628;129612151;3.51;-1.2;-0.080
20250325;6.37;6.64;6.76;6.3;28492133;187072099;5.11;4.24;0.270
20250324;6.47;6.37;6.5;6.29;11798621;75181393;2.11;-1.39;-0.090
20250321;6.37;6.46;6.59;6.37;18720889;121588567;3.36;1.1;0.070
20250320;6.35;6.39;6.48;6.25;13590257;86817345;2.44;1.43;0.090
20250319;6.29;6.3;6.36;6.15;9994517;62928233;1.79;0.16;0.010
20250318;6.22;6.29;6.29;6.18;8483468;53024936;1.52;1.45;0.090
20250317;6.15;6.2;6.22;6.15;6239268;38637267;1.12;0.65;0.040
20250314;6.06;6.16;6.17;6.05;7166050;43833099;1.28;1.65;0.100
20250313;6.05;6.06;6.16;5.99;5444100;32901601;0.98;0.17;0.010
20250312;6.05;6.05;6.08;6.0;4197030;25315485;0.75;0.0;0.000
20250311;5.98;6.05;6.05;5.93;4717720;28271476;0.85;1.0;0.060
20250310;5.95;5.99;6.08;5.95;4907971;29483910;0.88;0.0;0.000
20250307;6.03;5.99;6.04;5.96;4196860;25206815;0.75;-0.5;-0.030
20250306;6.03;6.02;6.06;5.99;5681220;34216973;1.02;-0.17;-0.010
20250305;6.1;6.03;6.18;5.96;6219980;37440471;1.11;-1.47;-0.090
20250304;6.1;6.12;6.13;6.05;4129987;25213970;0.74;0.49;0.030
20250303;6.06;6.09;6.18;6.04;7812987;47808686;1.4;0.83;0.050
20250228;6.1;6.04;6.13;6.03;6700718;40643389;1.2;-1.31;-0.080
20250227;6.17;6.12;6.22;6.06;6444480;39394301;1.15;-1.13;-0.070
20250226;6.05;6.19;6.19;6.05;6527160;40138697;1.17;2.31;0.140
20250225;6.13;6.05;6.18;6.04;4479710;27219265;0.8;-1.31;-0.080
20250224;6.16;6.13;6.24;6.1;6989885;43140446;1.25;-0.33;-0.020
20250221;6.17;6.15;6.23;6.06;5851000;35894821;1.05;-0.16;-0.010
20250220;6.13;6.16;6.2;6.11;4605230;28349529;0.83;0.16;0.010
20250219;6.08;6.15;6.36;6.02;7704817;47606672;1.38;1.32;0.080
20250218;6.09;6.07;6.2;6.04;5568730;34097874;1.0;-0.65;-0.040
20250217;6.09;6.11;6.15;6.06;3450020;21074127;0.62;0.33;0.020
20250214;6.09;6.09;6.14;6.06;4429910;27010750;0.79;-0.49;-0.030
20250213;6.14;6.12;6.18;6.11;3830300;23506662;0.69;-0.33;-0.020
20250212;6.18;6.14;6.21;6.1;4393030;26984459;0.79;-0.97;-0.060
20250211;6.14;6.2;6.2;6.08;7143371;43961612;1.28;1.47;0.090
20250210;6.1;6.11;6.17;6.07;5710990;34929609;1.02;0.83;0.050
20250207;5.98;6.06;6.07;5.95;7411583;44637130;1.33;2.02;0.120
20250206;5.89;5.94;6.03;5.87;4655500;27603140;0.83;0.34;0.020
20250205;5.9;5.92;6.0;5.88;5933517;35207894;1.06;-0.17;-0.010
20250127;5.8;5.93;6.02;5.79;6899318;41092518;1.24;2.6;0.150
20250124;5.75;5.78;5.82;5.68;4181900;24065425;0.75;-0.17;-0.010
20250123;5.81;5.79;5.87;5.79;3400300;19835673;0.61;0.0;0.000
20250122;5.79;5.79;5.85;5.75;3378680;19594830;0.61;-0.86;-0.050
20250121;5.88;5.84;5.92;5.79;3833330;22356866;0.69;-0.51;-0.030
20250120;5.85;5.87;5.93;5.77;5761500;33816444;1.03;1.03;0.060
20250117;5.76;5.81;5.85;5.73;3079860;17873020;0.55;0.52;0.030
20250116;5.79;5.78;5.86;5.75;4365170;25325988;0.78;0.17;0.010
20250115;5.8;5.77;5.84;5.73;3877200;22355879;0.69;-0.52;-0.030
20250114;5.6;5.8;5.81;5.6;5831580;33650866;1.05;3.39;0.190
20250113;5.46;5.61;5.62;5.42;5196160;28899066;0.93;1.63;0.090
20250110;5.62;5.52;5.72;5.52;6371720;35801930;1.14;-2.3;-0.130
20250109;5.65;5.65;5.87;5.6;6497119;37182628;1.16;-0.53;-0.030
20250108;5.62;5.68;5.7;5.51;5586535;31437926;1.0;0.18;0.010
20250107;5.59;5.67;5.68;5.5;6128700;34237122;1.1;0.71;0.040
20250106;5.5;5.63;5.67;5.37;7926632;44220989;1.42;1.81;0.100
20250103;5.69;5.53;5.76;5.51;8314343;46719352;1.49;-3.32;-0.190
20250102;5.71;5.72;5.92;5.66;8492849;49060156;1.52;0.35;0.020