20251022;20.16;19.9;20.4;19.85;3966800;79432385;0.78;-1.87;-0.380
20251021;20.2;20.28;20.42;20.1;2816500;56995607;0.56;-0.15;-0.030
20251020;20.24;20.31;20.46;20.06;3697400;74901227;0.73;0.05;0.010
20251017;20.55;20.3;20.64;20.15;4521700;91965301;0.89;-1.74;-0.360
20251016;20.36;20.66;20.74;20.24;6130318;126172986;1.21;1.37;0.280
20251015;20.36;20.38;20.58;19.97;6209840;126285482;1.22;0.1;0.020
20251014;19.58;20.36;20.44;19.58;8993203;180975941;1.77;4.3;0.840
20251013;19.45;19.52;19.68;19.4;4266785;83381170;0.84;-1.36;-0.270
20251010;19.69;19.79;20.05;19.68;4136063;82199544;0.82;0.41;0.080
20251009;20.21;19.71;20.21;19.43;6506113;127615038;1.28;-2.38;-0.480
20250930;20.52;20.19;20.53;20.17;3908842;79390431;0.77;-1.61;-0.330
20250929;20.5;20.52;20.64;19.9;6273947;127443004;1.24;1.84;0.370
20250926;20.36;20.15;20.5;20.07;3828884;77454505;0.75;-1.23;-0.250
20250925;20.3;20.4;20.57;20.18;3824505;78009352;0.75;0.34;0.070
20250924;20.17;20.33;20.4;20.11;3224796;65391993;0.64;0.3;0.060
20250923;20.5;20.27;20.59;20.0;4179086;84517356;0.82;-1.22;-0.250
20250922;20.77;20.52;20.81;20.42;3202005;65785503;0.63;-1.58;-0.330
20250919;20.61;20.85;20.9;20.43;5631914;116498311;1.11;0.87;0.180
20250918;21.28;20.67;21.38;20.48;8037982;168200883;1.58;-2.82;-0.600
20250917;21.9;21.27;21.95;21.11;6641664;142015904;1.31;-3.23;-0.710
20250916;21.9;21.98;22.25;21.64;5069359;110948417;1.0;0.55;0.120
20250915;22.0;21.86;22.1;21.8;6150141;134789757;1.21;-1.4;-0.310
20250912;22.7;22.17;23.0;22.16;8626290;193889844;1.7;-2.55;-0.580
20250911;22.33;22.75;23.0;22.16;9463835;213698048;1.87;0.93;0.210
20250910;22.61;22.54;23.22;22.41;8504037;193325102;1.68;-1.57;-0.360
20250909;22.6;22.9;23.0;22.3;10099771;228449888;1.99;0.26;0.060
20250908;21.8;22.84;23.15;21.66;14661905;331767973;2.89;3.91;0.860
20250905;21.56;21.98;21.99;21.22;9085392;196444947;1.79;1.1;0.240
20250904;22.46;21.74;22.46;21.31;11092418;242227068;2.19;-0.87;-0.190
20250903;22.6;21.93;23.49;21.9;13247370;298442367;2.61;-1.92;-0.430
20250902;21.9;22.36;23.53;21.72;18072731;410869047;3.56;2.1;0.460
20250901;21.97;21.9;22.4;21.41;16664462;366381768;3.29;-0.77;-0.170
20250829;20.61;22.07;22.54;20.61;25049098;550948604;4.94;7.71;1.580
20250828;20.36;20.49;20.87;20.0;6927483;141248873;1.37;-0.05;-0.010
20250827;21.0;20.5;21.24;20.5;8524856;177591497;1.68;-3.57;-0.760
20250826;20.7;21.26;21.95;20.65;13275264;282943424;2.62;1.72;0.360
20250825;20.11;20.9;21.22;20.0;13761795;284504929;2.71;3.93;0.790
20250822;20.26;20.11;20.26;19.9;5273812;105643780;1.04;-0.1;-0.020
20250821;20.38;20.13;20.38;19.85;7910110;158732071;1.56;-1.47;-0.300
20250820;19.43;20.43;20.7;19.22;14636147;297268195;2.89;4.18;0.820
20250819;19.01;19.61;19.96;19.0;10073508;197302897;1.99;3.16;0.600
20250818;19.09;19.01;19.24;18.96;3852661;73574234;0.76;-0.21;-0.040
20250815;19.05;19.05;19.07;18.77;2839596;53865827;0.56;0.37;0.070
20250814;18.91;18.98;19.38;18.9;4297872;81956850;0.85;0.37;0.070
20250813;18.88;18.91;19.0;18.75;2926516;55216367;0.58;0.16;0.030
20250812;18.85;18.88;19.18;18.84;3565900;67778042;0.7;-0.47;-0.090
20250811;18.61;18.97;19.12;18.56;4682456;88428869;0.92;2.21;0.410
20250808;18.56;18.56;18.68;18.51;1810510;33650355;0.36;-0.16;-0.030
20250807;18.74;18.59;18.74;18.56;1884330;35113743;0.37;-0.38;-0.070
20250806;18.48;18.66;18.69;18.42;2360730;43845323;0.47;0.97;0.180
20250805;18.34;18.48;18.58;18.25;2288301;42145749;0.45;1.04;0.190
20250804;18.3;18.29;18.31;18.18;1555994;28380800;0.31;0.05;0.010
20250801;18.2;18.28;18.34;18.18;1754208;32044173;0.35;0.61;0.110
20250731;18.6;18.17;18.65;18.11;3265600;59830551;0.64;-2.63;-0.490
20250730;18.68;18.66;18.84;18.53;3010738;56342231;0.59;0.05;0.010
20250729;18.66;18.65;18.73;18.39;2253604;41778168;0.44;-0.05;-0.010
20250728;18.68;18.66;18.79;18.5;2963052;55275348;0.58;0.05;0.010
20250725;18.92;18.65;18.92;18.61;2837045;53160538;0.56;-1.43;-0.270
20250724;18.82;18.92;18.93;18.76;2408985;45416206;0.47;0.48;0.090
20250723;18.94;18.83;19.06;18.75;2999023;56738369;0.59;-0.69;-0.130
20250722;18.68;18.96;18.99;18.58;3569876;67162728;0.7;1.5;0.280
20250721;18.7;18.68;18.73;18.57;2433718;45414262;0.48;-0.11;-0.020
20250718;18.44;18.7;18.75;18.38;4085375;75974269;0.81;1.63;0.300
20250717;18.41;18.4;18.55;18.24;2223590;40823893;0.44;0.05;0.010
20250716;18.2;18.39;18.43;18.13;2589100;47357440;0.51;1.32;0.240
20250715;18.35;18.15;18.51;18.1;2531499;46213902;0.5;-1.47;-0.270
20250714;18.4;18.42;18.5;18.29;2245400;41273014;0.44;-0.32;-0.060
20250711;18.19;18.48;18.71;18.16;5421142;100027187;1.07;1.65;0.300
20250710;18.02;18.18;18.25;18.02;2272601;41200310;0.45;0.11;0.020
20250709;18.05;18.16;18.26;17.97;3408536;61921863;0.67;0.94;0.170
20250708;17.95;17.99;18.02;17.84;2461730;44199953;0.49;0.22;0.040
20250707;17.91;17.95;18.02;17.91;1225300;22002034;0.24;0.11;0.020
20250704;18.1;17.93;18.15;17.91;2566390;46186401;0.51;-1.16;-0.210
20250703;18.1;18.14;18.25;18.1;1967196;35781071;0.39;-0.11;-0.020
20250702;18.11;18.16;18.23;18.05;2267700;41134675;0.45;0.28;0.050
20250701;18.03;18.11;18.17;18.03;1965442;35587415;0.39;0.06;0.010
20250630;17.98;18.1;18.23;17.85;3342396;60384202;0.66;0.84;0.150
20250627;18.03;17.95;18.09;17.92;2247200;40449336;0.44;-0.72;-0.130
20250626;18.03;18.08;18.13;17.97;2414500;43570209;0.48;0.28;0.050
20250625;18.0;18.03;18.05;17.82;2626426;47115877;0.52;0.28;0.050
20250624;17.88;17.98;18.0;17.88;2323257;41717976;0.46;0.56;0.100
20250623;17.78;17.88;17.94;17.58;2668092;47513425;0.53;-0.33;-0.060
20250620;17.61;17.94;18.1;17.61;3742590;67243485;0.74;1.24;0.220
20250619;17.76;17.72;17.99;17.62;2969600;52719405;0.59;-1.01;-0.180
20250618;18.0;17.9;18.38;17.88;3434632;62125721;0.68;0.34;0.060
20250617;17.75;17.84;17.98;17.75;2135588;38074437;0.42;-0.34;-0.060
20250616;17.48;17.9;18.01;17.44;5630701;100390516;1.11;1.7;0.300
20250613;18.58;17.6;18.6;17.6;9544221;170416243;1.88;-5.93;-1.110
20250612;18.99;18.71;19.05;18.65;3494400;65629286;0.69;-1.47;-0.280
20250611;19.11;18.99;19.23;18.97;2281911;43588842;0.45;-0.73;-0.140
20250610;19.13;19.13;19.25;18.95;2996763;57282802;0.59;-0.1;-0.020
20250609;19.2;19.15;19.2;18.97;2663900;50850382;0.53;-0.26;-0.050
20250606;18.85;19.2;19.2;18.8;4480712;85764633;0.88;1.86;0.350
20250605;18.85;18.85;19.09;18.75;2823145;53316558;0.56;-0.05;-0.010
20250604;18.46;18.86;18.88;18.42;3357269;62883592;0.66;2.11;0.390
20250603;18.07;18.47;18.53;17.91;4815264;88484025;0.95;2.21;0.400
20250530;18.37;18.07;18.49;18.0;3164400;57543191;0.62;-1.63;-0.300
20250529;18.48;18.37;18.49;18.28;2690564;49490024;0.53;-0.65;-0.120
20250528;18.24;18.49;18.52;18.16;3058626;56248380;0.6;1.37;0.250
20250527;18.13;18.24;18.55;18.12;4416342;81076736;0.87;0.61;0.110
20250526;18.29;18.13;18.57;18.01;3500000;63851773;0.69;-1.04;-0.190
20250523;18.65;18.32;18.78;18.31;2756200;50975910;0.54;-2.03;-0.380
20250522;18.89;18.7;18.98;18.65;2821500;53119131;0.56;-1.01;-0.190
20250521;19.26;19.38;19.43;19.2;2685276;51896472;0.53;0.57;0.110
20250520;19.21;19.27;19.47;19.15;2689110;51996434;0.53;0.26;0.050
20250519;18.84;19.22;19.23;18.69;2437837;46313850;0.48;0.47;0.090
20250516;19.28;19.13;19.35;19.09;2545317;48810247;0.5;-0.98;-0.190
20250515;19.3;19.32;19.41;19.24;1890201;36541755;0.37;-0.31;-0.060
20250514;19.3;19.38;19.58;19.13;3786108;73229740;0.75;0.0;0.000
20250513;19.46;19.38;19.47;19.22;2417859;46772942;0.48;0.1;0.020
20250512;19.48;19.36;19.48;19.31;2086759;40414654;0.41;-0.36;-0.070
20250509;19.48;19.43;19.5;19.3;1835915;35643595;0.36;-0.1;-0.020
20250508;19.33;19.45;19.5;19.21;2428394;47182491;0.48;0.31;0.060
20250507;19.56;19.39;19.73;19.31;3578677;69591314;0.71;-0.36;-0.070
20250506;19.24;19.46;19.48;19.11;3481028;67135370;0.69;1.25;0.240
20250430;19.25;19.22;19.55;19.22;3121400;60429333;0.62;-0.41;-0.080
20250429;19.12;19.3;19.42;19.08;3352117;64598327;0.66;0.57;0.110
20250428;19.39;19.19;19.44;19.11;3196795;61403476;0.63;-1.39;-0.270
20250425;19.09;19.46;19.58;19.09;4378371;85108806;0.86;1.73;0.330
20250424;19.38;19.13;19.43;19.06;3963576;76243577;0.78;-1.39;-0.270
20250423;19.39;19.4;19.53;19.24;4040901;78276423;0.8;-0.31;-0.060
20250422;19.43;19.46;19.57;19.25;4285043;83353298;0.84;-0.36;-0.070
20250421;19.5;19.53;19.66;19.36;4037537;78677717;0.8;-0.81;-0.160
20250418;20.1;19.69;20.15;19.58;5411160;107143315;1.07;-2.04;-0.410
20250417;19.4;20.1;20.22;19.21;10359696;206566240;2.04;3.55;0.690
20250416;19.28;19.41;19.55;19.01;4342407;83761626;0.86;0.31;0.060
20250415;19.8;19.35;19.8;19.27;5306386;103487335;1.05;-1.23;-0.240
20250414;19.45;19.59;19.62;19.32;4899530;95476152;0.97;0.77;0.150
20250411;19.68;19.44;19.72;19.36;6323038;123581378;1.25;-2.16;-0.430
20250410;19.3;19.87;19.87;19.2;8027242;157434435;1.58;2.26;0.440
20250409;19.05;19.43;19.55;18.68;6439228;123570896;1.27;0.83;0.160
20250408;18.86;19.27;19.4;18.68;7852713;150222162;1.55;4.61;0.850
20250407;18.8;18.42;19.36;17.91;8436229;158149615;1.66;-4.76;-0.920
20250403;19.0;19.34;19.55;19.0;3842420;74236914;0.76;0.78;0.150
20250402;19.27;19.19;19.47;19.16;2380599;45871148;0.47;-0.57;-0.110
20250401;18.85;19.3;19.37;18.85;4477280;86053873;0.88;2.06;0.390
20250331;18.81;18.91;19.06;18.72;3199697;60414005;0.63;0.48;0.090
20250328;18.94;18.82;19.15;18.78;2637700;49887207;0.52;-1.47;-0.280
20250327;18.99;19.1;19.19;18.86;2956200;56330541;0.58;0.84;0.160
20250326;18.94;18.94;19.06;18.88;3238590;61466954;0.64;-0.21;-0.040
20250325;19.02;18.98;19.08;18.66;3807193;71693698;0.75;-0.21;-0.040
20250324;19.1;19.02;19.11;18.65;4299100;81247282;0.85;0.0;0.000
20250321;19.1;19.02;19.37;18.9;3563735;67998749;0.7;-0.73;-0.140
20250320;19.35;19.16;19.39;19.11;2744390;52665427;0.54;-0.88;-0.170
20250319;19.43;19.33;19.56;19.25;3405250;65896598;0.67;-0.46;-0.090
20250318;19.66;19.42;19.67;19.35;3634400;70611463;0.72;-0.61;-0.120
20250317;19.9;19.54;19.94;19.46;7082255;138977946;1.4;-1.51;-0.300
20250314;19.16;19.84;20.01;19.12;11334805;223664833;2.23;3.87;0.740
20250313;19.1;19.1;19.35;19.0;3224300;61734372;0.64;-0.21;-0.040
20250312;19.56;19.14;19.65;19.11;5251827;101464850;1.04;-1.8;-0.350
20250311;18.88;19.49;19.5;18.76;6561107;126563200;1.29;2.42;0.460
20250310;18.56;19.03;19.07;18.47;5739710;108218032;1.13;2.09;0.390
20250307;18.32;18.64;18.75;18.32;3864700;71645340;0.76;1.19;0.220
20250306;18.43;18.42;18.49;18.24;3194090;58633240;0.63;-0.11;-0.020
20250305;18.35;18.44;18.45;18.09;2608500;47630313;0.51;0.55;0.100
20250304;18.26;18.34;18.53;18.22;2580590;47238829;0.51;-1.03;-0.190
20250303;18.73;18.53;18.99;18.46;4048400;75854420;0.8;-0.86;-0.160
20250228;18.85;18.69;19.15;18.6;5275399;99688775;1.04;-1.01;-0.190
20250227;18.51;18.88;19.04;18.5;5734630;108273245;1.13;1.34;0.250
20250226;18.25;18.63;18.65;18.25;4258030;78775776;0.84;2.31;0.420
20250225;18.35;18.21;18.36;18.16;3015531;55006657;0.59;-1.09;-0.200
20250224;18.38;18.41;18.72;18.21;4410000;81636636;0.87;0.0;0.000
20250221;18.35;18.41;18.58;18.12;3429882;63078481;0.68;0.77;0.140
20250220;18.33;18.27;18.47;18.19;2583591;47319745;0.51;-0.54;-0.100
20250219;18.2;18.37;18.4;17.98;2989134;54359358;0.59;0.77;0.140
20250218;18.53;18.23;18.53;18.18;3734488;68468037;0.74;-1.62;-0.300
20250217;18.6;18.53;18.75;18.49;3626562;67431418;0.71;-0.48;-0.090
20250214;18.7;18.62;18.87;18.54;4800535;89664593;0.95;-1.64;-0.310
20250213;18.55;18.93;19.03;18.5;7069911;133225528;1.39;2.05;0.380
20250212;18.42;18.55;18.55;18.32;2888800;53178587;0.57;0.71;0.130
20250211;18.59;18.42;18.74;18.25;3124038;57475480;0.62;-0.81;-0.150
20250210;18.7;18.57;18.79;18.46;3271090;60783862;0.64;-0.64;-0.120
20250207;18.55;18.69;18.85;18.4;3591667;67171882;0.71;0.75;0.140
20250206;18.41;18.55;18.63;18.36;2851556;52783276;0.56;0.6;0.110
20250205;18.92;18.44;18.98;18.42;2716400;50490524;0.54;-2.07;-0.390
20250127;18.88;18.83;19.13;18.75;2018690;38211510;0.4;-0.21;-0.040
20250124;18.92;18.87;19.09;18.8;2498600;47215013;0.49;-0.53;-0.100
20250123;18.85;18.97;19.17;18.82;3431500;65285867;0.68;1.39;0.260
20250122;18.93;18.71;18.99;18.56;2000100;37412038;0.39;-1.53;-0.290
20250121;19.19;19.0;19.19;18.79;1987530;37636846;0.39;-0.42;-0.080
20250120;19.0;19.08;19.24;18.98;2482130;47455401;0.49;0.58;0.110
20250117;18.69;18.97;19.09;18.69;2509817;47530345;0.49;1.23;0.230
20250116;18.73;18.74;19.08;18.6;3166366;59624961;0.62;0.11;0.020
20250115;18.45;18.72;18.79;18.41;3347314;62441964;0.66;1.13;0.210
20250114;18.02;18.51;18.56;18.02;4193760;76959976;0.83;2.72;0.490
20250113;17.7;18.02;18.03;17.61;2305301;41153357;0.45;1.35;0.240
20250110;18.05;17.78;18.16;17.75;2411560;43287765;0.48;-1.6;-0.290
20250109;18.09;18.07;18.37;17.91;2944426;53418198;0.58;-0.61;-0.110
20250108;18.3;18.18;18.34;17.78;3283406;59455764;0.65;-0.98;-0.180
20250107;18.2;18.36;18.37;18.09;2513479;45876219;0.5;0.99;0.180
20250106;18.19;18.18;18.5;17.71;4174239;75906989;0.82;-2.42;-0.450
20250103;19.16;18.63;19.3;18.52;4193200;79318665;0.83;-2.77;-0.530
20250102;19.42;19.16;19.81;19.06;4025400;78424747;0.79;-2.24;-0.440