20251022;13.33;13.47;13.51;13.33;7113365;95591932;0.19;0.97;0.130
20251021;13.47;13.34;13.54;13.33;7571164;101438395;0.2;-1.11;-0.150
20251020;13.46;13.49;13.57;13.23;11752139;157354821;0.31;0.3;0.040
20251017;13.35;13.45;13.61;13.29;11671702;157242511;0.31;0.82;0.110
20251016;13.2;13.34;13.38;13.2;7610995;101355997;0.2;0.76;0.100
20251015;13.39;13.24;13.5;13.21;10632432;141456037;0.28;-1.27;-0.170
20251014;13.01;13.41;13.41;12.91;15107363;199460037;0.4;2.92;0.380
20251013;12.93;13.03;13.04;12.71;11510980;148294314;0.3;0.85;0.110
20251010;12.5;12.92;12.94;12.49;14234197;181752629;0.37;3.19;0.400
20251009;12.56;12.52;12.56;12.39;10499306;130689711;0.28;-0.32;-0.040
20250930;12.66;12.56;12.66;12.56;6265289;78939469;0.16;-0.87;-0.110
20250929;12.76;12.67;12.76;12.58;8268136;104562887;0.22;-0.71;-0.090
20250926;12.68;12.76;12.77;12.58;8695053;110195350;0.23;0.63;0.080
20250925;12.75;12.68;12.75;12.5;10125104;127917829;0.27;-0.86;-0.110
20250924;12.83;12.79;13.0;12.75;13287610;170878431;0.35;-0.23;-0.030
20250923;12.49;12.82;12.84;12.43;16577500;210451536;0.44;2.56;0.320
20250922;12.58;12.5;12.6;12.46;7097330;88844627;0.19;-0.64;-0.080
20250919;12.56;12.58;12.63;12.4;11350057;141852332;0.3;0.16;0.020
20250918;12.71;12.56;12.72;12.53;11316710;142505069;0.3;-1.41;-0.180
20250917;12.83;12.74;12.85;12.72;7199983;91962107;0.19;-0.86;-0.110
20250916;12.91;12.85;12.98;12.81;9429996;121582371;0.25;-0.46;-0.060
20250915;13.0;12.91;13.01;12.88;8631166;111451823;0.23;-0.69;-0.090
20250912;13.15;13.0;13.23;12.98;13916114;181863198;0.37;-1.07;-0.140
20250911;13.18;13.14;13.19;12.99;14604201;190852530;0.38;-0.3;-0.040
20250910;13.23;13.18;13.27;13.13;8161111;107841797;0.21;-0.38;-0.050
20250909;13.3;13.23;13.3;13.18;6771208;89537039;0.18;-0.53;-0.070
20250908;13.28;13.3;13.35;13.24;5863052;77916217;0.15;0.08;0.010
20250905;13.39;13.29;13.4;13.24;6429952;85447123;0.17;-0.97;-0.130
20250904;13.33;13.42;13.44;13.17;9127925;121470308;0.24;0.45;0.060
20250903;13.49;13.36;13.51;13.27;9331562;124514808;0.25;-0.6;-0.080
20250902;13.54;13.44;13.58;13.43;7937553;107080639;0.21;-0.59;-0.080
20250901;13.41;13.52;13.55;13.3;9711200;130648344;0.26;0.82;0.110
20250829;13.4;13.41;13.56;13.38;9774437;131483143;0.26;-0.89;-0.120
20250828;13.72;13.53;13.72;13.38;12183292;165006191;0.32;-1.53;-0.210
20250827;13.88;13.74;13.89;13.7;9894502;136212169;0.26;-1.08;-0.150
20250826;13.94;13.89;13.97;13.87;10081201;140303558;0.27;-0.36;-0.050
20250825;13.87;13.94;13.94;13.86;9591011;133364672;0.25;0.58;0.080
20250822;13.93;13.86;13.94;13.78;6970075;96350492;0.18;-0.29;-0.040
20250821;13.76;13.9;13.92;13.73;8463188;117338191;0.22;0.94;0.130
20250820;13.8;13.77;13.83;13.7;6989124;96135725;0.18;-0.51;-0.070
20250819;13.83;13.84;13.86;13.76;6265595;86545610;0.16;0.07;0.010
20250818;13.8;13.83;13.89;13.76;7187841;99345578;0.19;0.22;0.030
20250815;13.94;13.8;13.94;13.7;12758679;175684459;0.34;-1.08;-0.150
20250814;14.01;13.95;14.05;13.95;5809403;81336837;0.15;-0.43;-0.060
20250813;14.09;14.01;14.09;13.98;8271961;115971813;0.22;-0.57;-0.080
20250812;14.0;14.09;14.12;13.99;5474173;77065704;0.14;0.21;0.030
20250811;14.28;14.06;14.29;14.05;11579621;163422363;0.3;-1.33;-0.190
20250808;14.26;14.25;14.3;14.23;4625326;65964669;0.12;-0.07;-0.010
20250807;14.22;14.26;14.27;14.14;6719554;95407829;0.18;0.28;0.040
20250806;14.3;14.22;14.35;14.22;4964851;70793489;0.13;-0.21;-0.030
20250805;14.23;14.25;14.3;14.14;4962489;70632379;0.13;0.35;0.050
20250804;14.13;14.2;14.23;14.1;5205800;73809075;0.14;0.14;0.020
20250801;14.15;14.18;14.28;14.12;6353382;90137396;0.17;0.14;0.020
20250731;14.37;14.16;14.4;14.12;8885933;125968886;0.23;-1.73;-0.250
20250730;14.4;14.41;14.53;14.26;8694473;125607015;0.23;-0.07;-0.010
20250729;14.94;14.91;14.95;14.74;10020840;148836329;0.26;-0.33;-0.050
20250728;15.2;14.96;15.21;14.94;12628500;189903017;0.33;-1.51;-0.230
20250725;15.33;15.19;15.37;15.17;7244100;110586177;0.19;-0.85;-0.130
20250724;15.33;15.32;15.34;15.12;10528404;160545149;0.28;0.0;0.000
20250723;15.2;15.32;15.41;15.2;15749245;241348318;0.41;1.26;0.190
20250722;15.04;15.13;15.2;15.04;11998044;181369842;0.32;0.6;0.090
20250721;15.05;15.04;15.08;15.0;6116896;92031528;0.16;-0.07;-0.010
20250718;14.99;15.05;15.09;14.99;5750365;86490687;0.15;0.4;0.060
20250717;15.08;14.99;15.15;14.99;7472276;112329397;0.2;-0.6;-0.090
20250716;15.05;15.08;15.11;15.01;6162705;92779212;0.16;0.13;0.020
20250715;15.22;15.06;15.28;15.02;11443100;172840692;0.3;-1.05;-0.160
20250714;15.23;15.22;15.32;15.2;9368989;142745970;0.25;-0.07;-0.010
20250711;15.39;15.23;15.55;15.23;13497300;207172040;0.35;-0.98;-0.150
20250710;15.25;15.38;15.39;15.25;6874899;105366048;0.18;0.59;0.090
20250709;15.17;15.29;15.32;15.06;9274300;141425543;0.24;0.86;0.130
20250708;15.4;15.16;15.46;15.15;14681700;223854175;0.39;-1.69;-0.260
20250707;15.31;15.42;15.43;15.18;6824001;104787766;0.18;0.78;0.120
20250704;15.24;15.3;15.49;15.24;9500067;146121311;0.25;0.26;0.040
20250703;15.37;15.26;15.37;15.22;7148638;109075265;0.19;-0.72;-0.110
20250702;15.47;15.37;15.6;15.27;8915428;137696187;0.23;-0.58;-0.090
20250701;15.33;15.46;15.49;15.33;8358300;129028336;0.22;0.78;0.120
20250630;15.35;15.34;15.5;15.28;9571400;147038120;0.25;-0.45;-0.070
20250627;15.57;15.41;15.58;15.25;13067600;200720329;0.34;-1.03;-0.160
20250626;15.72;15.57;15.72;15.52;11531700;179756306;0.3;-0.95;-0.150
20250625;15.78;15.72;15.88;15.66;8877175;139650488;0.23;-0.32;-0.050
20250624;15.82;15.77;15.91;15.62;12126013;190973950;0.32;-0.57;-0.090
20250623;16.03;15.86;16.07;15.72;7139297;113095916;0.19;-0.88;-0.140
20250620;15.74;16.0;16.08;15.72;7193598;114636529;0.19;1.39;0.220
20250619;15.79;15.78;15.94;15.75;6031444;95489418;0.16;0.0;0.000
20250618;15.76;15.78;15.86;15.75;6075301;95968987;0.16;0.13;0.020
20250617;15.79;15.76;15.96;15.74;8360913;132516724;0.22;-0.19;-0.030
20250616;16.0;15.79;16.08;15.77;8198068;130326714;0.22;-1.62;-0.260
20250613;15.85;16.05;16.1;15.85;8215462;131531317;0.22;0.94;0.150
20250612;15.86;15.9;15.93;15.78;5535120;87861345;0.15;0.0;0.000
20250611;15.84;15.9;15.98;15.74;6140036;97425046;0.16;0.57;0.090
20250610;15.86;15.81;16.0;15.79;8278317;131374435;0.22;-0.19;-0.030
20250609;16.07;15.84;16.1;15.73;8689474;137765573;0.23;-1.37;-0.220
20250606;16.24;16.06;16.24;15.97;5195174;83438659;0.14;-0.62;-0.100
20250605;16.0;16.16;16.32;16.0;7756125;125383598;0.2;1.06;0.170
20250604;15.8;15.99;16.02;15.8;6639801;105910870;0.17;0.57;0.090
20250603;16.33;15.9;16.35;15.66;12247765;194178725;0.32;-2.81;-0.460
20250530;16.14;16.36;16.39;16.07;5530430;90063458;0.15;1.68;0.270
20250529;15.95;16.09;16.12;15.9;5570664;89218595;0.15;0.5;0.080
20250528;15.75;16.01;16.02;15.7;5023875;79934249;0.13;1.46;0.230
20250527;15.88;15.78;16.08;15.75;5239710;83338606;0.14;-0.44;-0.070
20250526;15.86;15.85;16.05;15.81;5287500;84164992;0.14;0.06;0.010
20250523;16.0;15.84;16.2;15.77;6626780;105720650;0.17;-1.37;-0.220
20250522;15.8;16.06;16.06;15.73;5638760;89705951;0.15;1.65;0.260
20250521;15.72;15.8;15.87;15.71;3627760;57299960;0.1;0.64;0.100
20250520;15.66;15.7;15.98;15.65;5845500;92448176;0.15;0.26;0.040
20250519;15.3;15.66;15.79;15.26;9372600;146290484;0.25;2.69;0.410
20250516;15.43;15.25;15.48;15.17;5766900;87993477;0.15;-1.17;-0.180
20250515;15.4;15.43;15.53;15.39;5325210;82361578;0.14;0.19;0.030
20250514;15.49;15.4;15.55;15.28;6295955;96945310;0.17;-0.77;-0.120
20250513;15.43;15.52;15.55;15.33;5635200;87014132;0.15;0.52;0.080
20250512;15.36;15.44;15.5;15.15;8669100;133314917;0.23;0.32;0.050
20250509;15.2;15.39;15.47;15.16;11576500;177911000;0.3;1.38;0.210
20250508;15.09;15.18;15.23;15.02;9127613;138166785;0.24;0.6;0.090
20250507;15.0;15.09;15.18;14.94;9048585;136350111;0.24;0.47;0.070
20250506;15.28;15.02;15.28;14.9;11935312;178908230;0.31;-1.44;-0.220
20250430;15.4;15.24;15.46;15.15;7695904;117440037;0.2;-1.04;-0.160
20250429;15.8;15.4;15.82;15.31;10824800;167398769;0.28;-2.72;-0.430
20250428;15.65;15.83;16.0;15.55;5749004;91231747;0.15;1.09;0.170
20250425;15.76;15.66;15.79;15.46;6690612;104299007;0.18;-0.7;-0.110
20250424;15.62;15.77;15.87;15.62;4903700;77325084;0.13;0.96;0.150
20250423;15.86;15.62;15.9;15.58;7019179;109998641;0.18;-1.58;-0.250
20250422;15.7;15.87;15.92;15.66;6175334;97769970;0.16;1.34;0.210
20250421;15.62;15.66;15.73;15.55;4859600;76043794;0.13;0.71;0.110
20250418;15.64;15.55;15.65;15.42;4108200;63983775;0.11;-0.26;-0.040
20250417;15.9;15.59;15.9;15.52;6884500;107447305;0.18;-1.83;-0.290
20250416;15.5;15.88;15.88;15.47;7796575;122510438;0.21;2.12;0.330
20250415;15.35;15.55;15.77;15.3;8795400;137275133;0.23;1.24;0.190
20250414;15.5;15.36;15.56;15.31;13021800;200407542;0.34;-0.58;-0.090
20250411;15.31;15.45;15.49;15.29;8360101;128799679;0.22;0.26;0.040
20250410;15.5;15.41;15.6;15.12;13865696;212942253;0.36;-2.16;-0.340
20250409;15.37;15.75;15.75;15.22;12594060;194764116;0.33;2.01;0.310
20250408;15.23;15.44;15.49;15.02;13678019;209500723;0.36;0.65;0.100
20250407;15.11;15.34;15.53;14.74;15469160;234771079;0.41;-0.32;-0.050
20250403;15.3;15.39;15.45;14.96;10012981;151864380;0.26;-0.06;-0.010
20250402;15.55;15.4;15.79;15.35;13231590;205324641;0.35;-0.9;-0.140
20250401;15.28;15.54;15.56;15.01;12905712;199044139;0.34;1.7;0.260
20250331;14.95;15.28;15.29;14.89;14002003;212566142;0.37;2.69;0.400
20250328;14.54;14.88;14.99;14.5;17723894;262222624;0.47;3.12;0.450
20250327;14.44;14.43;14.7;14.38;15016800;218676529;0.39;0.63;0.090
20250326;14.28;14.34;14.45;14.13;11804200;169037028;0.31;0.49;0.070
20250325;14.29;14.27;14.33;14.18;7663600;109233662;0.2;0.0;0.000
20250324;14.26;14.27;14.48;14.2;13181300;188837601;0.35;0.07;0.010
20250321;14.21;14.26;14.32;14.15;9299000;132305243;0.24;0.35;0.050
20250320;14.32;14.21;14.53;14.18;12029700;172426746;0.32;-0.77;-0.110
20250319;14.12;14.32;14.37;14.09;11419500;162876483;0.3;1.2;0.170
20250318;14.24;14.15;14.26;14.12;9978800;141315980;0.26;-0.42;-0.060
20250317;14.43;14.21;14.51;14.16;15760600;224593337;0.41;-1.66;-0.240
20250314;14.54;14.45;14.71;14.36;12875356;186592704;0.34;-0.55;-0.080
20250313;14.35;14.53;14.67;14.35;13173622;191558912;0.35;0.76;0.110
20250312;14.59;14.42;14.59;14.35;5704677;82262006;0.15;-0.62;-0.090
20250311;14.52;14.51;14.62;14.44;6082406;88308183;0.16;0.07;0.010
20250310;14.58;14.5;14.73;14.46;6795292;98901601;0.18;-1.36;-0.200
20250307;15.08;14.7;15.08;14.67;6499000;96214484;0.17;-1.87;-0.280
20250306;15.1;14.98;15.19;14.86;8896200;133376982;0.23;-1.71;-0.260
20250305;15.58;15.24;15.58;15.2;5151078;78942680;0.14;-0.97;-0.150
20250304;15.2;15.39;15.61;15.16;8053033;124173814;0.21;0.59;0.090
20250303;15.2;15.3;15.36;14.85;10976580;165944200;0.29;0.59;0.090
20250228;15.39;15.21;15.46;15.14;7314231;111478661;0.19;-1.11;-0.170
20250227;14.92;15.38;15.45;14.86;9349286;142969206;0.25;3.01;0.450
20250226;14.75;14.93;15.1;14.55;8270502;123577113;0.22;1.29;0.190
20250225;14.59;14.74;14.88;14.51;7577478;111750793;0.2;0.75;0.110
20250224;14.42;14.63;14.66;14.34;7247060;105467615;0.19;1.04;0.150
20250221;14.52;14.48;14.58;14.25;7150200;102882186;0.19;-0.41;-0.060
20250220;14.71;14.54;14.77;14.48;6565880;95716301;0.17;-1.42;-0.210
20250219;14.71;14.75;14.8;14.49;7749841;113636709;0.2;-0.14;-0.020
20250218;14.5;14.77;14.9;14.45;9913100;146547275;0.26;0.96;0.140
20250217;14.21;14.63;14.68;14.09;12672686;182943320;0.33;2.38;0.340
20250214;14.08;14.29;14.3;13.96;9539014;135033581;0.25;1.2;0.170
20250213;14.13;14.12;14.22;14.02;5194100;73476845;0.14;-0.07;-0.010
20250212;14.15;14.13;14.18;13.98;5989000;84225762;0.16;-0.28;-0.040
20250211;14.08;14.17;14.35;14.08;7859101;111776500;0.21;0.71;0.100
20250210;14.25;14.07;14.27;14.05;7153514;100886460;0.19;-0.99;-0.140
20250207;14.2;14.21;14.38;14.15;7073640;100649938;0.19;-0.35;-0.050
20250206;14.29;14.26;14.51;14.16;7612548;108954034;0.2;-0.07;-0.010
20250205;14.7;14.27;14.7;14.21;10772955;154536977;0.28;-2.86;-0.420
20250127;14.57;14.69;14.85;14.51;7039811;103619510;0.19;1.38;0.200
20250124;14.62;14.49;14.74;14.3;9070738;131909246;0.24;-0.69;-0.100
20250123;14.48;14.59;14.66;14.39;7962910;115828718;0.21;1.39;0.200
20250122;14.47;14.39;14.56;14.35;4672081;67431132;0.12;-0.28;-0.040
20250121;14.88;14.43;14.88;14.41;10103255;147122836;0.27;-2.83;-0.420
20250120;14.85;14.85;14.9;14.77;6557181;97375431;0.17;0.0;0.000
20250117;15.05;14.85;15.08;14.72;10301400;152803481;0.27;-1.72;-0.260
20250116;15.23;15.11;15.24;14.83;7552200;113510638;0.2;-0.4;-0.060
20250115;14.82;15.17;15.24;14.77;11653336;176118914;0.31;2.15;0.320
20250114;14.83;14.85;14.98;14.73;9262700;137383764;0.24;0.13;0.020
20250113;15.13;14.83;15.17;14.7;9901155;147238227;0.26;-1.98;-0.300
20250110;15.23;15.13;15.27;14.95;7551479;114240454;0.2;-0.13;-0.020
20250109;15.4;15.15;15.4;15.11;6830000;103826501;0.18;-1.75;-0.270
20250108;15.05;15.42;15.55;15.05;10404567;160164293;0.27;1.78;0.270
20250107;15.2;15.15;15.32;15.01;7641096;115690454;0.2;-0.33;-0.050
20250106;14.86;15.2;15.27;14.8;12648810;190818903;0.33;1.67;0.250
20250103;15.42;14.95;15.45;14.87;11188516;168054770;0.29;-1.12;-0.170
20250102;15.4;15.12;15.63;15.05;16480888;251952039;0.43;-1.24;-0.190