20251022;21.71;21.16;21.76;21.0;7880100;167584814;3.4;-3.33;-0.730
20251021;21.84;21.89;22.2;21.7;7904725;173557491;3.41;-0.32;-0.070
20251020;21.74;21.96;22.2;21.43;10311270;225401504;4.45;1.9;0.410
20251017;21.8;21.55;23.09;21.48;19057892;424554173;8.23;-0.83;-0.180
20251016;21.85;21.73;22.6;21.59;10238311;224805013;4.42;0.79;0.170
20251015;21.29;21.56;22.1;21.23;8164300;175754332;3.52;2.91;0.610
20251014;21.8;20.95;22.04;20.81;8367461;179539605;3.61;-3.28;-0.710
20251013;20.5;21.66;21.82;20.21;9723487;206522906;4.2;-1.55;-0.340
20251010;22.26;22.0;22.71;21.81;8486825;187748786;3.66;-2.09;-0.470
20251009;23.07;22.47;23.16;22.4;12069927;273896871;5.21;-1.1;-0.250
20250930;22.41;22.72;23.17;22.26;12157619;277275948;5.25;0.84;0.190
20250929;21.93;22.53;22.67;21.93;9769052;218598720;4.22;3.25;0.710
20250926;22.1;21.82;22.37;21.8;7301030;160982961;3.15;-2.37;-0.530
20250925;22.6;22.35;23.02;22.3;12996645;293872700;5.61;-1.41;-0.320
20250924;21.51;22.67;22.7;21.45;13575222;301907090;5.86;5.0;1.080
20250923;21.87;21.59;22.2;21.15;9976085;214689335;4.31;-1.55;-0.340
20250922;22.0;21.93;22.42;21.61;7351270;160801418;3.17;0.37;0.080
20250919;21.95;21.85;22.7;21.76;11549278;256004123;4.99;-1.53;-0.340
20250918;22.35;22.19;22.9;21.83;13835365;310287373;5.97;-1.33;-0.300
20250917;22.74;22.49;23.01;22.45;10930444;247538068;4.72;-1.06;-0.240
20250916;22.8;22.73;23.1;22.4;14714716;333637259;6.35;-0.35;-0.080
20250915;23.44;22.81;24.07;22.79;18653814;435833313;8.05;-1.26;-0.290
20250912;23.45;23.1;23.65;22.7;16594124;383829868;7.16;-1.37;-0.320
20250911;23.4;23.42;23.74;22.67;19643189;456010792;8.48;0.09;0.020
20250910;23.42;23.4;24.2;23.05;24597314;577216806;10.62;-1.06;-0.250
20250909;23.0;23.65;24.46;22.59;38267112;902990621;16.52;3.46;0.790
20250908;23.56;22.86;24.33;22.62;36954984;855314374;15.95;-3.58;-0.850
20250905;21.08;23.71;24.3;21.08;50239426;1178560783;21.69;2.91;0.670
20250904;25.94;23.04;26.49;23.04;45054646;1115513756;19.45;-10.0;-2.560
20250903;27.3;25.6;27.37;24.84;67609947;1769203717;29.18;2.89;0.720
20250902;24.88;24.88;24.88;24.25;9605496;238802186;4.15;9.99;2.260
20250901;22.58;22.62;22.62;22.18;13659134;308733887;5.9;10.02;2.060
20250829;18.61;20.56;20.56;18.55;20800654;413919802;8.98;10.01;1.870
20250828;18.81;18.69;19.27;17.96;14727991;275002317;6.36;-1.32;-0.250
20250827;19.5;18.94;20.06;18.9;15736094;305518647;6.79;-1.76;-0.340
20250826;19.4;19.28;19.97;19.2;22436557;437526064;9.68;-1.88;-0.370
20250825;18.5;19.65;20.25;18.49;37246721;736028923;16.08;6.74;1.240
20250822;18.27;18.41;18.7;18.16;6799080;124819522;2.93;0.71;0.130
20250821;18.73;18.28;18.94;18.2;9306530;171882772;4.02;-2.82;-0.530
20250820;18.88;18.81;18.88;18.36;8787258;163469584;3.79;-0.42;-0.080
20250819;18.76;18.89;18.93;18.48;9942428;186392608;4.29;0.8;0.150
20250818;18.74;18.74;18.97;18.59;10802901;202662660;4.66;0.16;0.030
20250815;18.11;18.71;18.75;18.11;9810461;182354624;4.23;1.85;0.340
20250814;19.2;18.37;19.3;18.24;16737796;313376035;7.23;-5.11;-0.990
20250813;19.86;19.36;19.96;19.27;18736581;364620109;8.09;-3.44;-0.690
20250812;19.43;20.05;20.12;18.66;25552805;494945599;11.03;5.03;0.960
20250811;19.85;19.09;20.15;18.92;20100938;386740667;8.68;0.37;0.070
20250808;18.33;19.02;19.4;18.32;20308360;384254454;8.77;3.26;0.600
20250807;18.92;18.42;18.93;18.3;10932160;201858030;4.72;-2.64;-0.500
20250806;18.55;18.92;18.92;18.3;13594554;254169017;5.87;1.94;0.360
20250805;18.65;18.56;18.68;18.43;9378660;173745984;4.05;-0.11;-0.020
20250804;17.98;18.58;18.63;17.59;16187880;296840253;6.99;3.8;0.680
20250801;17.79;17.9;18.17;17.62;7231440;129356967;3.12;0.62;0.110
20250731;17.86;17.79;18.19;17.72;7023620;126176814;3.03;-0.73;-0.130
20250730;18.52;17.92;18.52;17.7;10004160;179834429;4.32;-2.18;-0.400
20250729;18.28;18.32;18.54;18.11;9555620;174994576;4.12;0.05;0.010
20250728;17.85;18.31;18.6;17.85;10416708;190316331;4.5;0.27;0.050
20250725;18.36;18.26;18.42;17.9;12503800;227444577;5.4;-0.11;-0.020
20250724;18.2;18.28;18.62;18.2;18305262;335647433;7.9;-0.6;-0.110
20250723;18.78;18.39;19.8;18.33;39621897;751868868;17.1;-2.02;-0.380
20250722;16.9;18.77;18.77;16.82;19605013;355171759;8.46;10.02;1.710
20250721;16.88;17.06;17.06;16.65;7428320;125728569;3.21;1.61;0.270
20250718;16.76;16.79;17.07;16.75;8479460;143131933;3.66;0.12;0.020
20250717;16.63;16.77;16.91;16.4;7482940;124676728;3.23;0.84;0.140
20250716;16.6;16.63;16.75;16.51;5886600;97915994;2.54;0.18;0.030
20250715;16.85;16.6;17.49;16.4;10099518;169806081;4.36;-0.6;-0.100
20250714;16.81;16.7;16.99;16.62;5270540;88366002;2.28;-0.65;-0.110
20250711;16.83;16.81;16.99;16.66;6228600;104895140;2.69;-1.06;-0.180
20250710;17.06;16.99;17.19;16.8;6274385;106331740;2.71;-0.35;-0.060
20250709;17.5;17.05;17.5;16.94;10613380;182003731;4.58;-2.9;-0.510
20250708;17.99;17.56;18.3;17.51;13883000;245207097;5.99;-2.28;-0.410
20250707;17.03;18.03;18.44;16.92;20865280;368506742;9.01;5.87;1.000
20250704;17.42;17.03;17.42;16.63;17246760;292055325;7.44;-3.02;-0.530
20250703;17.23;17.56;17.83;16.88;20374380;355001447;8.79;1.21;0.210
20250702;17.52;17.35;17.76;17.13;12678100;220656886;5.47;-1.42;-0.250
20250701;17.6;17.6;17.71;17.1;13190380;229459740;5.69;0.06;0.010
20250630;17.97;17.59;18.0;17.5;14941400;263298030;6.45;-1.07;-0.190
20250627;18.31;17.78;18.55;17.76;22133793;397837383;9.55;-1.88;-0.340
20250626;18.02;18.12;19.23;17.88;32659354;602745768;14.1;-2.95;-0.550
20250625;18.17;18.67;19.5;17.5;44714666;825170571;19.3;4.24;0.760
20250624;16.12;17.91;17.91;16.05;35887393;602284431;15.49;10.01;1.630
20250623;15.48;16.28;16.56;15.11;31402856;507018097;13.56;4.83;0.750
20250620;15.18;15.53;15.9;15.18;21861683;340439890;9.44;2.04;0.310
20250619;15.47;15.22;15.95;15.2;24706551;385435902;10.66;-0.59;-0.090
20250618;15.73;15.31;15.79;15.0;19881360;303137488;8.58;-2.17;-0.340
20250617;15.9;15.65;16.17;15.59;23758587;375244415;10.26;-1.82;-0.290
20250616;15.69;15.94;16.06;15.41;24136325;381381823;10.42;-1.48;-0.240
20250613;16.31;16.18;17.78;15.75;44704156;722929756;19.3;-7.54;-1.320
20250612;17.2;17.5;18.99;16.81;51907977;925516825;22.41;-4.48;-0.820
20250611;18.73;18.32;19.4;17.71;63309078;1192542839;27.33;3.85;0.680
20250610;16.88;17.64;17.64;16.08;38066285;646558875;16.43;9.98;1.600
20250609;15.3;16.04;16.04;15.15;8988669;141784843;3.88;10.01;1.460
20250606;13.25;14.58;14.58;13.21;9013980;129868014;3.89;10.04;1.330
20250605;13.45;13.25;13.48;13.19;3376000;44835333;1.46;-1.56;-0.210
20250604;13.49;13.46;13.74;13.36;2475400;33508491;1.08;0.67;0.090
20250603;13.35;13.37;13.59;13.3;2265357;30466571;0.98;-0.22;-0.030
20250530;13.85;13.4;13.87;13.37;3155780;42765096;1.37;-3.53;-0.490
20250529;13.81;13.89;13.94;13.76;2352300;32668659;1.02;0.65;0.090
20250528;13.83;13.8;13.96;13.74;1716503;23749087;0.75;-0.5;-0.070
20250527;13.82;13.87;13.93;13.61;2114740;29133401;0.92;0.73;0.100
20250526;13.63;13.77;13.78;13.55;2380400;32589491;1.03;0.95;0.130
20250523;13.81;13.64;13.98;13.61;2931260;40471415;1.27;-1.52;-0.210
20250522;13.99;13.85;14.17;13.77;3171340;44234501;1.38;-1.63;-0.230
20250521;14.02;14.08;14.16;13.89;3730520;52348209;1.62;0.43;0.060
20250520;13.9;14.02;14.05;13.76;3029660;42263351;1.32;1.15;0.160
20250519;13.81;13.86;13.86;13.6;2273020;31285185;0.99;1.02;0.140
20250516;13.51;13.72;13.84;13.5;2443945;33566505;1.06;1.25;0.170
20250515;13.68;13.55;13.73;13.51;2211625;30057332;0.96;-1.09;-0.150
20250514;13.81;13.7;13.81;13.6;2791600;38230163;1.21;-0.51;-0.070
20250513;13.93;13.77;14.08;13.72;3212320;44491712;1.4;-0.86;-0.120
20250512;13.97;13.89;14.05;13.79;4897760;67962622;2.13;1.46;0.200
20250509;13.71;13.69;14.55;13.46;7104320;98065962;3.09;0.0;0.000
20250508;13.28;13.69;13.72;13.28;4313300;58694960;1.87;2.32;0.310
20250507;13.46;13.38;13.57;13.26;3564700;47789134;1.55;-0.07;-0.010
20250506;13.12;13.39;13.4;13.12;3678900;48947025;1.6;2.21;0.290
20250430;13.07;13.1;13.25;12.9;3473500;45560990;1.51;1.24;0.160
20250429;12.65;12.94;13.14;12.65;3052800;39600462;1.33;2.45;0.310
20250428;12.8;12.63;12.91;12.56;2116460;26784808;0.92;-1.33;-0.170
20250425;12.75;12.8;12.97;12.7;2156320;27712884;0.94;0.23;0.030
20250424;13.05;12.77;13.09;12.73;2814668;36259901;1.22;-1.92;-0.250
20250423;13.06;13.02;13.09;12.89;2519568;32730762;1.09;0.62;0.080
20250422;13.05;12.94;13.15;12.94;2302940;29930892;1.0;-0.84;-0.110
20250421;12.71;13.05;13.07;12.62;2911100;37690688;1.27;2.35;0.300
20250418;12.9;12.75;13.02;12.63;2504780;31970402;1.09;-1.39;-0.180
20250417;12.7;12.93;13.1;12.67;3108325;40165443;1.35;1.65;0.210
20250416;12.7;12.72;12.96;12.51;3354225;42728589;1.46;-1.09;-0.140
20250415;12.81;12.86;13.26;12.73;4555940;59330434;1.98;0.39;0.050
20250414;12.7;12.81;12.9;12.7;2963487;37919943;1.29;1.99;0.250
20250411;12.31;12.56;12.69;12.31;2694600;33906440;1.17;0.48;0.060
20250410;12.62;12.5;12.75;12.44;4547200;57266436;1.98;1.63;0.200
20250409;11.75;12.3;12.43;11.0;5988580;70310302;2.6;2.59;0.310
20250408;11.58;11.99;12.34;11.58;5471418;65263673;2.38;-3.23;-0.400
20250407;13.0;12.39;13.0;12.39;4715820;58884933;2.05;-10.02;-1.380
20250403;13.73;13.77;14.04;13.66;2880400;39844757;1.25;-1.43;-0.200
20250402;14.35;13.97;14.86;13.95;5362400;76338916;2.33;-2.65;-0.380
20250401;13.8;14.35;14.39;13.75;5186241;73013684;2.25;4.82;0.660
20250331;13.92;13.69;13.92;13.47;2912520;39677621;1.27;-1.65;-0.230
20250328;14.13;13.92;14.26;13.92;3024480;42433463;1.31;-1.69;-0.240
20250327;14.34;14.16;14.34;13.95;3644740;51635307;1.58;-1.19;-0.170
20250326;14.0;14.33;14.52;13.98;3670421;52759883;1.6;0.28;0.040
20250325;14.56;14.29;14.56;14.19;3619620;51980648;1.57;-1.72;-0.250
20250324;15.18;14.54;15.18;14.05;8021040;116342452;3.49;-4.28;-0.650
20250321;15.9;15.19;15.95;15.16;8985363;138965136;3.9;-5.3;-0.850
20250320;15.86;16.04;16.36;15.73;11079506;178603149;4.81;1.26;0.200
20250319;15.55;15.84;15.98;15.41;6855026;107887767;2.98;0.96;0.150
20250318;15.65;15.69;15.98;15.62;5523646;87061329;2.4;0.97;0.150
20250317;15.61;15.54;15.78;15.5;3987400;62119217;1.73;-0.51;-0.080
20250314;15.47;15.62;15.65;15.16;5512867;85140222;2.4;0.84;0.130
20250313;15.9;15.49;16.0;15.32;5620180;87564347;2.44;-1.96;-0.310
20250312;15.68;15.8;15.96;15.68;7300768;115491298;3.17;1.15;0.180
20250311;15.48;15.62;15.66;15.32;5873040;90875683;2.55;-0.95;-0.150
20250310;15.53;15.77;15.78;15.47;6124787;95594247;2.66;1.35;0.210
20250307;15.99;15.56;16.0;15.37;10866400;170236972;4.72;-3.65;-0.590
20250306;15.95;16.15;16.42;15.81;12851940;206581364;5.58;1.13;0.180
20250305;16.2;15.97;16.36;15.8;14747260;236731476;6.41;-4.54;-0.760
20250304;16.56;16.73;17.2;15.98;29622412;491438810;12.87;2.01;0.330
20250303;15.2;16.4;16.4;15.2;10039285;162649677;4.36;9.99;1.490
20250228;15.6;14.91;15.83;14.75;10549448;161133036;4.58;-4.42;-0.690
20250227;15.05;15.6;16.3;15.05;16980447;266118559;7.38;4.0;0.600
20250226;14.46;15.0;15.19;14.42;9766720;145897228;4.24;4.17;0.600
20250225;14.09;14.4;14.6;13.97;6191030;89161948;2.69;1.34;0.190
20250224;14.25;14.21;14.35;14.03;4554563;64522700;1.98;-0.14;-0.020
20250221;14.24;14.23;14.26;14.03;3824700;54210222;1.66;0.14;0.020
20250220;14.2;14.21;14.3;13.98;4067780;57588307;1.77;0.07;0.010
20250219;13.8;14.2;14.22;13.78;4046120;57107193;1.76;2.01;0.280
20250218;14.3;13.92;14.53;13.86;6045380;86249297;2.63;-1.9;-0.270
20250217;14.32;14.19;14.38;14.06;4211841;59854406;1.83;-0.98;-0.140
20250214;14.17;14.33;14.6;14.14;5266440;75817425;2.29;0.99;0.140
20250213;14.11;14.19;14.63;14.02;6375800;91627493;2.77;0.35;0.050
20250212;14.05;14.14;14.22;13.86;3941840;55333240;1.71;1.07;0.150
20250211;14.1;13.99;14.2;13.92;2851500;39890102;1.24;-1.48;-0.210
20250210;14.18;14.2;14.21;13.9;4050700;56990109;1.76;1.14;0.160
20250207;14.0;14.04;14.26;13.9;5389540;75991669;2.34;0.29;0.040
20250206;13.27;14.0;14.14;13.21;6785480;92944388;2.95;5.5;0.730
20250205;13.11;13.27;13.31;13.08;2848820;37625759;1.24;2.08;0.270
20250127;13.19;13.0;13.44;13.0;2381120;31417171;1.03;-1.37;-0.180
20250124;12.92;13.18;13.19;12.91;2502380;32667771;1.09;1.38;0.180
20250123;13.3;13.0;13.42;13.0;2836820;37596408;1.23;-0.69;-0.090
20250122;13.29;13.09;13.29;13.02;1883180;24695243;0.82;-1.5;-0.200
20250121;13.56;13.29;13.56;13.2;2735057;36365245;1.19;-1.41;-0.190
20250120;13.61;13.48;13.76;13.25;4321816;58081984;1.88;-0.96;-0.130
20250117;13.39;13.61;13.69;13.39;2498700;33953071;1.09;0.44;0.060
20250116;13.51;13.55;13.76;13.32;3271660;44349580;1.42;0.3;0.040
20250115;13.47;13.51;13.57;13.2;2995820;40148882;1.3;0.75;0.100
20250114;12.81;13.41;13.42;12.81;4000920;52771946;1.74;4.68;0.600
20250113;12.81;12.81;12.91;12.56;2155955;27494301;0.94;0.0;0.000
20250110;13.08;12.81;13.37;12.81;3187760;41841010;1.39;-2.81;-0.370
20250109;12.91;13.18;13.28;12.81;3301960;43414190;1.43;2.09;0.270
20250108;13.05;12.91;13.07;12.53;3812864;48972790;1.66;-1.68;-0.220
20250107;12.95;13.13;13.15;12.9;3596121;46895340;1.56;1.39;0.180
20250106;12.55;12.95;13.1;12.25;4987061;63393983;2.17;3.11;0.390
20250103;13.2;12.56;13.29;12.56;4155820;53572634;1.81;-4.12;-0.540
20250102;13.45;13.1;13.62;12.95;4126458;54765153;1.79;-2.6;-0.350