20251022;3.75;3.89;3.97;3.72;68735672;264370858;5.58;3.18;0.120
20251021;3.73;3.77;3.79;3.61;43437668;161994786;3.52;0.53;0.020
20251020;3.58;3.75;3.77;3.58;52023620;193676393;4.22;2.74;0.100
20251017;3.61;3.65;3.76;3.59;32569602;119227058;2.64;1.11;0.040
20251016;3.58;3.61;3.64;3.57;21498952;77493529;1.74;0.28;0.010
20251015;3.6;3.6;3.65;3.57;18789945;67636549;1.52;-0.83;-0.030
20251014;3.6;3.63;3.68;3.6;29802527;108527480;2.42;0.83;0.030
20251013;3.46;3.6;3.6;3.43;21746030;76664147;1.76;1.12;0.040
20251010;3.55;3.56;3.6;3.51;21946900;78274238;1.78;0.85;0.030
20251009;3.43;3.53;3.54;3.42;21042000;73247741;1.71;2.92;0.100
20250930;3.42;3.43;3.51;3.41;11319730;39009277;0.92;0.29;0.010
20250929;3.39;3.42;3.43;3.31;13344603;45184258;1.08;0.59;0.020
20250926;3.38;3.4;3.43;3.37;10835810;36870917;0.88;0.29;0.010
20250925;3.47;3.39;3.5;3.38;16258602;55628326;1.32;-2.59;-0.090
20250924;3.39;3.48;3.49;3.38;18001270;61863589;1.46;2.05;0.070
20250923;3.48;3.41;3.49;3.35;21586075;73410168;1.75;-2.57;-0.090
20250922;3.58;3.5;3.6;3.47;19799608;69403516;1.61;-2.78;-0.100
20250919;3.53;3.6;3.6;3.5;20032059;71207551;1.63;1.98;0.070
20250918;3.6;3.53;3.64;3.51;23672922;84677386;1.92;-2.22;-0.080
20250917;3.65;3.61;3.65;3.59;19339940;69918460;1.57;-1.1;-0.040
20250916;3.58;3.65;3.67;3.58;27391940;99309921;2.22;1.96;0.070
20250915;3.6;3.58;3.62;3.54;19837868;70851758;1.61;-0.83;-0.030
20250912;3.5;3.61;3.63;3.48;37317700;133583475;3.03;3.14;0.110
20250911;3.51;3.5;3.51;3.45;17398797;60431571;1.41;0.57;0.020
20250910;3.49;3.48;3.49;3.44;13780937;47704732;1.12;0.0;0.000
20250909;3.53;3.48;3.57;3.46;19698712;69075805;1.6;-1.42;-0.050
20250908;3.49;3.53;3.54;3.46;21151940;74116995;1.72;0.86;0.030
20250905;3.44;3.5;3.5;3.37;26350302;90794192;2.14;2.04;0.070
20250904;3.43;3.43;3.48;3.36;27102700;92933206;2.2;0.0;0.000
20250903;3.62;3.43;3.64;3.39;42579571;147987269;3.45;-5.25;-0.190
20250902;3.66;3.62;3.69;3.58;35362300;127941675;2.87;-1.09;-0.040
20250901;3.52;3.66;3.73;3.51;49704276;180920841;4.03;2.81;0.100
20250829;3.61;3.56;3.64;3.52;40110780;143270961;3.25;-2.47;-0.090
20250828;3.61;3.65;3.81;3.52;74381626;269674697;6.04;1.67;0.060
20250827;3.78;3.59;3.85;3.55;106868750;392259846;8.67;-4.01;-0.150
20250826;3.4;3.74;3.74;3.38;50761933;182066391;4.12;10.0;0.340
20250825;3.42;3.4;3.43;3.36;21073032;71594095;1.71;-0.29;-0.010
20250822;3.38;3.41;3.42;3.35;25152391;85220305;2.04;0.29;0.010
20250821;3.41;3.4;3.41;3.37;15151892;51353842;1.23;0.0;0.000
20250820;3.36;3.4;3.4;3.35;18848320;63786332;1.53;1.19;0.040
20250819;3.33;3.36;3.38;3.31;16373528;54892891;1.33;0.9;0.030
20250818;3.32;3.33;3.37;3.31;21086312;70384675;1.71;0.91;0.030
20250815;3.27;3.3;3.32;3.27;16960552;55834533;1.38;0.61;0.020
20250814;3.36;3.28;3.38;3.28;18736370;62225449;1.52;-2.38;-0.080
20250813;3.39;3.36;3.4;3.35;19054730;64230714;1.55;-1.18;-0.040
20250812;3.4;3.4;3.42;3.38;18243896;61980355;1.48;0.29;0.010
20250811;3.37;3.39;3.4;3.35;18870638;63703939;1.53;0.89;0.030
20250808;3.29;3.36;3.38;3.27;23355990;77709462;1.9;2.13;0.070
20250807;3.3;3.29;3.31;3.26;10919742;35859872;0.89;-0.6;-0.020
20250806;3.28;3.31;3.31;3.26;14545510;47892831;1.18;0.91;0.030
20250805;3.26;3.28;3.29;3.25;11701982;38232360;0.95;0.61;0.020
20250804;3.19;3.26;3.27;3.19;13703470;44422471;1.11;1.24;0.040
20250801;3.19;3.22;3.24;3.18;14104810;45461957;1.14;0.94;0.030
20250731;3.28;3.19;3.29;3.19;18930690;60981855;1.54;-2.74;-0.090
20250730;3.3;3.28;3.32;3.25;16139750;52993691;1.31;-0.3;-0.010
20250729;3.32;3.29;3.33;3.24;18753700;61422880;1.52;-0.9;-0.030
20250728;3.36;3.32;3.36;3.31;22012761;73228555;1.79;-2.35;-0.080
20250725;3.37;3.4;3.44;3.35;23375750;79406878;1.9;0.29;0.010
20250724;3.34;3.39;3.39;3.31;26562344;89173570;2.16;1.19;0.040
20250723;3.43;3.35;3.47;3.33;32549703;110443737;2.64;-1.18;-0.040
20250722;3.37;3.39;3.41;3.31;34827763;117254394;2.83;1.19;0.040
20250721;3.31;3.35;3.37;3.29;26457370;88511091;2.15;1.21;0.040
20250718;3.3;3.31;3.37;3.28;17547850;58111497;1.42;0.61;0.020
20250717;3.31;3.29;3.34;3.27;17509650;57750487;1.42;-0.9;-0.030
20250716;3.29;3.32;3.34;3.29;13830538;45807407;1.12;0.61;0.020
20250715;3.36;3.3;3.36;3.27;21942300;72449257;1.78;-1.49;-0.050
20250714;3.33;3.35;3.37;3.29;23000267;76921580;1.87;0.3;0.010
20250711;3.33;3.34;3.35;3.28;25291540;83873691;2.05;0.3;0.010
20250710;3.25;3.33;3.35;3.25;33684260;111474693;2.73;2.15;0.070
20250709;3.28;3.26;3.31;3.25;15893790;52093323;1.29;-0.31;-0.010
20250708;3.25;3.27;3.29;3.23;13178010;43034590;1.07;0.62;0.020
20250707;3.18;3.25;3.25;3.16;17600514;56633522;1.43;2.2;0.070
20250704;3.21;3.18;3.23;3.16;14445600;46147157;1.17;-0.93;-0.030
20250703;3.24;3.21;3.26;3.2;12730850;40996935;1.03;-0.93;-0.030
20250702;3.24;3.24;3.24;3.2;12119617;39076065;0.98;0.0;0.000
20250701;3.23;3.24;3.25;3.21;11216930;36215174;0.91;0.31;0.010
20250630;3.25;3.23;3.26;3.22;11826970;38284264;0.96;-0.31;-0.010
20250627;3.18;3.24;3.25;3.15;19051570;61504903;1.55;2.21;0.070
20250626;3.19;3.17;3.21;3.14;13836739;43939078;1.12;-0.31;-0.010
20250625;3.17;3.18;3.19;3.13;13265266;41951408;1.08;0.0;0.000
20250624;3.14;3.18;3.18;3.1;13718940;43392484;1.11;1.27;0.040
20250623;3.06;3.14;3.15;3.04;15191272;47332754;1.23;2.28;0.070
20250620;3.09;3.07;3.12;3.06;9812482;30275553;0.8;-0.65;-0.020
20250619;3.14;3.09;3.15;3.07;15722120;48663540;1.28;-1.59;-0.050
20250618;3.16;3.14;3.18;3.12;12146950;38188391;0.99;-0.95;-0.030
20250617;3.22;3.17;3.25;3.15;16999312;54069338;1.38;-0.63;-0.020
20250616;3.18;3.19;3.28;3.18;19675490;62997435;1.6;-1.54;-0.050
20250613;3.29;3.24;3.29;3.22;15376540;49828750;1.25;-1.22;-0.040
20250612;3.28;3.28;3.29;3.25;15576172;50940065;1.26;-0.3;-0.010
20250611;3.3;3.29;3.32;3.28;16547500;54663975;1.34;0.0;0.000
20250610;3.37;3.29;3.38;3.25;21769040;72042420;1.77;-1.79;-0.060
20250609;3.34;3.35;3.38;3.3;25959300;86562984;2.11;0.3;0.010
20250606;3.29;3.34;3.47;3.27;37469130;126006282;3.04;2.45;0.080
20250605;3.25;3.26;3.31;3.22;15936890;51739890;1.29;-0.91;-0.030
20250604;3.23;3.29;3.29;3.22;14412220;46897049;1.17;1.86;0.060
20250603;3.23;3.23;3.27;3.22;11037380;35726597;0.9;-0.62;-0.020
20250530;3.3;3.25;3.3;3.23;12258400;39879054;0.99;-1.52;-0.050
20250529;3.25;3.3;3.31;3.25;11971120;39416357;0.97;0.92;0.030
20250528;3.29;3.27;3.35;3.26;11863370;38983863;0.96;-0.61;-0.020
20250527;3.27;3.29;3.3;3.24;12251126;40005133;0.99;0.3;0.010
20250526;3.28;3.28;3.32;3.26;13606836;44627301;1.1;0.0;0.000
20250523;3.28;3.28;3.34;3.27;16625780;54914243;1.35;-0.3;-0.010
20250522;3.36;3.29;3.39;3.28;18749000;62361461;1.52;-2.37;-0.080
20250521;3.38;3.37;3.4;3.33;18006320;60574708;1.46;0.0;0.000
20250520;3.34;3.37;3.38;3.31;19779220;66160608;1.6;0.9;0.030
20250519;3.24;3.34;3.35;3.24;29965030;99287766;2.43;4.05;0.130
20250516;3.2;3.21;3.23;3.2;9809870;31506326;0.8;-0.31;-0.010
20250515;3.25;3.22;3.27;3.21;15220780;49246443;1.23;-0.92;-0.030
20250514;3.21;3.25;3.29;3.18;17706520;57377152;1.44;1.25;0.040
20250513;3.24;3.21;3.24;3.19;12405610;39863702;1.01;0.31;0.010
20250512;3.25;3.2;3.25;3.17;13753510;43973682;1.12;-0.93;-0.030
20250509;3.24;3.23;3.29;3.21;18543593;60078002;1.5;-0.62;-0.020
20250508;3.2;3.25;3.26;3.17;16071240;51918218;1.3;1.25;0.040
20250507;3.2;3.21;3.22;3.16;21064210;67171718;1.71;1.26;0.040
20250506;3.09;3.17;3.17;3.08;16697320;52411102;1.35;2.59;0.080
20250430;3.03;3.09;3.13;3.03;21671690;67087431;1.76;2.32;0.070
20250429;2.99;3.02;3.03;2.95;12219913;36753190;0.99;1.0;0.030
20250428;3.05;2.99;3.05;2.95;20831521;62352824;1.69;-2.92;-0.090
20250425;3.02;3.08;3.09;2.99;16587080;50612008;1.35;1.65;0.050
20250424;3.07;3.03;3.11;3.03;13147040;40204047;1.07;-1.62;-0.050
20250423;3.11;3.08;3.12;3.06;14492735;44688497;1.18;-0.96;-0.030
20250422;3.08;3.11;3.12;3.08;12212683;37870921;0.99;0.32;0.010
20250421;3.16;3.1;3.16;3.08;17426600;54303003;1.41;-0.32;-0.010
20250418;3.08;3.11;3.12;3.04;15826510;48742744;1.28;1.3;0.040
20250417;3.03;3.07;3.1;2.99;14719240;45025498;1.19;1.32;0.040
20250416;3.11;3.03;3.12;3.0;18812735;57348902;1.53;-2.57;-0.080
20250415;3.12;3.11;3.14;3.07;17792640;55215724;1.44;-0.32;-0.010
20250414;3.06;3.12;3.18;3.05;26013600;81239083;2.11;2.97;0.090
20250411;3.01;3.03;3.08;2.99;19693540;60038125;1.6;-0.33;-0.010
20250410;2.94;3.04;3.08;2.94;31207373;94669905;2.53;3.75;0.110
20250409;2.82;2.93;2.96;2.62;32371428;90938871;2.63;1.38;0.040
20250408;2.85;2.89;2.97;2.82;34477710;99350924;2.8;-1.37;-0.040
20250407;3.09;2.93;3.09;2.93;41301300;122852281;3.35;-10.12;-0.330
20250403;3.16;3.26;3.3;3.13;25025090;80963833;2.03;1.56;0.050
20250402;3.26;3.21;3.27;3.21;19238405;62177320;1.56;-2.43;-0.080
20250401;3.24;3.29;3.29;3.17;27604634;89380604;2.24;1.86;0.060
20250331;3.35;3.23;3.4;3.22;36580996;119955991;2.97;-5.56;-0.190
20250328;3.5;3.42;3.52;3.3;67976318;229025922;5.52;-3.39;-0.120
20250327;3.44;3.54;3.7;3.44;97079117;347425531;7.88;4.73;0.160
20250326;3.4;3.38;3.42;3.37;19144950;64923958;1.55;-0.29;-0.010
20250325;3.37;3.39;3.41;3.34;25493000;86276163;2.07;0.59;0.020
20250324;3.4;3.37;3.41;3.28;32948680;109776590;2.67;-1.17;-0.040
20250321;3.45;3.41;3.46;3.38;32089037;109830708;2.6;-0.87;-0.030
20250320;3.43;3.44;3.5;3.42;31418643;108621133;2.55;0.29;0.010
20250319;3.47;3.43;3.49;3.4;34881857;120139110;2.83;-1.15;-0.040
20250318;3.56;3.47;3.58;3.45;50608537;176182165;4.11;-3.07;-0.110
20250317;3.52;3.58;3.61;3.48;60949650;216605772;4.95;1.7;0.060
20250314;3.52;3.52;3.54;3.46;69456555;242830119;5.64;0.86;0.030
20250313;3.53;3.49;3.69;3.46;140268748;497119022;11.38;-1.97;-0.070
20250312;3.23;3.56;3.56;3.23;87291202;302154154;7.08;9.88;0.320
20250311;3.15;3.24;3.28;3.12;55812835;179616296;4.53;2.53;0.080
20250310;3.1;3.16;3.21;3.09;34514590;109267573;2.8;1.61;0.050
20250307;3.09;3.11;3.16;3.08;29130200;91093288;2.36;0.0;0.000
20250306;3.09;3.11;3.12;3.06;20747526;64206882;1.68;0.65;0.020
20250305;3.13;3.09;3.14;3.02;33214184;101923105;2.69;-1.59;-0.050
20250304;3.13;3.14;3.14;3.1;28239728;88093062;2.29;-0.32;-0.010
20250303;3.16;3.15;3.23;3.13;38336080;121541441;3.11;-0.94;-0.030
20250228;3.18;3.18;3.26;3.16;46408896;149310194;3.77;-0.63;-0.020
20250227;3.18;3.2;3.21;3.12;39388680;125027173;3.2;0.63;0.020
20250226;3.13;3.18;3.2;3.13;25178930;79662956;2.04;1.6;0.050
20250225;3.15;3.13;3.2;3.13;25755510;81325038;2.09;-0.95;-0.030
20250224;3.14;3.16;3.21;3.11;34210204;108112226;2.78;0.64;0.020
20250221;3.19;3.14;3.2;3.12;33038343;103891992;2.68;-2.18;-0.070
20250220;3.17;3.21;3.22;3.15;33547428;107026442;2.72;1.26;0.040
20250219;3.15;3.17;3.19;3.12;25626450;80718185;2.08;1.6;0.050
20250218;3.27;3.12;3.27;3.11;39992570;126921628;3.24;-4.29;-0.140
20250217;3.15;3.26;3.27;3.12;54569314;175386960;4.43;3.49;0.110
20250214;3.16;3.15;3.21;3.13;35855900;113324696;2.91;0.0;0.000
20250213;3.16;3.15;3.19;3.15;30249600;95821130;2.45;-0.63;-0.020
20250212;3.17;3.17;3.2;3.12;35852513;112851492;2.91;0.0;0.000
20250211;3.22;3.17;3.24;3.15;24842739;78755494;2.02;-1.55;-0.050
20250210;3.15;3.22;3.22;3.14;31470358;100084709;2.55;2.22;0.070
20250207;3.11;3.15;3.18;3.1;30551880;96080710;2.48;1.29;0.040
20250206;3.08;3.11;3.11;3.04;25160590;77559033;2.04;0.97;0.030
20250205;3.03;3.08;3.1;3.0;26652310;81697607;2.16;2.33;0.070
20250127;3.02;3.01;3.07;3.0;22700948;68798247;1.84;-0.33;-0.010
20250124;3.03;3.02;3.04;3.0;26980728;81468560;2.19;0.0;0.000
20250123;3.07;3.02;3.12;3.02;28841512;88486778;2.34;-0.98;-0.030
20250122;3.13;3.05;3.14;3.04;27271108;83713377;2.21;-1.93;-0.060
20250121;3.19;3.11;3.21;3.11;27977013;88025856;2.27;-1.89;-0.060
20250120;3.15;3.17;3.22;3.07;37027405;116507988;3.0;0.63;0.020
20250117;3.22;3.15;3.24;3.14;43058235;136585294;3.49;-3.37;-0.110
20250116;3.19;3.26;3.34;3.19;59460875;193675983;4.82;2.52;0.080
20250115;3.24;3.18;3.26;3.16;46566447;148935960;3.78;-2.45;-0.080
20250114;3.13;3.26;3.28;3.09;64948583;207998790;5.27;3.49;0.110
20250113;3.11;3.15;3.21;3.0;75160679;231713376;6.1;-2.48;-0.080
20250110;3.08;3.23;3.41;3.08;125127317;412719448;10.15;4.19;0.130
20250109;3.04;3.1;3.1;3.04;45383948;139669886;3.68;0.98;0.030
20250108;3.04;3.07;3.09;2.97;54167512;164724187;4.4;-0.32;-0.010
20250107;3.03;3.08;3.08;2.97;63679427;192798005;5.17;1.99;0.060
20250106;3.12;3.02;3.18;2.99;60380905;185289154;4.9;-4.13;-0.130
20250103;3.4;3.15;3.41;3.12;76786985;249380187;6.23;-7.35;-0.250
20250102;3.34;3.4;3.49;3.29;79230422;268359598;6.43;0.59;0.020