20251022;53.46;53.58;53.9;53.4;1781523;95628706;0.37;0.21;0.110
20251021;53.4;53.47;53.66;53.32;1473223;78797403;0.3;0.22;0.120
20251020;53.44;53.35;53.62;53.28;1610662;86040525;0.33;-0.06;-0.030
20251017;53.93;53.38;54.07;53.34;2085864;111858018;0.43;-1.22;-0.660
20251016;53.92;54.04;54.31;53.77;2181058;117785671;0.45;0.22;0.120
20251015;53.86;53.92;54.24;53.76;2437843;131581083;0.5;0.0;0.000
20251014;53.39;53.92;53.99;53.27;3225282;173276202;0.67;0.99;0.530
20251013;53.37;53.39;53.63;53.15;2915786;155567597;0.6;-1.07;-0.580
20251010;53.61;53.97;54.16;53.45;2563085;138223538;0.53;0.6;0.320
20251009;53.35;53.65;53.78;53.18;2494101;133341883;0.52;0.11;0.060
20250930;53.5;53.59;53.8;53.5;1668951;89541541;0.34;-0.24;-0.130
20250929;54.01;53.72;54.02;53.3;2857198;153266682;0.59;-0.67;-0.360
20250926;53.43;54.08;54.2;53.31;2423080;130275689;0.5;0.75;0.400
20250925;53.8;53.68;53.95;53.28;2359097;126391732;0.49;-0.22;-0.120
20250924;53.4;53.8;53.93;53.08;2166175;115892943;0.45;0.77;0.410
20250923;54.05;53.39;54.09;53.06;2724225;145598911;0.56;-1.31;-0.710
20250922;54.39;54.1;54.47;54.02;2138501;115840799;0.44;-1.06;-0.580
20250919;54.13;54.68;54.7;54.0;2699940;146665157;0.56;0.63;0.340
20250918;54.68;54.34;54.75;54.12;3143476;170988706;0.65;-0.62;-0.340
20250917;54.07;54.68;54.69;53.93;4014585;218486484;0.83;1.13;0.610
20250916;54.16;54.07;54.28;53.91;2893400;156437034;0.6;-0.17;-0.090
20250915;54.43;54.16;54.43;54.08;3673580;199047432;0.76;-0.64;-0.350
20250912;54.8;54.51;54.9;54.51;3962364;216390919;0.82;-0.62;-0.340
20250911;54.88;54.85;54.88;54.5;3896576;212954423;0.81;0.04;0.020
20250910;54.97;54.83;55.06;54.82;2225512;122159601;0.46;-0.24;-0.130
20250909;55.08;54.96;55.09;54.74;2912971;159833968;0.6;-0.22;-0.120
20250908;54.99;55.08;55.13;54.72;4840060;265988979;1.0;0.15;0.080
20250905;54.96;55.0;55.08;54.68;3419748;187702849;0.71;0.07;0.040
20250904;54.52;54.96;55.15;54.34;4712235;257914486;0.97;0.55;0.300
20250903;55.09;54.66;55.4;54.54;4276179;234288106;0.88;-0.67;-0.370
20250902;55.05;55.03;55.3;54.72;4941076;271726027;1.02;-0.07;-0.040
20250901;55.36;55.07;55.42;54.9;5432901;299389185;1.12;-0.65;-0.360
20250829;55.0;55.43;55.69;54.89;6044577;335032868;1.25;0.67;0.370
20250828;55.31;55.06;55.43;54.38;6477603;355848553;1.34;-0.43;-0.240
20250827;55.9;55.3;56.1;55.2;7595560;422642479;1.57;-1.07;-0.600
20250826;56.35;55.9;56.77;55.9;11620618;653521404;2.4;-0.97;-0.550
20250825;55.86;56.45;56.77;55.82;9689408;544468165;2.0;1.26;0.700
20250822;55.72;55.75;55.81;55.5;5048773;280900106;1.04;-0.11;-0.060
20250821;55.98;55.81;55.98;55.5;5901369;328974133;1.22;-0.41;-0.230
20250820;55.36;56.04;56.34;55.1;6807663;379881162;1.41;1.23;0.680
20250819;55.26;55.36;55.76;55.2;4578670;253786698;0.95;0.09;0.050
20250818;55.16;55.31;55.43;55.02;5083853;280920178;1.05;0.09;0.050
20250815;54.77;55.26;55.32;54.65;5874200;322801492;1.21;-0.56;-0.310
20250814;55.42;55.57;56.06;55.33;3982129;221770570;0.82;0.32;0.180
20250813;55.43;55.39;55.58;55.21;3191061;176800443;0.66;-0.05;-0.030
20250812;55.25;55.42;55.66;55.09;3553586;196842402;0.73;0.31;0.170
20250811;55.19;55.25;55.4;54.9;2948730;162733905;0.61;0.13;0.070
20250808;55.4;55.18;55.52;55.15;2534700;140044204;0.52;-0.5;-0.280
20250807;55.37;55.46;55.65;55.3;2789600;154706704;0.58;0.18;0.100
20250806;55.35;55.36;55.46;55.19;2490891;137828509;0.51;0.02;0.010
20250805;55.26;55.35;55.38;55.08;3723800;205562048;0.77;0.18;0.100
20250804;55.08;55.25;55.4;55.01;2538890;140187216;0.52;0.0;0.000
20250801;55.16;55.25;55.43;55.08;2567427;141827696;0.53;0.05;0.030
20250731;56.35;55.22;56.35;55.11;4902768;272676803;1.01;-2.11;-1.190
20250730;56.22;56.41;57.1;56.04;5127109;290780382;1.06;0.34;0.190
20250729;56.44;56.22;56.66;56.01;3026551;170114115;0.63;-0.51;-0.290
20250728;56.48;56.51;57.06;56.23;4286982;242711634;0.89;0.0;0.000
20250725;56.25;56.51;57.38;56.25;6427665;364888905;1.33;0.39;0.220
20250724;55.84;56.29;56.37;55.64;6773760;379055765;1.4;0.64;0.360
20250723;56.3;55.93;56.5;55.81;5194346;291496324;1.07;-0.64;-0.360
20250722;55.41;56.29;56.34;55.28;8007697;447380079;1.65;1.62;0.900
20250721;55.35;55.39;55.4;55.15;3566204;197275487;0.74;0.07;0.040
20250718;55.14;55.35;55.35;55.02;3650381;201434655;0.75;0.4;0.220
20250717;55.28;55.13;55.49;55.07;3150692;173868481;0.65;-0.16;-0.090
20250716;55.06;55.22;55.29;55.05;1899519;104846197;0.39;0.16;0.090
20250715;55.6;55.13;55.6;55.0;3109968;171739409;0.64;-0.83;-0.460
20250714;55.4;55.59;55.63;55.1;3677614;203618718;0.76;0.4;0.220
20250711;55.4;55.37;55.68;55.22;4441410;246247979;0.92;-0.07;-0.040
20250710;55.31;55.41;55.55;55.09;3196235;176753886;0.66;0.14;0.080
20250709;55.22;55.33;55.59;55.16;4112474;227543913;0.85;0.22;0.120
20250708;55.14;55.21;55.29;55.07;3053600;168420308;0.63;0.13;0.070
20250707;55.6;55.14;55.65;55.08;2549962;141057580;0.53;-0.33;-0.180
20250704;55.17;55.32;55.38;55.02;2568926;141941971;0.53;0.18;0.100
20250703;55.14;55.22;55.28;55.01;2240421;123568195;0.46;0.15;0.080
20250702;54.96;55.14;55.33;54.92;2485900;136930243;0.51;0.15;0.080
20250701;55.26;55.06;55.27;54.91;2193220;120628402;0.45;-0.07;-0.040
20250630;55.05;55.1;55.3;54.82;2387411;131385107;0.49;0.09;0.050
20250627;55.15;55.05;55.32;54.83;2102482;115867038;0.43;-0.09;-0.050
20250626;55.36;55.1;55.52;55.08;2893254;159905562;0.6;-0.83;-0.460
20250625;55.14;55.56;55.57;54.93;2960831;163520174;0.61;0.76;0.420
20250624;54.57;55.14;55.16;54.57;2459479;135159745;0.51;1.12;0.610
20250623;54.48;54.53;54.65;54.13;2419524;131620568;0.5;-0.53;-0.290
20250620;54.96;54.82;55.28;54.68;2658451;146093895;0.55;0.16;0.090
20250619;56.25;55.63;56.31;55.5;3017143;168308831;0.62;-1.21;-0.680
20250618;56.99;56.31;57.07;56.26;2492050;141041557;0.51;-0.3;-0.170
20250617;56.39;56.48;56.57;56.27;2017450;113842469;0.42;0.37;0.210
20250616;56.27;56.27;56.65;56.2;3456953;194899141;0.71;-0.79;-0.450
20250613;56.6;56.72;56.83;56.13;3704706;209167217;0.77;-0.04;-0.020
20250612;57.69;56.74;57.7;56.66;5266390;300037964;1.09;-1.68;-0.970
20250611;57.61;57.71;57.87;57.52;2360400;136233326;0.49;0.19;0.110
20250610;58.01;57.6;58.42;57.37;3888034;224955747;0.8;-0.96;-0.560
20250609;57.95;58.16;58.22;57.56;3679321;213154626;0.76;0.36;0.210
20250606;58.7;57.95;58.77;57.9;4156760;241854021;0.86;-1.36;-0.800
20250605;60.13;58.75;60.5;58.59;6348854;375850486;1.31;-2.76;-1.670
20250604;58.37;60.42;60.49;58.3;7080210;421513426;1.46;3.32;1.940
20250603;57.75;58.48;59.2;57.6;4037824;236547321;0.83;1.18;0.680
20250530;58.61;57.8;59.19;57.8;3405976;198845728;0.7;-1.45;-0.850
20250529;58.46;58.65;58.96;58.01;4609380;269881588;0.95;-0.19;-0.110
20250528;57.24;58.76;58.95;57.07;7409863;432725414;1.53;2.64;1.510
20250527;56.7;57.25;58.13;56.59;6721431;387723470;1.39;1.18;0.670
20250526;56.72;56.58;57.25;56.36;2374058;134641607;0.49;-0.21;-0.120
20250523;57.18;56.7;57.78;56.7;3088000;176391902;0.64;-1.15;-0.660
20250522;57.34;57.36;58.2;57.12;3462151;199356578;0.72;0.0;0.000
20250521;58.07;57.36;58.15;57.08;3963093;228122836;0.82;-0.93;-0.540
20250520;57.35;57.9;58.14;57.23;4435549;256110013;0.92;1.12;0.640
20250519;56.86;57.26;57.26;56.28;2846459;162111660;0.59;0.7;0.400
20250516;57.27;56.86;57.29;56.63;2194860;124824616;0.45;-0.46;-0.260
20250515;57.25;57.12;57.46;56.9;3085304;176496581;0.64;-0.45;-0.260
20250514;57.2;57.38;57.5;56.76;3791217;216559643;0.78;0.17;0.100
20250513;57.6;57.28;57.68;57.02;2664012;152299707;0.55;-0.03;-0.020
20250512;57.47;57.3;58.06;57.06;6526633;375242230;1.35;0.16;0.090
20250509;57.5;57.21;57.67;57.06;3294436;188781912;0.68;-0.03;-0.020
20250508;57.2;57.23;57.69;56.81;3630313;208001601;0.75;-0.5;-0.290
20250507;58.0;57.52;58.24;57.01;4937200;283189351;1.02;-0.47;-0.270
20250506;58.0;57.79;58.27;57.36;4123841;238159636;0.85;0.03;0.020
20250430;56.85;57.77;57.8;56.84;5574030;321186359;1.15;1.91;1.080
20250429;56.01;56.69;56.77;55.27;3641700;203847581;0.75;0.87;0.490
20250428;56.66;56.2;56.97;56.04;2694004;151680288;0.56;-0.74;-0.420
20250425;56.49;56.62;57.24;56.4;3533856;200829693;0.73;0.28;0.160
20250424;56.01;56.46;56.69;56.01;2064801;116616257;0.43;-0.25;-0.140
20250423;56.91;56.6;57.18;56.4;2607281;147798196;0.54;-0.54;-0.310
20250422;57.02;56.91;57.48;56.85;2782222;158857941;0.57;-0.47;-0.270
20250421;57.74;57.18;57.85;57.02;3355972;192461342;0.69;-0.95;-0.550
20250418;59.0;57.73;59.07;57.67;3898315;226446575;0.81;-2.48;-1.470
20250417;58.88;59.2;59.6;58.68;2676385;158379870;0.55;-0.22;-0.130
20250416;58.77;59.33;59.33;58.32;2851191;167596757;0.59;0.59;0.350
20250415;58.38;58.98;59.3;58.06;3373826;198401443;0.7;1.01;0.590
20250414;58.45;58.39;59.0;58.06;3306848;193582212;0.68;-0.76;-0.450
20250411;59.99;58.84;60.22;58.39;3764073;222601496;0.78;-1.93;-1.160
20250410;59.8;60.0;60.48;58.69;5773922;344956702;1.19;0.35;0.210
20250409;58.69;59.79;59.98;57.0;5830379;342022685;1.2;1.77;1.040
20250408;55.94;58.75;58.75;55.9;6725968;387147940;1.39;3.98;2.250
20250407;57.0;56.5;58.85;54.0;8880778;502376351;1.83;-5.55;-3.320
20250403;58.66;59.82;59.96;58.08;5030336;298537857;1.04;0.71;0.420
20250402;59.88;59.4;60.5;59.14;3424558;204918370;0.71;-0.92;-0.550
20250401;58.79;59.95;60.09;58.54;5046269;301010821;1.04;2.43;1.420
20250331;58.89;58.53;59.68;58.5;3480306;205319249;0.72;-0.49;-0.290
20250328;59.01;58.82;59.49;58.8;2473802;146238914;0.51;-0.64;-0.380
20250327;58.46;59.2;59.3;58.35;2994255;176482149;0.62;0.75;0.440
20250326;58.94;58.76;59.28;58.31;2932699;172484935;0.61;-0.63;-0.370
20250325;58.51;59.13;59.8;58.42;3916100;231430059;0.81;0.78;0.460
20250324;58.44;58.67;58.9;58.07;3242301;189786546;0.67;0.38;0.220
20250321;58.24;58.45;58.82;57.95;3394753;197946047;0.7;0.38;0.220
20250320;60.0;58.23;60.0;58.03;5204180;305685753;1.08;-2.46;-1.470
20250319;59.02;59.7;60.0;58.67;4881375;289567240;1.01;1.07;0.630
20250318;59.1;59.07;59.5;58.5;4139354;244148834;0.86;-0.42;-0.250
20250317;58.92;59.32;59.71;57.4;8935200;525007187;1.85;0.68;0.400
20250314;57.0;58.92;59.24;56.9;10688427;623464293;2.21;3.62;2.060
20250313;56.88;56.86;57.86;56.39;3985988;227282019;0.82;-0.04;-0.020
20250312;58.12;56.88;58.79;56.84;5788153;332996391;1.2;-1.16;-0.670
20250311;55.2;57.55;57.65;55.15;7390249;418252649;1.53;3.51;1.950
20250310;55.57;55.6;55.7;55.14;2512783;139285213;0.52;0.05;0.030
20250307;55.45;55.57;55.8;55.05;3839136;212461456;0.79;0.11;0.060
20250306;55.5;55.51;55.55;55.01;4315797;238691106;0.89;0.56;0.310
20250305;55.45;55.2;55.58;54.9;2665121;146873003;0.55;-0.45;-0.250
20250304;55.5;55.45;55.58;54.8;2666948;147307463;0.55;-0.23;-0.130
20250303;56.55;55.58;57.57;55.5;4990211;280982448;1.03;-1.07;-0.600
20250228;56.87;56.18;57.67;56.18;4426127;252281734;0.91;-1.23;-0.700
20250227;56.33;56.88;57.15;56.04;4481423;254468278;0.93;0.98;0.550
20250226;55.33;56.33;56.35;55.33;4696172;263356568;0.97;1.81;1.000
20250225;56.53;55.33;56.64;55.3;4124791;230687028;0.85;-2.45;-1.390
20250224;56.9;56.72;57.26;56.41;3774485;214432409;0.78;-0.6;-0.340
20250221;57.55;57.06;57.93;56.83;4001223;228655352;0.83;-0.89;-0.510
20250220;57.0;57.57;57.82;56.88;3718281;213452502;0.77;0.65;0.370
20250219;57.05;57.2;57.2;56.4;4054084;230706193;0.84;0.03;0.020
20250218;56.6;57.18;57.85;56.17;6169510;353193035;1.27;1.17;0.660
20250217;56.67;56.52;56.77;56.01;3716814;209454383;0.77;-0.48;-0.270
20250214;56.9;56.79;57.05;56.52;2800442;158942173;0.58;-0.16;-0.090
20250213;56.83;56.88;57.5;56.83;4574880;261396178;0.95;0.14;0.080
20250212;56.8;56.8;57.05;56.4;3583663;202904577;0.74;-0.12;-0.070
20250211;55.92;56.87;57.45;55.9;7488538;424865740;1.55;1.74;0.970
20250210;55.2;55.9;56.01;54.82;5568587;308892507;1.15;1.27;0.700
20250207;54.3;55.2;55.5;54.11;5446405;299935934;1.13;0.58;0.320
20250206;54.48;54.88;54.96;54.21;3380872;184653472;0.7;0.75;0.410
20250205;55.31;54.47;55.44;54.0;3556566;193739616;0.73;-1.39;-0.770
20250127;54.47;55.24;55.44;54.45;5253109;288864141;1.09;1.53;0.830
20250124;54.2;54.41;54.47;53.67;4581275;247751311;0.95;0.39;0.210
20250123;54.73;54.2;55.0;54.11;4293370;234233911;0.89;0.11;0.060
20250122;55.0;54.14;55.01;53.71;6171351;334063324;1.28;-1.56;-0.860
20250121;57.3;55.0;57.43;54.85;9331390;518717727;1.93;-3.2;-1.820
20250120;57.06;56.82;57.8;56.66;4038338;231477558;0.83;0.26;0.150
20250117;56.06;56.67;56.96;55.68;4948919;279694957;1.02;1.09;0.610
20250116;57.7;56.06;58.08;55.6;8267600;467182811;1.71;-2.5;-1.440
20250115;58.0;57.5;58.14;57.41;2760244;159139260;0.57;-1.07;-0.620
20250114;57.23;58.12;58.36;57.15;4136361;239642994;0.85;1.43;0.820
20250113;56.4;57.3;57.53;56.2;3341554;189866225;0.69;1.45;0.820
20250110;56.92;56.48;57.48;56.29;2797781;158961269;0.58;-0.77;-0.440
20250109;57.3;56.92;57.88;56.56;4367481;249145727;0.9;-1.21;-0.700
20250108;59.81;57.62;59.81;56.79;7363232;425854625;1.52;-3.66;-2.190
20250107;60.26;59.81;60.45;59.28;3214690;191866285;0.66;-0.6;-0.360
20250106;60.28;60.17;61.78;59.88;4072835;246820934;0.84;-2.51;-1.550
20250103;62.72;61.72;63.15;61.36;3720999;231581286;0.77;-1.59;-1.000
20250102;63.05;62.72;64.4;62.35;4777700;302511641;0.99;-0.48;-0.300