20251022;29.38;29.89;30.25;29.38;18047027;538667661;3.26;3.75;1.080
20251021;28.66;28.81;28.86;28.63;2402199;69130863;0.43;0.63;0.180
20251020;28.72;28.63;28.75;28.55;3672638;105133547;0.66;0.0;0.000
20251017;28.85;28.63;29.0;28.58;3754400;108122711;0.68;-1.07;-0.310
20251016;28.9;28.94;29.07;28.81;3837652;111022756;0.69;0.14;0.040
20251015;28.89;28.9;29.06;28.82;3798072;109911306;0.69;0.03;0.010
20251014;28.7;28.89;29.05;28.62;5276361;152325122;0.95;0.7;0.200
20251013;28.53;28.69;28.74;28.47;4278331;122397541;0.77;-0.42;-0.120
20251010;28.72;28.81;28.96;28.68;5294300;152710873;0.96;0.0;0.000
20251009;28.59;28.81;28.83;28.46;3896223;111642939;0.7;0.73;0.210
20250930;28.83;28.6;28.87;28.59;4258464;122163458;0.77;-0.97;-0.280
20250929;28.74;28.88;28.91;28.51;3139443;90169961;0.57;0.52;0.150
20250926;28.64;28.73;28.78;28.51;3508747;100456620;0.63;-0.07;-0.020
20250925;29.09;28.75;29.1;28.68;6756096;194581440;1.22;-1.3;-0.380
20250924;29.02;29.13;29.17;29.02;2715587;79020531;0.49;0.07;0.020
20250923;29.03;29.11;29.14;28.75;4746652;137211650;0.86;0.31;0.090
20250922;29.2;29.02;29.31;28.97;3336998;97142818;0.6;-0.27;-0.080
20250919;29.36;29.1;29.45;29.09;5205829;152033962;0.94;-1.52;-0.450
20250918;29.39;29.55;29.89;29.18;8128624;239967039;1.47;0.72;0.210
20250917;29.18;29.34;29.4;29.12;3141146;92005106;0.57;0.55;0.160
20250916;29.34;29.18;29.39;29.12;3566500;104209239;0.64;-0.55;-0.160
20250915;29.44;29.34;29.46;29.26;3698839;108498838;0.67;-0.34;-0.100
20250912;29.63;29.44;29.68;29.4;4219600;124400613;0.76;-0.64;-0.190
20250911;29.5;29.63;29.66;29.3;4254966;125412678;0.77;0.37;0.110
20250910;29.65;29.52;29.72;29.46;3310657;97780728;0.6;-0.61;-0.180
20250909;29.82;29.7;29.9;29.53;3626700;107655912;0.66;-0.27;-0.080
20250908;29.52;29.78;29.82;29.43;4609505;136735430;0.83;0.88;0.260
20250905;29.45;29.52;29.56;29.36;3817200;112424827;0.69;0.37;0.110
20250904;29.31;29.41;29.5;29.22;4347692;127543553;0.79;0.24;0.070
20250903;29.5;29.34;29.62;29.24;4094900;120346630;0.74;-0.44;-0.130
20250902;29.7;29.47;29.94;29.41;5922583;175397516;1.07;-0.81;-0.240
20250901;29.57;29.71;29.76;29.47;4410500;130776541;0.8;0.37;0.110
20250829;29.7;29.6;29.89;29.56;6701480;199234048;1.21;-0.4;-0.120
20250828;29.89;29.72;29.99;29.35;8116721;240874913;1.47;-0.5;-0.150
20250827;30.45;29.87;30.49;29.84;8003063;241113464;1.45;-1.78;-0.540
20250826;30.4;30.41;30.51;30.28;5463788;166165944;0.99;-0.1;-0.030
20250825;30.2;30.44;30.45;30.16;7712000;233488788;1.39;0.86;0.260
20250822;30.19;30.18;30.24;29.96;6935218;208646771;1.25;0.1;0.030
20250821;30.05;30.15;30.27;29.93;8345940;251352076;1.51;0.47;0.140
20250820;29.84;30.01;30.02;29.65;5388803;160673047;0.97;0.6;0.180
20250819;29.91;29.83;30.12;29.77;6450990;193065753;1.17;-0.13;-0.040
20250818;29.74;29.87;30.06;29.73;9016932;269229247;1.63;0.47;0.140
20250815;29.62;29.73;29.81;29.56;5509700;163554053;1.0;0.3;0.090
20250814;29.9;29.64;30.05;29.57;4971677;148153707;0.9;-0.64;-0.190
20250813;29.82;29.83;29.93;29.73;5078794;151465202;0.92;0.0;0.000
20250812;29.97;29.83;30.21;29.72;5355465;160561733;0.97;-0.47;-0.140
20250811;29.82;29.97;30.02;29.75;3436207;102614760;0.62;0.54;0.160
20250808;29.7;29.81;29.88;29.62;2410272;71766014;0.44;0.3;0.090
20250807;29.89;29.72;30.0;29.68;3297100;98245390;0.6;-0.54;-0.160
20250806;30.05;29.88;30.09;29.79;3703165;110740093;0.67;-0.57;-0.170
20250805;29.95;30.05;30.08;29.9;3240200;97218963;0.59;0.03;0.010
20250804;29.7;30.04;30.4;29.49;5645216;168596920;1.02;0.74;0.220
20250801;29.47;29.82;29.87;29.46;5604653;166581118;1.01;1.26;0.370
20250731;30.01;29.45;30.06;29.4;6859468;203515607;1.24;-1.74;-0.520
20250730;29.86;29.97;30.51;29.71;8480543;256305695;1.53;0.4;0.120
20250729;29.9;29.85;29.98;29.66;3594559;107102751;0.65;-0.23;-0.070
20250728;29.92;29.92;30.12;29.76;4292603;128390082;0.78;0.03;0.010
20250725;30.27;29.91;30.44;29.9;4663709;140666476;0.84;-0.93;-0.280
20250724;30.08;30.19;30.25;29.95;4380961;131824334;0.79;0.77;0.230
20250723;30.11;29.96;30.33;29.88;3986634;120152126;0.72;-0.63;-0.190
20250722;29.95;30.15;30.2;29.89;3637799;109340770;0.66;0.74;0.220
20250721;29.88;29.93;30.02;29.78;4075982;121975430;0.74;0.17;0.050
20250718;29.77;29.88;29.89;29.66;3278300;97644328;0.59;0.5;0.150
20250717;29.72;29.73;29.78;29.6;3283000;97498251;0.59;0.17;0.050
20250716;29.3;29.68;29.69;29.3;4543500;134450052;0.82;1.02;0.300
20250715;29.42;29.38;29.52;29.1;3942000;115309443;0.71;-0.17;-0.050
20250714;29.46;29.43;29.65;29.4;3147322;92862459;0.57;-0.1;-0.030
20250711;29.37;29.46;29.54;29.27;5379678;158333363;0.97;0.48;0.140
20250710;29.08;29.32;29.36;29.08;3995900;117008773;0.72;0.89;0.260
20250709;29.06;29.06;29.18;28.97;3425400;99706821;0.62;0.0;0.000
20250708;28.97;29.06;29.14;28.9;4640305;134692880;0.84;0.35;0.100
20250707;29.03;28.96;29.18;28.93;2305900;66882784;0.42;-0.48;-0.140
20250704;29.03;29.1;29.18;28.96;2838706;82536496;0.51;0.24;0.070
20250703;28.97;29.03;29.14;28.93;4132406;119943737;0.75;0.1;0.030
20250702;29.12;29.0;29.17;28.88;3813262;110508927;0.69;-0.03;-0.010
20250701;29.16;29.01;29.2;28.85;3691954;107151821;0.67;-0.51;-0.150
20250630;29.19;29.16;29.27;28.84;3550200;103027651;0.64;-0.1;-0.030
20250627;29.1;29.19;29.44;29.03;4167611;121839412;0.75;0.34;0.100
20250626;29.07;29.09;29.2;28.88;3048459;88533310;0.55;0.14;0.040
20250625;28.93;29.05;29.05;28.81;3280829;94851216;0.59;0.48;0.140
20250624;28.65;28.91;28.91;28.65;3073658;88534099;0.56;0.91;0.260
20250623;28.89;28.65;29.1;28.51;4222827;120931421;0.76;-1.17;-0.340
20250620;28.77;28.99;29.05;28.67;3587494;103836761;0.65;0.83;0.240
20250619;28.78;28.75;28.91;28.58;2666141;76572952;0.48;-0.17;-0.050
20250618;28.86;28.8;28.92;28.65;3749391;107951270;0.68;-0.21;-0.060
20250617;29.84;29.66;29.96;29.46;5624916;166574735;1.02;-0.37;-0.110
20250616;30.46;29.77;30.5;29.71;6838842;204726229;1.24;-1.88;-0.570
20250613;30.85;30.34;30.92;30.34;6312111;193306213;1.14;-1.69;-0.520
20250612;30.65;30.86;31.0;30.6;4266630;131497029;0.77;0.69;0.210
20250611;31.06;30.65;31.2;30.6;5413021;166705915;0.98;-1.48;-0.460
20250610;31.42;31.11;31.55;30.86;4675040;145971671;0.84;-0.32;-0.100
20250609;30.48;31.21;31.49;30.48;7025360;218697497;1.27;2.29;0.700
20250606;30.51;30.51;30.64;30.44;1715700;52388656;0.31;-0.2;-0.060
20250605;30.82;30.57;30.94;30.44;2452484;75078471;0.44;-0.81;-0.250
20250604;30.65;30.82;30.89;30.56;2798496;85977798;0.51;0.23;0.070
20250603;30.05;30.75;30.82;30.0;5353531;164069255;0.97;2.47;0.740
20250530;30.15;30.01;30.3;29.98;2770516;83492106;0.5;-0.13;-0.040
20250529;30.0;30.05;30.09;29.83;2193100;65789183;0.4;-0.03;-0.010
20250528;29.7;30.06;30.38;29.63;4492900;134953897;0.81;0.97;0.290
20250527;29.83;29.77;30.04;29.66;3429057;102201424;0.62;-0.3;-0.090
20250526;30.6;29.86;30.75;29.84;4671483;140781907;0.84;-2.74;-0.840
20250523;30.49;30.7;30.98;30.46;4537541;139789350;0.82;0.66;0.200
20250522;30.68;30.5;30.78;30.21;3589036;109454027;0.65;-0.94;-0.290
20250521;30.35;30.79;30.87;30.29;5295327;162686751;0.96;1.38;0.420
20250520;29.95;30.37;30.47;29.85;5361050;162173371;0.97;1.67;0.500
20250519;30.0;29.87;30.08;29.76;2438605;72899177;0.44;-0.33;-0.100
20250516;29.93;29.97;30.04;29.85;2397605;71790063;0.43;0.17;0.050
20250515;29.97;29.92;30.12;29.86;2821946;84620799;0.51;-0.03;-0.010
20250514;29.76;29.93;29.96;29.55;3916900;116564133;0.71;0.5;0.150
20250513;29.8;29.78;29.86;29.71;2816314;83863001;0.51;0.2;0.060
20250512;29.8;29.72;29.95;29.58;2493317;74000928;0.45;-0.2;-0.060
20250509;29.46;29.78;29.84;29.4;4813400;143120223;0.87;1.05;0.310
20250508;29.64;29.47;29.75;29.25;4309525;127130807;0.78;-0.91;-0.270
20250507;29.74;29.74;29.8;29.5;4200100;124535869;0.76;0.64;0.190
20250506;29.02;29.55;29.76;28.96;5428014;159668143;0.98;1.93;0.560
20250430;28.97;28.99;29.08;28.88;2049413;59434341;0.37;0.1;0.030
20250429;28.88;28.96;29.04;28.72;2131560;61651093;0.39;0.24;0.070
20250428;29.45;28.89;29.45;28.75;4266969;123884334;0.77;-1.67;-0.490
20250425;29.4;29.38;29.72;29.25;3253913;95722915;0.59;0.0;0.000
20250424;29.46;29.38;29.58;29.22;2378601;70018425;0.43;-0.27;-0.080
20250423;29.59;29.46;29.69;29.38;2603800;76743735;0.47;-0.44;-0.130
20250422;29.39;29.59;29.63;29.3;1966200;58091269;0.36;0.51;0.150
20250421;29.23;29.44;29.69;29.1;3567001;105098238;0.64;0.68;0.200
20250418;29.19;29.24;29.33;29.09;1500845;43848992;0.27;0.17;0.050
20250417;29.24;29.19;29.41;29.11;2445245;71468369;0.44;-0.31;-0.090
20250416;29.3;29.28;29.36;29.01;2702400;78888081;0.49;-0.41;-0.120
20250415;29.46;29.4;29.55;29.19;2896400;85048408;0.52;-0.2;-0.060
20250414;29.49;29.46;29.54;29.3;3651700;107479898;0.66;0.1;0.030
20250411;29.5;29.43;29.75;29.36;3646600;107527110;0.66;-0.71;-0.210
20250410;29.74;29.64;29.93;29.5;5004156;148663296;0.9;-0.1;-0.030
20250409;29.2;29.67;30.1;29.0;6766256;200047193;1.22;0.24;0.070
20250408;28.69;29.6;29.6;28.64;7040820;205873729;1.27;2.53;0.730
20250407;29.43;28.87;29.75;27.57;11671777;334856429;2.11;-4.81;-1.460
20250403;29.95;30.33;30.55;29.9;4454489;134979918;0.81;0.8;0.240
20250402;30.26;30.09;30.29;30.01;3638700;109578716;0.66;-0.69;-0.210
20250401;29.91;30.3;30.6;29.85;7081919;214948249;1.28;1.61;0.480
20250331;30.03;29.82;30.16;29.68;3808962;113857761;0.69;-1.0;-0.300
20250328;30.35;30.12;30.6;30.1;4528090;137199370;0.82;-0.66;-0.200
20250327;30.14;30.32;30.37;29.98;3943200;119083316;0.71;0.56;0.170
20250326;30.24;30.15;30.37;30.11;3304379;99828037;0.6;-0.4;-0.120
20250325;30.21;30.27;30.3;30.03;3410067;102919355;0.62;0.56;0.170
20250324;30.19;30.1;30.39;29.95;3963233;119184831;0.72;-0.3;-0.090
20250321;30.61;30.19;30.79;30.14;5111166;155149253;0.92;-1.34;-0.410
20250320;30.66;30.6;30.9;30.1;9396462;285618505;1.7;-1.8;-0.560
20250319;31.04;31.16;31.26;31.0;2855729;88866156;0.52;0.1;0.030
20250318;31.24;31.13;31.39;31.0;3793462;118413868;0.69;-0.26;-0.080
20250317;31.34;31.21;31.45;31.03;4217904;131717729;0.76;0.16;0.050
20250314;30.18;31.16;31.29;30.18;8832976;272395452;1.6;3.25;0.980
20250313;30.06;30.18;30.36;29.96;3861380;116456433;0.7;0.27;0.080
20250312;30.28;30.1;30.39;30.01;3312663;99915713;0.6;-0.59;-0.180
20250311;30.28;30.28;30.46;30.15;3389472;102585689;0.61;-0.59;-0.180
20250310;29.9;30.46;30.63;29.83;5693271;172427963;1.03;1.84;0.550
20250307;29.89;29.91;29.99;29.65;4118420;122926484;0.74;0.07;0.020
20250306;29.71;29.89;29.95;29.61;3851212;114752162;0.7;0.91;0.270
20250305;30.06;29.62;30.06;29.49;5040556;149302895;0.91;-1.2;-0.360
20250304;30.01;29.98;30.24;29.9;4256152;127917410;0.77;-0.6;-0.180
20250303;29.86;30.16;30.3;29.79;5604565;168964728;1.01;1.24;0.370
20250228;29.91;29.79;30.48;29.75;9707709;290989512;1.75;-0.67;-0.200
20250227;30.02;29.99;30.05;29.67;5081176;151689312;0.92;-0.1;-0.030
20250226;29.91;30.02;30.2;29.86;3964954;118938819;0.72;0.23;0.070
20250225;30.15;29.95;30.22;29.77;5397505;161736295;0.98;-1.19;-0.360
20250224;30.36;30.31;30.49;30.12;3985973;120872258;0.72;-0.13;-0.040
20250221;30.96;30.35;30.97;30.05;8277044;251353110;1.5;-1.65;-0.510
20250220;30.91;30.86;31.53;30.79;5834785;181334607;1.05;-0.23;-0.070
20250219;31.01;30.93;31.22;30.78;5406001;167202455;0.98;-0.71;-0.220
20250218;31.21;31.15;31.34;31.0;4437309;138270478;0.8;-0.48;-0.150
20250217;32.25;31.3;32.29;31.13;7361140;231267942;1.33;-2.34;-0.750
20250214;31.43;32.05;32.16;31.33;6500179;207338749;1.17;2.07;0.650
20250213;31.65;31.4;31.76;31.36;3843340;121112402;0.69;-0.95;-0.300
20250212;31.7;31.7;31.79;31.52;2430303;76934390;0.44;-0.41;-0.130
20250211;31.81;31.83;31.95;31.61;2499509;79333535;0.45;-0.13;-0.040
20250210;31.97;31.87;32.05;31.7;3596127;114505656;0.65;-0.31;-0.100
20250207;31.75;31.97;32.07;31.61;3788085;120709287;0.68;0.6;0.190
20250206;31.6;31.78;31.78;31.23;3150127;99303493;0.57;0.28;0.090
20250205;32.37;31.69;32.39;31.55;3313739;105274963;0.6;-1.74;-0.560
20250127;31.9;32.25;32.54;31.9;2881296;93180796;0.52;1.16;0.370
20250124;31.5;31.88;32.2;31.29;3546186;112848597;0.64;1.05;0.330
20250123;31.11;31.55;31.82;31.09;4289944;135137278;0.78;1.48;0.460
20250122;31.04;31.09;31.19;30.75;1715664;53175184;0.31;-0.32;-0.100
20250121;31.39;31.19;31.46;30.93;2170558;67651825;0.39;-0.35;-0.110
20250120;32.08;31.3;32.29;31.12;4566382;143898232;0.83;-1.94;-0.620
20250117;31.64;31.92;32.04;31.57;1507200;48059018;0.27;0.35;0.110
20250116;31.91;31.81;32.3;31.65;2901600;92520161;0.52;-0.41;-0.130
20250115;31.21;31.94;31.99;31.02;5066965;160578966;0.92;2.18;0.680
20250114;30.84;31.26;31.38;30.69;4406453;137129230;0.8;1.89;0.580
20250113;30.0;30.68;30.78;29.97;4171214;127395453;0.75;1.69;0.510
20250110;30.61;30.17;30.81;30.13;4026302;122428719;0.73;-1.37;-0.420
20250109;31.25;30.59;31.31;28.13;5192200;160307850;0.94;-2.11;-0.660
20250108;32.25;31.25;32.38;30.95;7440168;233822846;1.34;-3.34;-1.080
20250107;32.72;32.33;32.72;31.86;4373862;140995629;0.79;-1.52;-0.500
20250106;32.76;32.83;33.26;32.53;4747159;156039665;0.86;0.83;0.270
20250103;32.88;32.56;32.99;32.44;4465048;145926966;0.81;-0.55;-0.180
20250102;34.22;32.74;34.39;32.51;6377220;212440928;1.15;-4.32;-1.480