20251022;21.7;21.42;21.82;21.38;87115979;1874289786;1.19;-2.06;-0.450
20251021;21.62;21.87;22.15;21.62;111743662;2445517729;1.53;1.2;0.260
20251020;21.88;21.61;21.95;21.46;82193091;1776923050;1.12;0.23;0.050
20251017;22.02;21.56;22.32;21.56;127417732;2788967580;1.74;-2.22;-0.490
20251016;22.01;22.05;22.75;21.76;186103715;4111446182;2.55;0.27;0.060
20251015;22.23;21.99;22.66;21.46;232224606;5095706155;3.18;-0.95;-0.210
20251014;22.49;22.2;23.19;22.18;171239339;3873014100;2.34;-1.2;-0.270
20251013;22.51;22.47;23.15;22.12;187474151;4214736249;2.57;-3.15;-0.730
20251010;22.17;23.2;23.65;22.11;279244427;6450639174;3.82;3.57;0.800
20251009;21.61;22.4;22.5;21.36;212491968;4677457139;2.91;2.89;0.630
20250930;21.73;21.77;22.05;21.26;267675133;5793867495;3.66;0.0;0.000
20250929;19.76;21.77;21.77;19.75;298625650;6331232611;4.09;10.01;1.980
20250926;19.68;19.79;20.04;19.63;61790713;1226756718;0.85;0.46;0.090
20250925;19.65;19.7;20.0;19.56;69142155;1367731983;0.95;0.46;0.090
20250924;19.51;19.61;19.75;19.36;75937083;1483477795;1.04;0.51;0.100
20250923;19.76;19.51;19.84;19.4;77170284;1508663801;1.06;-1.91;-0.380
20250922;19.58;19.89;19.93;19.5;67942536;1341168275;0.93;1.9;0.370
20250919;19.66;19.52;19.77;19.48;70617170;1384753448;0.97;-0.61;-0.120
20250918;20.32;19.64;20.32;19.47;156635608;3127341465;2.14;-3.11;-0.630
20250917;20.33;20.27;20.43;20.16;89529739;1817076940;1.23;-0.1;-0.020
20250916;20.59;20.29;20.65;20.19;83034772;1689795386;1.14;-1.31;-0.270
20250915;20.75;20.56;20.83;20.42;80855740;1668613803;1.11;-1.06;-0.220
20250912;21.18;20.78;21.3;20.69;85503546;1794235511;1.17;-1.84;-0.390
20250911;20.48;21.17;21.27;20.38;102224200;2137136842;1.4;3.47;0.710
20250910;20.74;20.46;20.75;20.4;56790958;1166470964;0.78;-0.92;-0.190
20250909;20.29;20.65;21.19;20.24;121286717;2504437997;1.66;2.08;0.420
20250908;20.43;20.23;20.54;20.08;80249162;1625220576;1.1;-0.93;-0.190
20250905;20.26;20.42;20.48;20.12;74302721;1507311594;1.02;0.74;0.150
20250904;20.55;20.27;20.58;19.97;108513210;2195509129;1.49;-1.41;-0.290
20250903;21.18;20.56;21.25;20.38;93621241;1937549445;1.28;-2.47;-0.520
20250902;21.37;21.08;21.47;20.91;98104377;2073179237;1.34;-1.26;-0.270
20250901;21.95;21.35;21.97;21.3;110635483;2379320208;1.51;-1.52;-0.330
20250829;21.95;21.68;22.31;21.62;117693428;2579069845;1.61;-1.05;-0.230
20250828;21.36;21.91;21.93;21.29;104427430;2253866369;1.43;2.34;0.500
20250827;22.18;21.41;22.32;21.4;128216226;2804193679;1.75;-3.38;-0.750
20250826;22.29;22.16;22.55;22.06;74562621;1663178126;1.02;-0.76;-0.170
20250825;22.45;22.33;22.69;22.01;141923677;3166015106;1.94;0.81;0.180
20250822;21.26;22.15;22.19;21.22;131723854;2869685741;1.8;3.94;0.840
20250821;21.7;21.31;21.8;21.23;70551143;1514073232;0.97;-1.21;-0.260
20250820;21.18;21.57;21.6;21.06;85796823;1826405377;1.17;1.6;0.340
20250819;21.51;21.23;21.84;21.21;102568547;2204260039;1.4;-0.93;-0.200
20250818;21.88;21.43;21.99;21.43;195587138;4241770309;2.68;-1.47;-0.320
20250815;21.47;21.75;22.12;21.18;216303933;4699549086;2.96;1.3;0.280
20250814;21.17;21.84;22.29;21.17;215979458;4736499265;2.96;3.41;0.720
20250813;20.47;21.12;21.85;20.47;191764874;4046270021;2.62;3.18;0.650
20250812;20.37;20.47;20.55;20.26;67202577;1374554936;0.92;0.89;0.180
20250811;20.24;20.29;20.49;20.2;69778180;1418476507;0.95;0.2;0.040
20250808;20.23;20.25;20.41;20.07;55695970;1128083635;0.76;-0.05;-0.010
20250807;20.4;20.26;20.55;20.11;54838100;1113269996;0.75;-0.59;-0.120
20250806;19.9;20.38;20.4;19.82;100893685;2037335487;1.38;2.41;0.480
20250805;19.84;19.9;19.98;19.65;75424988;1495142465;1.03;0.66;0.130
20250804;19.73;19.77;19.89;19.65;65824290;1298945017;0.9;-0.35;-0.070
20250801;20.0;19.84;20.24;19.79;81194484;1621726519;1.11;-1.05;-0.210
20250731;20.22;20.05;20.63;19.87;117148832;2363272690;1.6;-1.86;-0.380
20250730;20.44;20.43;20.75;20.2;96745698;1983950126;1.32;-0.78;-0.160
20250729;20.38;20.59;20.66;19.97;125326147;2552385308;1.72;0.54;0.110
20250728;19.95;20.48;20.88;19.9;131814267;2693651933;1.8;2.97;0.590
20250725;20.25;19.89;20.25;19.82;89065465;1781770118;1.22;-1.29;-0.260
20250724;19.48;20.15;20.28;19.43;159823237;3203827939;2.19;3.28;0.640
20250723;19.04;19.51;19.83;19.04;160452974;3131445804;2.2;2.63;0.500
20250722;19.06;19.01;19.22;18.8;66355131;1259424588;0.91;-0.31;-0.060
20250721;18.56;19.07;19.13;18.48;114611220;2164229585;1.57;3.14;0.580
20250718;18.27;18.49;18.57;18.26;62846752;1158337263;0.86;1.2;0.220
20250717;18.15;18.27;18.31;18.08;38421283;699303067;0.53;0.83;0.150
20250716;18.21;18.12;18.29;18.02;42868746;777397097;0.59;-0.71;-0.130
20250715;18.37;18.25;18.46;18.14;49731279;909665172;0.68;-0.33;-0.060
20250714;18.44;18.31;18.51;18.29;58203425;1068821899;0.8;-0.65;-0.120
20250711;18.24;18.43;18.7;18.21;128701245;2384287004;1.76;1.21;0.220
20250710;17.97;18.21;18.29;17.97;60947201;1108524779;0.83;1.05;0.190
20250709;18.25;18.02;18.34;17.99;54074876;982297282;0.74;-0.99;-0.180
20250708;18.0;18.2;18.28;17.97;63864279;1158938643;0.87;1.22;0.220
20250707;18.0;17.98;18.1;17.92;35852700;645794478;0.49;-0.06;-0.010
20250704;17.88;17.99;18.25;17.74;69688413;1255650121;0.95;0.67;0.120
20250703;17.76;17.87;17.98;17.76;34515022;616638783;0.47;0.45;0.080
20250702;17.85;17.79;17.94;17.74;36191035;645272086;0.5;0.0;0.000
20250701;17.84;17.79;17.9;17.68;36125819;641982300;0.49;-0.11;-0.020
20250630;17.95;17.81;18.0;17.73;53475303;953839199;0.73;-0.56;-0.100
20250627;17.92;17.91;18.46;17.85;97086424;1760190516;1.33;-0.06;-0.010
20250626;18.06;17.92;18.15;17.9;87236465;1568960603;1.19;-0.33;-0.060
20250625;17.44;17.98;18.09;17.41;130250410;2320313466;1.78;3.27;0.570
20250624;17.05;17.41;17.48;17.05;67712129;1176000156;0.93;2.05;0.350
20250623;16.62;17.06;17.11;16.62;40889009;692829466;0.56;1.55;0.260
20250620;16.79;16.8;16.9;16.75;28619578;481414707;0.39;0.36;0.060
20250619;17.11;16.74;17.13;16.7;49159571;828507617;0.67;-2.33;-0.400
20250618;17.24;17.14;17.26;16.97;40684182;695185466;0.56;-0.64;-0.110
20250617;17.19;17.25;17.26;17.15;33772152;581214775;0.46;0.29;0.050
20250616;17.0;17.2;17.23;16.92;41675568;713286144;0.57;1.18;0.200
20250613;17.1;17.0;17.17;16.93;49064625;834873552;0.67;-0.99;-0.170
20250612;17.09;17.17;17.3;17.03;51399638;882542190;0.7;0.18;0.030
20250611;16.82;17.14;17.22;16.82;63174540;1081198241;0.86;1.96;0.330
20250610;16.99;16.81;17.07;16.7;42597797;719183685;0.58;-1.0;-0.170
20250609;16.95;16.98;17.16;16.95;44414438;756893950;0.61;0.77;0.130
20250606;16.99;16.85;17.09;16.82;32452077;549020782;0.44;-0.82;-0.140
20250605;16.87;16.99;17.06;16.86;51271326;869051350;0.7;0.53;0.090
20250604;16.7;16.9;17.03;16.65;45576327;769775005;0.62;1.26;0.210
20250603;16.45;16.69;16.74;16.14;66372507;1100148770;0.91;-0.42;-0.070
20250530;16.72;16.76;16.82;16.61;27595496;461734323;0.38;-0.18;-0.030
20250529;16.56;16.79;16.8;16.53;35187534;588712364;0.48;1.39;0.230
20250528;16.55;16.56;16.64;16.51;21567730;357338201;0.3;0.36;0.060
20250527;16.6;16.5;16.64;16.41;28983688;478619505;0.4;-0.9;-0.150
20250526;16.66;16.65;16.73;16.51;29652494;492418915;0.41;-0.06;-0.010
20250523;16.84;16.66;16.93;16.6;42625127;714763882;0.58;-1.3;-0.220
20250522;16.94;16.88;16.94;16.83;25832473;436022048;0.35;-0.35;-0.060
20250521;17.06;16.94;17.1;16.93;25682638;436570996;0.35;-0.59;-0.100
20250520;17.03;17.04;17.14;16.99;32625634;556755382;0.45;0.06;0.010
20250519;16.93;17.03;17.11;16.85;44220292;752142279;0.61;0.59;0.100
20250516;17.12;16.93;17.2;16.81;51213155;867302966;0.7;-1.46;-0.250
20250515;17.2;17.18;17.3;17.09;62050392;1067122817;0.85;-1.49;-0.260
20250514;16.66;17.44;17.65;16.61;141733451;2436592053;1.94;4.81;0.800
20250513;16.88;16.64;16.88;16.61;40582136;677894854;0.56;-0.72;-0.120
20250512;16.47;16.76;16.8;16.43;61870819;1029587647;0.85;2.44;0.400
20250509;16.43;16.36;16.57;16.36;38706484;636733343;0.53;-0.49;-0.080
20250508;16.3;16.44;16.5;16.23;52226129;858100355;0.72;0.37;0.060
20250507;16.55;16.38;16.69;16.27;75485311;1240381696;1.03;1.36;0.220
20250506;16.15;16.16;16.24;16.09;49028959;792766014;0.67;0.69;0.110
20250430;15.91;16.05;16.19;15.88;46222050;742822305;0.63;1.26;0.200
20250429;15.93;15.85;15.96;15.83;40854170;648393992;0.56;-0.56;-0.090
20250428;16.06;15.94;16.06;15.83;37847850;602722556;0.52;-0.69;-0.110
20250425;15.92;16.05;16.12;15.88;42267981;677426385;0.58;1.07;0.170
20250424;15.96;15.88;16.1;15.88;37165762;593144805;0.51;-0.5;-0.080
20250423;15.88;15.96;16.15;15.75;65550801;1047410862;0.9;0.95;0.150
20250422;15.78;15.81;15.94;15.78;34842940;551957495;0.48;-0.06;-0.010
20250421;15.68;15.82;15.85;15.63;40989376;647596494;0.56;0.76;0.120
20250418;15.49;15.7;15.77;15.47;48013385;750495344;0.66;1.03;0.160
20250417;15.41;15.54;15.55;15.38;41886880;648428869;0.57;0.39;0.060
20250416;15.48;15.48;15.5;15.26;47859169;734833431;0.66;-0.32;-0.050
20250415;15.53;15.53;15.55;15.4;33883940;523963466;0.46;0.0;0.000
20250414;15.61;15.53;15.65;15.5;45781878;712686183;0.63;0.13;0.020
20250411;15.57;15.51;15.63;15.36;55750807;863321090;0.76;-0.19;-0.030
20250410;15.51;15.54;15.68;15.32;94186333;1465116697;1.29;2.71;0.410
20250409;14.81;15.13;15.21;14.6;98322920;1471225217;1.35;1.34;0.200
20250408;14.95;14.93;14.98;14.72;93345705;1386846544;1.28;1.29;0.190
20250407;15.35;14.74;15.47;14.63;156983622;2335898454;2.15;-9.35;-1.520
20250403;16.25;16.26;16.38;16.15;67389669;1095602225;0.92;-0.73;-0.120
20250402;16.37;16.38;16.49;16.33;50487207;827896484;0.69;-0.12;-0.020
20250401;16.6;16.4;16.67;16.23;94029253;1544754158;1.29;-0.85;-0.140
20250331;17.41;16.54;17.41;16.51;160993436;2705650575;2.21;-5.92;-1.040
20250328;17.72;17.58;17.73;17.51;46309240;814862819;0.63;-0.62;-0.110
20250327;17.7;17.69;17.85;17.55;42188188;747414946;0.58;-0.06;-0.010
20250326;17.78;17.7;17.85;17.69;26532486;471257341;0.36;-0.73;-0.130
20250325;17.72;17.83;17.85;17.61;42996112;764368439;0.59;0.62;0.110
20250324;17.6;17.72;17.83;17.57;44986889;795508678;0.62;0.62;0.110
20250321;17.85;17.61;17.95;17.58;56423811;1001501787;0.77;-1.68;-0.300
20250320;18.15;17.91;18.18;17.81;50000700;899350586;0.69;-1.43;-0.260
20250319;18.13;18.17;18.25;18.1;44755082;813470990;0.61;0.06;0.010
20250318;18.08;18.16;18.26;18.08;62510083;1135012098;0.86;0.83;0.150
20250317;18.14;18.01;18.21;17.98;64935210;1173417379;0.89;-0.39;-0.070
20250314;17.65;18.08;18.22;17.61;136896250;2469603424;1.88;2.73;0.480
20250313;17.58;17.6;17.73;17.47;38860577;683940009;0.53;-0.11;-0.020
20250312;17.64;17.62;17.89;17.53;50007859;884308539;0.69;-0.17;-0.030
20250311;17.33;17.65;17.65;17.3;41616058;726701022;0.57;1.03;0.180
20250310;17.65;17.47;17.7;17.41;45267302;792382244;0.62;-1.19;-0.210
20250307;17.95;17.68;17.95;17.64;53951855;958909305;0.74;-1.78;-0.320
20250306;17.85;18.0;18.08;17.79;82349298;1480117837;1.13;1.64;0.290
20250305;17.67;17.71;17.82;17.56;36171978;639849615;0.5;0.23;0.040
20250304;17.45;17.67;17.89;17.41;48159224;852043232;0.66;0.8;0.140
20250303;17.48;17.53;17.69;17.42;49053124;861939619;0.67;0.29;0.050
20250228;17.88;17.48;18.09;17.4;65923587;1167529952;0.9;-2.56;-0.460
20250227;17.98;17.94;18.1;17.71;66977800;1199458081;0.92;-0.33;-0.060
20250226;17.72;18.0;18.02;17.66;60184787;1073062395;0.83;1.64;0.290
20250225;17.82;17.71;17.99;17.69;46815710;833559508;0.64;-1.45;-0.260
20250224;17.84;17.97;18.08;17.77;67606538;1213337788;0.93;0.73;0.130
20250221;17.54;17.84;17.94;17.38;75457891;1338583645;1.03;1.83;0.320
20250220;17.48;17.52;17.57;17.37;37803711;661426682;0.52;-0.11;-0.020
20250219;17.37;17.54;17.66;17.36;45648756;800289010;0.63;0.52;0.090
20250218;17.77;17.45;17.81;17.37;57576616;1013255260;0.79;-2.08;-0.370
20250217;18.13;17.82;18.16;17.66;71121552;1269530886;0.98;-0.72;-0.130
20250214;17.68;17.95;18.06;17.67;70586293;1262126478;0.97;1.01;0.180
20250213;17.63;17.77;17.94;17.51;84563826;1500337798;1.16;0.68;0.120
20250212;17.47;17.65;17.67;17.37;48476844;848756867;0.66;0.74;0.130
20250211;17.46;17.52;17.59;17.29;49391566;861139735;0.68;0.34;0.060
20250210;17.45;17.46;17.66;17.41;49995747;875460642;0.69;-0.11;-0.020
20250207;17.18;17.48;17.69;17.07;85206711;1483735960;1.17;1.92;0.330
20250206;16.94;17.15;17.22;16.9;46052739;785915942;0.63;1.0;0.170
20250205;17.16;16.98;17.16;16.89;38932865;662110681;0.53;-0.06;-0.010
20250127;17.35;16.99;17.35;16.99;38712396;663993402;0.53;-1.51;-0.260
20250124;17.05;17.25;17.32;16.99;44606945;767772427;0.61;0.88;0.150
20250123;17.18;17.1;17.52;17.06;68130367;1174304741;0.93;1.18;0.200
20250122;16.85;16.9;16.95;16.75;34061569;573963274;0.47;-0.18;-0.030
20250121;17.05;16.93;17.08;16.79;30661599;519076527;0.42;0.24;0.040
20250120;16.99;16.89;17.15;16.87;41855370;711814064;0.57;0.24;0.040
20250117;16.64;16.85;16.95;16.61;37404801;629256686;0.51;0.9;0.150
20250116;16.83;16.7;16.99;16.6;42535678;714279106;0.58;-0.42;-0.070
20250115;16.8;16.77;16.91;16.71;33682253;565626860;0.46;-0.65;-0.110
20250114;16.38;16.88;16.9;16.35;62905283;1053011439;0.86;3.24;0.530
20250113;16.2;16.35;16.46;16.19;33530761;547603042;0.46;-0.06;-0.010
20250110;16.48;16.36;16.64;16.36;37346567;616300189;0.51;-0.97;-0.160
20250109;16.49;16.52;16.63;16.41;28718984;475456010;0.39;0.12;0.020
20250108;16.7;16.5;16.72;16.25;58089756;955396731;0.8;-1.49;-0.250
20250107;16.64;16.75;16.76;16.56;39828669;664028614;0.55;1.09;0.180
20250106;16.5;16.57;16.63;16.4;46214031;763826294;0.63;0.24;0.040
20250103;16.88;16.53;16.9;16.44;73200588;1220793781;1.0;-1.67;-0.280
20250102;17.5;16.81;17.51;16.6;130218605;2220078360;1.79;-4.43;-0.780