20251022;15.46;15.28;15.48;15.24;7995234;122553216;0.85;-1.42;-0.220
20251021;15.58;15.5;15.7;15.48;8417521;130784213;0.89;-1.02;-0.160
20251020;15.38;15.66;15.76;15.36;9355657;146081355;0.99;2.29;0.350
20251017;15.44;15.31;15.56;15.28;7787296;119797865;0.82;-1.16;-0.180
20251016;15.7;15.49;15.71;15.46;6310900;98197406;0.67;-1.09;-0.170
20251015;15.42;15.66;15.73;15.38;8527725;132689364;0.9;1.16;0.180
20251014;15.51;15.48;15.63;15.39;10919300;169168095;1.16;0.98;0.150
20251013;15.0;15.33;15.58;15.0;18527130;283471928;1.96;-3.89;-0.620
20251010;15.72;15.95;16.02;15.72;9886400;157594075;1.05;0.76;0.120
20251009;15.76;15.83;15.84;15.59;13709400;215371115;1.45;0.51;0.080
20250930;15.75;15.75;15.83;15.67;9109100;143160859;0.96;-0.38;-0.060
20250929;15.89;15.81;15.95;15.64;12691806;200596944;1.34;-0.32;-0.050
20250926;15.9;15.86;16.0;15.64;11214330;177885227;1.19;-0.5;-0.080
20250925;16.06;15.94;16.06;15.87;9150289;145904312;0.97;-0.69;-0.110
20250924;15.88;16.05;16.11;15.82;9410261;150230281;1.0;0.38;0.060
20250923;16.02;15.99;16.02;15.78;13408106;213054936;1.42;-0.19;-0.030
20250922;15.87;16.02;16.13;15.75;17542300;280002436;1.86;1.07;0.170
20250919;15.6;15.85;15.87;15.6;11295710;177948402;1.2;1.54;0.240
20250918;15.69;15.61;15.98;15.52;16607162;261382994;1.76;-0.7;-0.110
20250917;15.59;15.72;15.73;15.41;10543400;164452297;1.12;0.83;0.130
20250916;15.47;15.59;15.76;15.37;13532775;210626586;1.43;1.17;0.180
20250915;15.32;15.41;15.67;15.29;14051735;217004714;1.49;0.92;0.140
20250912;15.5;15.27;15.5;15.22;9148636;140032835;0.97;-1.1;-0.170
20250911;15.3;15.44;15.45;15.15;10781600;165425544;1.14;0.85;0.130
20250910;15.25;15.31;15.33;15.09;8353096;127188882;0.88;0.0;0.000
20250909;15.26;15.31;15.43;15.22;11928783;182908226;1.26;0.39;0.060
20250908;14.8;15.25;15.33;14.78;19431630;294459536;2.06;3.18;0.470
20250905;15.07;14.78;15.08;14.56;28430525;419349600;3.01;-1.2;-0.180
20250904;14.95;14.96;15.09;14.81;15934919;238358676;1.69;-0.2;-0.030
20250903;15.32;14.99;15.32;14.93;19388633;291626632;2.05;-1.9;-0.290
20250902;15.56;15.28;15.6;15.11;31490283;481515631;3.33;-1.93;-0.300
20250901;15.8;15.58;15.87;15.44;20525941;320207785;2.17;0.52;0.080
20250829;15.55;15.5;15.59;15.44;15660399;242542795;1.66;-0.58;-0.090
20250828;15.59;15.59;15.69;15.1;30804829;475484332;3.26;-0.38;-0.060
20250827;15.71;15.65;15.96;15.61;24321159;383556335;2.57;-0.38;-0.060
20250826;15.49;15.71;15.96;15.4;22728698;356945442;2.41;1.16;0.180
20250825;15.02;15.53;15.58;14.95;34519144;531287696;3.65;3.81;0.570
20250822;14.83;14.96;14.98;14.7;20260436;300899418;2.14;1.01;0.150
20250821;14.61;14.81;14.84;14.53;15791595;232310963;1.67;1.16;0.170
20250820;14.47;14.64;14.77;14.45;16881744;247189346;1.79;0.97;0.140
20250819;14.7;14.5;14.7;14.42;14381057;208805377;1.52;-0.62;-0.090
20250818;14.49;14.59;14.7;14.42;14259231;207809132;1.51;0.83;0.120
20250815;14.37;14.47;14.48;14.31;8348700;120356438;0.88;0.91;0.130
20250814;14.46;14.34;14.53;14.33;12482203;180002723;1.32;-0.83;-0.120
20250813;14.56;14.46;14.59;14.4;13327226;193092766;1.41;-0.69;-0.100
20250812;14.58;14.56;14.7;14.5;14335348;209265261;1.52;0.07;0.010
20250811;14.46;14.55;14.8;14.46;13370589;194807686;1.42;0.69;0.100
20250808;14.42;14.45;14.51;14.3;9987100;144055047;1.06;0.0;0.000
20250807;14.35;14.45;14.63;14.31;13233544;192014832;1.4;0.42;0.060
20250806;14.25;14.39;14.42;14.18;13148000;187980663;1.39;0.91;0.130
20250805;14.0;14.26;14.32;13.97;19217999;272139899;2.03;1.93;0.270
20250804;14.02;13.99;14.08;13.9;13180909;184286636;1.4;-0.78;-0.110
20250801;14.11;14.1;14.42;14.08;19347192;275281266;2.05;0.14;0.020
20250731;14.61;14.08;14.74;13.99;31723622;452758556;3.36;-4.15;-0.610
20250730;14.22;14.69;15.05;14.22;53896857;794317850;5.71;4.33;0.610
20250729;14.19;14.08;14.19;13.99;12007700;168810974;1.27;-0.85;-0.120
20250728;14.14;14.2;14.29;13.99;14018900;198177657;1.48;0.42;0.060
20250725;14.21;14.14;14.35;14.13;13564600;192861781;1.44;-0.49;-0.070
20250724;14.08;14.21;14.22;14.07;12212483;173012395;1.29;1.07;0.150
20250723;14.17;14.06;14.29;14.05;20283000;287182902;2.15;-0.78;-0.110
20250722;13.9;14.17;14.18;13.82;25091585;351767005;2.66;2.02;0.280
20250721;13.6;13.89;13.91;13.58;20212231;278219025;2.14;2.13;0.290
20250718;13.47;13.6;13.62;13.44;10903654;147613840;1.15;0.97;0.130
20250717;13.52;13.47;13.59;13.4;13238400;178277355;1.4;-0.3;-0.040
20250716;13.56;13.51;13.63;13.49;12897700;174809104;1.37;-0.37;-0.050
20250715;13.65;13.56;13.74;13.5;11379999;154567448;1.2;-0.51;-0.070
20250714;13.77;13.63;13.79;13.58;15138006;206701009;1.6;-1.16;-0.160
20250711;13.77;13.79;13.88;13.68;20175754;278145271;2.14;0.29;0.040
20250710;13.33;13.75;13.9;13.33;30882031;421739388;3.27;2.92;0.390
20250709;13.34;13.36;13.47;13.29;10012800;133837506;1.06;0.15;0.020
20250708;13.25;13.34;13.46;13.24;13510400;180381747;1.43;0.68;0.090
20250707;13.28;13.25;13.35;13.21;8199100;108837039;0.87;0.08;0.010
20250704;13.23;13.24;13.31;13.19;9945500;131745265;1.05;0.08;0.010
20250703;13.2;13.23;13.26;13.16;7235763;95614155;0.77;0.08;0.010
20250702;13.2;13.22;13.3;13.16;12684890;167836355;1.34;0.38;0.050
20250701;13.09;13.17;13.29;13.05;11015266;145032177;1.17;0.61;0.080
20250630;13.2;13.09;13.25;13.04;12864234;168564767;1.36;-0.53;-0.070
20250627;12.81;13.16;13.25;12.81;24550977;321461675;2.6;2.89;0.370
20250626;13.04;12.79;13.04;12.78;15699100;202516451;1.66;-1.84;-0.240
20250625;12.99;13.03;13.07;12.91;13050600;169551867;1.38;0.31;0.040
20250624;12.92;12.99;13.03;12.92;7634457;99075606;0.81;0.7;0.090
20250623;12.78;12.9;12.95;12.77;6394550;82234804;0.68;0.78;0.100
20250620;12.8;12.8;12.87;12.74;7383600;94539913;0.78;0.31;0.040
20250619;13.18;13.05;13.18;13.01;8387099;109616421;0.89;-1.06;-0.140
20250618;13.3;13.19;13.36;13.13;7679695;101407075;0.81;-1.05;-0.140
20250617;13.25;13.33;13.33;13.24;8655400;114973374;0.92;0.45;0.060
20250616;13.3;13.27;13.35;13.18;10316012;136919727;1.09;-0.67;-0.090
20250613;13.49;13.36;13.54;13.35;13637519;183111101;1.44;-1.47;-0.200
20250612;13.51;13.56;13.62;13.46;10316985;139565572;1.09;-0.07;-0.010
20250611;13.37;13.57;13.63;13.32;18729785;253359639;1.98;1.57;0.210
20250610;13.41;13.36;13.45;13.22;13580000;181136611;1.44;-0.37;-0.050
20250609;13.44;13.41;13.46;13.35;10787400;144523991;1.14;0.07;0.010
20250606;13.29;13.4;13.52;13.19;14325900;191178493;1.52;1.13;0.150
20250605;13.23;13.25;13.26;13.15;8663916;114453059;0.92;0.0;0.000
20250604;13.12;13.25;13.33;13.06;17357500;228784659;1.84;1.15;0.150
20250603;13.12;13.1;13.15;13.01;11809993;154580807;1.25;-0.23;-0.030
20250530;13.13;13.13;13.24;12.98;15007993;197209269;1.59;-0.91;-0.120
20250529;13.09;13.25;13.3;13.04;17406664;229132323;1.84;1.92;0.250
20250528;12.96;13.0;13.14;12.94;12740000;166165060;1.35;0.31;0.040
20250527;12.92;12.96;12.97;12.8;11181276;143952647;1.18;0.15;0.020
20250526;12.92;12.94;12.99;12.85;9086648;117329954;0.96;0.0;0.000
20250523;13.07;12.94;13.15;12.94;14116500;184108780;1.49;-1.07;-0.140
20250522;13.08;13.08;13.14;13.02;9871445;129118816;1.05;-0.61;-0.080
20250521;13.28;13.16;13.35;13.12;16734501;221020276;1.77;-0.75;-0.100
20250520;13.35;13.26;13.36;13.2;14896897;197311876;1.58;-0.53;-0.070
20250519;13.5;13.33;13.58;13.29;18742500;250713169;1.98;-1.19;-0.160
20250516;13.47;13.49;13.65;13.3;22793254;306842559;2.41;0.0;0.000
20250515;13.94;13.49;13.98;13.49;30183677;412922416;3.2;-3.37;-0.470
20250514;13.59;13.96;14.12;13.3;48848547;669295877;5.17;2.8;0.380
20250513;13.68;13.58;13.8;13.37;42072769;570667967;4.45;1.8;0.240
20250512;13.1;13.34;13.38;12.98;31545668;415556820;3.34;4.06;0.520
20250509;12.83;12.82;12.92;12.68;15605271;199450780;1.65;-0.08;-0.010
20250508;12.6;12.83;12.89;12.58;16008999;204754073;1.69;1.18;0.150
20250507;12.77;12.68;12.77;12.53;24530419;310540526;2.6;0.63;0.080
20250506;12.28;12.6;12.61;12.21;26190224;324907484;2.77;3.7;0.450
20250430;12.13;12.15;12.27;12.12;14021700;170807496;1.48;0.0;0.000
20250429;12.07;12.15;12.16;12.0;12456398;150590515;1.32;-0.08;-0.010
20250428;12.47;12.16;12.47;12.15;17772095;217771629;1.88;-2.17;-0.270
20250425;12.38;12.43;12.54;12.38;16038252;200126682;1.7;0.4;0.050
20250424;12.51;12.38;12.55;12.35;19465531;242141410;2.06;-0.88;-0.110
20250423;12.39;12.49;12.87;12.35;35694856;446363328;3.78;2.29;0.280
20250422;12.12;12.21;12.34;12.12;24396682;298672068;2.58;0.58;0.070
20250421;12.08;12.14;12.18;11.98;16515500;199942460;1.75;0.5;0.060
20250418;12.41;12.08;12.41;12.03;31047100;377875236;3.29;-2.97;-0.370
20250417;12.55;12.45;12.56;12.37;25262126;314624126;2.67;-1.89;-0.240
20250416;12.79;12.69;13.06;12.54;30699416;392925197;3.25;-0.16;-0.020
20250415;12.59;12.71;12.81;12.43;14231546;179767959;1.51;0.87;0.110
20250414;12.63;12.6;12.69;12.56;17275000;218059300;1.83;0.72;0.090
20250411;12.5;12.51;12.63;12.42;17503395;219224269;1.85;-0.95;-0.120
20250410;12.5;12.63;12.81;12.42;24568136;310622036;2.6;3.1;0.380
20250409;11.89;12.25;12.3;11.61;26940652;323821472;2.85;0.49;0.060
20250408;12.12;12.19;12.43;11.78;37416919;450253886;3.96;-2.48;-0.310
20250407;13.0;12.5;13.0;12.5;26160300;330167877;2.77;-10.01;-1.390
20250403;14.04;13.89;14.05;13.58;29844178;413070971;3.16;-3.21;-0.460
20250402;14.29;14.35;14.38;14.23;12817482;183464638;1.36;0.28;0.040
20250401;14.13;14.31;14.32;14.11;15196487;216364762;1.61;1.49;0.210
20250331;14.15;14.1;14.18;14.07;11618773;163969899;1.23;-0.56;-0.080
20250328;14.26;14.18;14.28;14.1;10762922;152492355;1.14;-0.56;-0.080
20250327;14.19;14.26;14.3;14.17;11564500;164884821;1.22;0.21;0.030
20250326;14.15;14.23;14.25;14.08;13257658;187848166;1.4;0.49;0.070
20250325;14.08;14.16;14.19;14.05;13498485;190729382;1.43;0.5;0.070
20250324;14.03;14.09;14.13;13.95;14298323;200794037;1.51;0.43;0.060
20250321;14.18;14.03;14.25;13.98;16773799;236758297;1.78;-1.06;-0.150
20250320;14.28;14.18;14.3;14.16;13500900;191819859;1.43;-0.7;-0.100
20250319;14.31;14.28;14.33;14.24;9121975;130180339;0.97;-0.35;-0.050
20250318;14.26;14.33;14.36;14.19;12073827;172553566;1.28;0.56;0.080
20250317;14.25;14.25;14.4;14.24;17687914;252998452;1.87;0.21;0.030
20250314;13.97;14.22;14.22;13.97;19738420;279109971;2.09;1.43;0.200
20250313;14.07;14.02;14.13;13.96;13276500;186270082;1.41;-0.28;-0.040
20250312;14.18;14.06;14.18;14.05;12327929;173752569;1.31;-0.5;-0.070
20250311;13.95;14.13;14.14;13.92;12304194;172920474;1.3;0.64;0.090
20250310;13.96;14.04;14.06;13.87;12893775;180095502;1.37;0.43;0.060
20250307;14.0;13.98;14.05;13.96;11273332;157860608;1.19;-0.5;-0.070
20250306;14.04;14.05;14.08;13.95;15933445;223317184;1.69;0.36;0.050
20250305;14.0;14.0;14.03;13.87;8940900;124744298;0.95;-0.21;-0.030
20250304;13.9;14.03;14.03;13.85;10213985;142431743;1.08;0.5;0.070
20250303;14.01;13.96;14.1;13.9;14723759;206119249;1.56;-0.5;-0.070
20250228;14.18;14.03;14.27;13.97;19933400;281413525;2.11;-1.47;-0.210
20250227;14.01;14.24;14.24;13.97;27911311;394741959;2.95;1.79;0.250
20250226;13.93;13.99;14.03;13.85;19858125;276701496;2.1;0.29;0.040
20250225;14.13;13.95;14.16;13.92;20681929;289993176;2.19;-1.55;-0.220
20250224;14.18;14.17;14.27;14.12;18128900;257172998;1.92;-0.28;-0.040
20250221;14.35;14.21;14.38;14.17;19517022;277868375;2.07;-0.91;-0.130
20250220;14.48;14.34;14.53;14.29;19499732;280358853;2.06;-1.38;-0.200
20250219;14.54;14.54;14.55;14.45;13902999;201718024;1.47;0.07;0.010
20250218;14.56;14.53;14.68;14.47;18929022;275809071;2.0;-0.55;-0.080
20250217;14.5;14.61;14.61;14.45;16608238;241328187;1.76;0.55;0.080
20250214;14.65;14.53;14.68;14.44;24889705;361142872;2.63;-0.89;-0.130
20250213;14.74;14.66;14.83;14.63;22656700;333265350;2.4;-0.74;-0.110
20250212;14.87;14.77;14.9;14.63;26024627;383029688;2.76;-0.74;-0.110
20250211;14.94;14.88;14.99;14.7;24717015;366497448;2.62;-0.33;-0.050
20250210;14.98;14.93;15.12;14.8;30382116;452789648;3.22;0.47;0.070
20250207;14.68;14.86;14.98;14.58;31338045;463800945;3.32;0.61;0.090
20250206;14.88;14.77;14.94;14.45;39645205;579912541;4.2;0.14;0.020
20250205;16.46;14.75;16.46;14.75;63099143;952378515;6.68;-10.01;-1.640
20250127;16.89;16.39;17.16;16.38;24884017;415090802;2.63;-4.04;-0.690
20250124;16.9;17.08;17.1;16.65;16204510;274206536;1.72;1.07;0.180
20250123;17.17;16.9;17.38;16.86;14931937;255807215;1.58;-1.69;-0.290
20250122;17.22;17.19;17.29;16.65;22059872;375278098;2.34;-0.75;-0.130
20250121;17.88;17.32;18.02;17.2;33734700;588956899;3.57;-1.81;-0.320
20250120;16.28;17.64;17.64;16.28;37774163;652886321;4.0;9.98;1.600
20250117;15.76;16.04;16.12;15.64;12207400;194407935;1.29;2.17;0.340
20250116;15.8;15.7;15.92;15.63;9762900;153944152;1.03;-0.63;-0.100
20250115;16.0;15.8;16.08;15.74;8463800;134416824;0.9;-1.62;-0.260
20250114;15.85;16.06;16.1;15.68;9475900;151153308;1.0;1.77;0.280
20250113;15.92;15.78;16.18;15.73;9234047;146878821;0.98;-1.8;-0.290
20250110;16.39;16.07;16.41;16.02;12148736;196545427;1.29;-2.19;-0.360
20250109;16.8;16.43;16.87;16.43;14157200;234787803;1.5;-2.95;-0.500
20250108;16.62;16.93;17.06;16.32;19682176;330264082;2.08;1.5;0.250
20250107;16.6;16.68;17.28;16.51;23408023;395597166;2.48;0.3;0.050
20250106;16.51;16.63;16.97;16.45;11867936;198004822;1.26;0.42;0.070
20250103;16.57;16.56;17.12;16.45;13654700;229163769;1.45;0.24;0.040
20250102;16.9;16.52;17.09;16.42;13736409;230552727;1.45;-2.07;-0.350