20251022;30.9;30.97;31.08;30.76;409405;12671669;0.71;0.26;0.080
20251021;30.48;30.89;31.1;30.4;788951;24307272;1.37;1.71;0.520
20251020;30.89;30.37;30.89;29.95;737790;22376508;1.28;1.3;0.390
20251017;30.57;29.98;31.03;29.94;933693;28448930;1.62;-1.93;-0.590
20251016;30.9;30.57;31.08;30.54;608120;18669329;1.06;-1.07;-0.330
20251015;30.35;30.9;31.15;30.21;984331;30296272;1.71;1.71;0.520
20251014;31.28;30.38;31.36;30.35;1090546;33501816;1.89;-1.97;-0.610
20251013;30.6;30.99;31.13;30.03;994484;30607069;1.73;-1.27;-0.400
20251010;32.49;31.39;32.49;31.31;1210520;38512602;2.1;-2.88;-0.930
20251009;33.0;32.32;33.07;32.24;1388787;45358583;2.41;-0.25;-0.080
20250930;32.2;32.4;32.5;32.04;865734;27983302;1.5;1.25;0.400
20250929;31.2;32.0;32.29;31.08;1445024;46056114;2.51;3.29;1.020
20250926;31.68;30.98;31.75;30.95;1021838;31987360;1.77;-2.24;-0.710
20250925;31.9;31.69;32.32;31.61;921040;29465730;1.6;-0.09;-0.030
20250924;31.24;31.72;31.94;30.71;1120793;35382047;1.95;1.54;0.480
20250923;31.48;31.24;31.91;30.3;1436628;44546280;2.5;-1.08;-0.340
20250922;31.93;31.58;32.27;31.43;862661;27325292;1.5;-1.1;-0.350
20250919;31.95;31.93;32.33;31.73;1128826;36245539;1.96;0.41;0.130
20250918;32.48;31.8;32.49;31.73;1933260;62291420;3.36;-1.33;-0.430
20250917;31.88;32.23;32.58;31.88;1193962;38494765;2.07;1.38;0.440
20250916;31.77;31.79;32.15;31.68;932736;29722222;1.62;-0.03;-0.010
20250915;32.7;31.8;32.7;31.77;1431501;45915360;2.49;-2.48;-0.810
20250912;32.5;32.61;33.19;32.02;1237190;40417934;2.15;0.96;0.310
20250911;32.32;32.3;32.55;32.02;1252712;40438147;2.18;-0.25;-0.080
20250910;32.72;32.38;33.05;31.9;1274961;41330258;2.21;-1.28;-0.420
20250909;32.67;32.8;33.91;32.13;2495741;82367360;4.33;0.4;0.130
20250908;31.86;32.67;32.83;31.5;2382438;77055588;4.14;5.39;1.670
20250905;29.9;31.0;31.14;29.68;1524091;46668642;2.65;4.27;1.270
20250904;30.03;29.73;30.41;29.33;1478227;44352977;2.57;-1.49;-0.450
20250903;30.69;30.18;31.03;30.16;1325393;40365601;2.3;-1.66;-0.510
20250902;31.3;30.69;31.35;30.22;1375696;42156506;2.39;-1.85;-0.580
20250901;30.91;31.27;31.28;30.72;1195257;37084313;2.08;1.26;0.390
20250829;30.91;30.88;31.39;30.65;1021779;31612095;1.77;-0.42;-0.130
20250828;31.09;31.01;31.38;30.25;2031412;62746328;3.53;-0.39;-0.120
20250827;32.1;31.13;32.39;31.01;1691921;53869054;2.94;-2.93;-0.940
20250826;32.8;32.07;32.8;31.85;2381883;76588075;4.14;-2.29;-0.750
20250825;31.88;32.82;33.37;31.83;2592191;84646605;4.5;5.53;1.720
20250822;31.0;31.1;31.3;30.88;991025;30755477;1.72;-0.03;-0.010
20250821;31.09;31.11;31.55;30.8;1416793;44136822;2.46;0.1;0.030
20250820;30.91;31.08;31.35;30.72;1088464;33746368;1.89;0.03;0.010
20250819;31.48;31.07;31.51;30.74;1795049;55809991;3.12;-1.49;-0.470
20250818;31.75;31.54;31.81;31.0;1733711;54459848;3.01;0.1;0.030
20250815;31.4;31.51;31.68;31.05;1270366;39978686;2.21;0.38;0.120
20250814;32.01;31.39;32.26;31.23;2032859;64455021;3.53;-1.32;-0.420
20250813;30.75;31.81;32.03;30.75;2696746;85270874;4.68;4.02;1.230
20250812;30.53;30.58;31.16;30.39;1961142;60207998;3.41;1.19;0.360
20250811;28.98;30.22;31.3;28.9;3136913;93834972;5.45;5.74;1.640
20250808;28.96;28.58;29.07;28.51;1381786;39621518;2.4;-0.83;-0.240
20250807;28.6;28.82;29.41;28.6;2091122;60730324;3.63;0.84;0.240
20250806;28.51;28.58;28.7;28.46;1449948;41412914;2.52;0.11;0.030
20250805;28.55;28.55;28.76;28.38;739207;21094118;1.28;0.14;0.040
20250804;28.3;28.51;28.62;28.12;934256;26457286;1.62;0.42;0.120
20250801;28.51;28.39;29.05;28.26;1407698;40262598;2.45;-0.49;-0.140
20250731;28.34;28.53;28.84;28.24;1394910;39798093;2.42;1.06;0.300
20250730;28.96;28.23;28.96;28.16;1250502;35554931;2.17;-2.18;-0.630
20250729;29.12;28.86;29.14;28.8;950661;27492267;1.68;-0.89;-0.260
20250728;29.07;29.12;29.15;28.9;943490;27381326;1.67;0.17;0.050
20250725;29.16;29.07;29.24;29.0;823368;23964065;1.45;-0.34;-0.100
20250724;28.85;29.17;29.63;28.85;1950980;57137133;3.45;1.67;0.480
20250723;29.16;28.69;29.34;28.69;989711;28719425;1.75;-1.61;-0.470
20250722;29.23;29.16;29.54;29.08;1081276;31645103;1.91;-0.14;-0.040
20250721;29.33;29.2;29.65;29.17;1311459;38542683;2.32;-0.27;-0.080
20250718;29.16;29.28;29.94;29.14;1630204;48235940;2.88;0.41;0.120
20250717;28.87;29.16;29.34;28.68;1079324;31209343;1.91;1.0;0.290
20250716;29.39;28.87;29.39;28.7;1116177;32244074;1.97;-0.35;-0.100
20250715;29.0;28.97;29.46;28.68;856653;24885343;1.51;0.1;0.030
20250714;28.94;28.94;29.11;28.61;1029791;29735788;1.82;-1.63;-0.480
20250711;29.25;29.42;29.51;28.93;785337;22965657;1.39;0.27;0.080
20250710;29.5;29.34;29.71;29.19;1103501;32422501;1.95;-1.01;-0.300
20250709;28.9;29.64;29.86;28.89;1292627;38224793;2.28;2.28;0.660
20250708;28.66;28.98;29.2;28.62;633530;18314687;1.12;1.26;0.360
20250707;28.6;28.62;29.0;28.4;1113809;31903359;1.97;-0.63;-0.180
20250704;28.68;28.8;29.06;28.3;897956;25765736;1.59;-0.35;-0.100
20250703;28.57;28.9;29.1;28.35;725120;20880743;1.28;1.44;0.410
20250702;28.48;28.49;28.6;28.06;754572;21353738;1.33;-0.42;-0.120
20250701;28.75;28.61;29.08;28.45;951155;27334128;1.68;-0.17;-0.050
20250630;28.63;28.66;28.86;28.35;1050435;30092912;1.86;0.1;0.030
20250627;29.47;28.63;29.48;28.25;1788296;51367283;3.16;-1.07;-0.310
20250626;27.31;28.94;28.95;27.2;3008673;85518157;5.31;6.2;1.690
20250625;27.4;27.25;27.4;27.03;1412111;38444447;2.49;1.15;0.310
20250624;26.32;26.94;26.98;26.2;1870013;49811759;3.3;3.58;0.930
20250623;25.89;26.01;26.08;25.65;762188;19701012;1.35;0.81;0.210
20250620;26.08;25.8;26.46;25.66;1127546;29291877;1.99;-0.77;-0.200
20250619;25.98;26.0;26.57;25.8;1621550;42598969;2.86;0.46;0.120
20250618;25.88;25.88;25.98;25.56;660558;16988406;1.17;0.0;0.000
20250617;26.15;25.88;26.18;25.8;749861;19440761;1.32;-0.61;-0.160
20250616;26.12;26.04;26.5;26.02;994969;26095463;1.76;0.97;0.250
20250613;26.58;25.79;26.6;25.77;1190490;31015052;2.1;-2.86;-0.760
20250612;26.38;26.55;26.68;26.3;695435;18442610;1.23;0.68;0.180
20250611;26.2;26.37;26.75;26.2;981126;25990812;1.73;0.27;0.070
20250610;26.64;26.3;26.67;26.06;1340724;35386100;2.37;-1.28;-0.340
20250609;26.88;26.64;27.08;26.5;1723233;46047624;3.04;-0.89;-0.240
20250606;26.99;26.88;27.2;26.73;1044550;28084505;1.84;-0.41;-0.110
20250605;27.1;26.99;27.2;26.85;897474;24212998;1.59;-0.48;-0.130
20250604;26.6;27.12;27.53;26.46;1912220;51600513;3.38;2.38;0.630
20250603;25.99;26.49;26.56;25.85;1848832;48721637;3.27;2.59;0.670
20250530;26.11;25.82;26.15;25.68;1121309;28923541;1.98;-1.07;-0.280
20250529;25.87;26.1;26.33;25.85;987868;25797328;1.74;0.97;0.250
20250528;26.06;25.85;26.1;25.72;709829;18380677;1.25;-0.31;-0.080
20250527;26.13;25.93;26.19;25.83;603414;15640233;1.07;-1.03;-0.270
20250526;25.73;26.2;26.26;25.73;916813;23873845;1.62;1.55;0.400
20250523;26.08;25.8;26.42;25.8;1641722;42847819;2.9;-1.0;-0.260
20250522;26.6;26.06;27.13;26.01;1605746;42671143;2.84;-1.85;-0.490
20250521;26.74;26.55;27.0;26.45;1881618;50235894;3.32;-0.9;-0.240
20250520;26.88;26.79;27.28;26.72;1618690;43726655;2.86;-0.3;-0.080
20250519;26.88;26.87;26.95;26.21;1600079;42627947;2.83;1.93;0.510
20250516;26.28;26.36;26.46;26.07;927275;24370483;1.64;0.34;0.090
20250515;26.5;26.27;26.79;26.21;1274293;33723724;2.25;-0.3;-0.080
20250514;27.27;26.35;27.27;26.3;1375836;36621240;2.43;-2.34;-0.630
20250513;27.77;26.98;28.18;26.97;1384285;38032362;2.44;-1.35;-0.370
20250512;27.18;27.35;27.74;26.71;1639607;44588311;2.9;1.94;0.520
20250509;26.6;26.83;27.09;25.87;2551801;67522470;4.51;0.98;0.260
20250508;26.0;26.57;27.0;25.92;3756416;99746097;6.63;0.61;0.160
20250507;25.0;26.41;26.68;25.0;8530290;219057867;15.07;4.18;1.060
20250506;25.35;25.35;25.35;25.35;447995;11356673;0.79;-20.01;-6.340
20250429;31.4;31.69;32.26;31.05;2520003;79354111;4.45;-0.72;-0.230
20250428;33.51;31.92;33.51;31.16;2705771;86580356;4.78;-7.34;-2.530
20250425;33.99;34.45;34.58;33.72;1205266;41137437;2.13;0.82;0.280
20250424;34.89;34.17;35.19;34.06;1164121;40194979;2.06;-2.98;-1.050
20250423;34.06;35.22;35.5;34.06;1469256;51470826;2.59;3.47;1.180
20250422;34.38;34.04;34.49;33.95;782671;26733870;1.38;0.15;0.050
20250421;33.28;33.99;34.03;32.85;834971;28157501;1.47;2.13;0.710
20250418;33.35;33.28;33.62;32.91;586364;19470783;1.04;-0.09;-0.030
20250417;33.3;33.31;34.07;33.18;870642;29338032;1.54;-0.63;-0.210
20250416;34.18;33.52;34.2;32.66;1528730;50923839;2.7;-1.93;-0.660
20250415;34.53;34.18;34.79;33.8;1509417;51618331;2.67;-0.58;-0.200
20250414;35.38;34.38;35.38;34.33;2083055;72341100;3.68;-0.61;-0.210
20250411;33.6;34.59;35.21;33.39;1546292;53272587;2.73;2.79;0.940
20250410;34.0;33.65;35.28;33.62;2241442;76784257;3.96;2.59;0.850
20250409;31.31;32.8;33.15;29.73;2302729;73201878;4.07;1.67;0.540
20250408;32.02;32.26;33.28;31.0;2051543;65491536;3.62;2.02;0.640
20250407;35.17;31.62;36.07;31.58;4750472;155541893;8.39;-19.91;-7.860
20250403;40.4;39.48;42.0;39.45;2637734;106970935;4.66;-5.71;-2.390
20250402;43.5;41.87;43.88;40.95;3185854;133787673;5.63;1.23;0.510
20250401;39.19;41.36;41.95;39.19;3180746;130484059;5.62;4.39;1.740
20250331;41.2;39.62;41.5;38.03;3855837;150590579;6.81;-5.33;-2.230
20250328;42.37;41.85;43.99;41.7;3087610;131839581;5.45;-2.27;-0.970
20250327;41.0;42.82;44.3;40.71;4942646;212737961;8.73;4.06;1.670
20250326;42.35;41.15;43.17;40.79;2950056;123652453;5.21;-4.5;-1.940
20250325;42.5;43.09;44.4;41.25;3846170;165120682;6.79;2.6;1.090
20250324;40.98;42.0;42.57;40.58;3077406;128214268;5.44;2.49;1.020
20250321;41.7;40.98;41.72;39.85;2556256;103623399;4.51;-1.59;-0.660
20250320;41.38;41.64;42.67;40.61;2421357;100878669;4.28;1.14;0.470
20250319;42.0;41.17;42.98;40.78;3236619;134137731;5.72;-2.86;-1.210
20250318;44.13;42.38;44.59;42.1;3073269;133026209;5.43;-3.26;-1.430
20250317;44.2;43.81;44.57;42.9;2516605;109888759;4.44;-1.33;-0.590
20250314;41.52;44.4;46.66;41.03;5724290;249538090;10.11;8.74;3.570
20250313;42.93;40.83;43.33;40.53;4659871;195341797;8.23;-4.98;-2.140
20250312;38.5;42.97;44.95;38.11;6495727;270930455;11.47;12.52;4.780
20250311;39.09;38.19;39.4;37.23;3431678;130724693;6.06;-4.19;-1.670
20250310;38.25;39.86;40.88;38.02;4587447;182870391;8.1;3.69;1.420
20250307;36.77;38.44;41.78;36.7;3451161;134861866;6.1;4.29;1.580
20250306;37.21;36.86;37.67;36.81;1883662;70218574;3.33;0.03;0.010
20250305;37.77;36.85;38.06;36.58;1731957;64159847;3.06;-2.44;-0.920
20250304;37.94;37.77;38.75;37.3;1769149;67067332;3.12;-1.9;-0.730
20250303;38.74;38.5;40.19;37.66;2416942;94525142;4.27;0.68;0.260
20250228;40.51;38.24;40.74;38.24;3166094;124212331;5.59;-7.41;-3.060
20250227;39.98;41.3;41.5;39.8;3993160;162553161;7.05;4.61;1.820
20250226;38.48;39.48;40.47;38.14;3093323;122320641;5.46;3.3;1.260
20250225;38.25;38.22;38.97;38.04;1407841;54086028;2.49;-1.11;-0.430
20250224;38.86;38.65;38.88;37.57;2406105;91867115;4.25;-0.62;-0.240
20250221;38.72;38.89;39.17;37.48;2927047;112037640;5.17;0.49;0.190
20250220;38.0;38.7;38.93;38.0;1555534;60011215;2.75;0.97;0.370
20250219;37.62;38.33;39.25;37.48;1724808;66280857;3.05;1.78;0.670
20250218;38.57;37.66;38.57;37.5;1506765;57415140;2.66;-2.23;-0.860
20250217;39.0;38.52;39.08;37.63;1469931;56186721;2.6;0.05;0.020
20250214;38.55;38.5;39.22;38.05;1296904;49979219;2.29;-0.95;-0.370
20250213;39.0;38.87;39.33;38.06;1628354;63031707;2.88;-0.92;-0.360
20250212;38.32;39.23;39.67;38.07;1605498;62517322;2.84;1.47;0.570
20250211;39.81;38.66;39.82;38.32;2198311;85587783;3.88;-3.88;-1.560
20250210;41.0;40.22;41.01;39.14;1803726;72335000;3.19;-2.0;-0.820
20250207;41.83;41.04;42.28;40.65;1839512;75981329;3.25;-0.99;-0.410
20250206;41.5;41.45;42.05;40.52;1480789;61376666;2.62;0.63;0.260
20250205;40.3;41.19;41.64;40.0;1078122;44212996;1.9;2.21;0.890
20250127;41.82;40.3;42.11;40.23;1118408;45855398;1.99;-4.28;-1.800
20250124;42.35;42.1;42.9;41.43;1690067;71047354;3.01;-1.13;-0.480
20250123;42.12;42.58;43.9;41.4;2131187;91171901;3.8;1.38;0.580
20250122;42.0;42.0;42.98;41.6;1434168;60503794;2.55;0.0;0.000
20250121;40.21;42.0;42.95;40.0;2722139;113208515;4.85;3.52;1.430
20250120;41.1;40.57;41.72;39.17;2577129;104056472;4.59;-2.24;-0.930
20250117;40.39;41.5;41.78;40.1;2055306;84300569;3.66;2.14;0.870
20250116;40.11;40.63;40.8;39.53;1869279;75172459;3.33;0.37;0.150
20250115;40.19;40.48;40.8;39.12;3447336;137519394;6.14;2.61;1.030
20250114;35.91;39.45;39.68;35.91;3894313;148796664;6.94;9.83;3.530
20250113;36.33;35.92;37.29;35.51;1640322;59307475;2.92;-2.47;-0.910
20250110;36.49;36.83;37.5;35.63;2173208;79705928;3.87;0.88;0.320
20250109;37.52;36.51;37.73;36.16;3257832;120398669;5.8;-0.63;-0.230
20250108;37.38;36.74;38.4;35.75;3444983;127535729;6.14;-2.34;-0.880
20250107;36.06;37.62;37.78;36.06;3071425;113940046;5.47;2.9;1.060
20250106;35.66;36.56;37.35;34.71;3936532;142942437;7.01;4.22;1.480
20250103;33.84;35.08;35.99;33.52;3092504;108319699;5.51;4.72;1.580
20250102;33.41;33.5;34.75;33.24;2084131;70931413;3.71;-0.62;-0.210