20251022;178.0;177.28;180.9;175.02;2448727;434866812;1.56;-1.28;-2.290
20251021;178.8;179.57;180.99;176.16;2786877;499747062;1.78;1.64;2.890
20251020;176.0;176.68;179.99;174.59;3142752;556812083;2.01;1.54;2.680
20251017;181.35;174.0;184.12;173.75;3917663;698215808;2.5;-4.58;-8.360
20251016;186.98;182.36;187.88;181.32;3912780;720648492;2.5;-3.13;-5.890
20251015;187.0;188.25;191.88;183.58;4125011;769530431;2.63;-1.34;-2.550
20251014;200.0;190.8;203.88;188.93;5033740;985219709;3.21;-2.66;-5.220
20251013;186.73;196.02;200.99;186.73;5380138;1051057959;3.43;-1.74;-3.480
20251010;218.1;199.5;225.17;197.61;7118573;1482299875;4.54;-7.72;-16.680
20251009;213.8;216.18;222.5;207.56;8879666;1911373471;5.67;-0.31;-0.680
20250930;202.63;216.86;218.88;202.63;9610929;2039105737;6.13;8.82;17.570
20250929;196.85;199.29;199.91;192.0;4300013;844582276;2.74;1.16;2.290
20250926;206.61;197.0;210.88;196.61;5402859;1095871980;3.45;-4.65;-9.610
20250925;205.99;206.61;214.28;203.58;5136128;1073725879;3.28;-0.09;-0.190
20250924;200.08;206.8;209.68;196.95;7374849;1507198629;4.71;1.26;2.570
20250923;204.0;204.23;205.02;192.44;9078723;1809664611;5.79;2.42;4.820
20250922;195.4;199.41;202.25;190.02;8831196;1742354796;5.64;8.18;15.070
20250919;190.5;184.34;191.0;184.0;4183486;780661291;2.67;-3.1;-5.900
20250918;191.41;190.24;201.5;186.11;7434735;1446425882;4.74;-0.61;-1.170
20250917;186.0;191.41;194.59;185.03;4222271;805992268;2.69;2.61;4.870
20250916;185.66;186.54;189.58;184.21;2995579;559878941;1.91;0.47;0.870
20250915;193.8;185.67;193.8;184.1;4118160;771057784;2.63;-2.54;-4.830
20250912;188.0;190.5;194.8;184.53;6838037;1291454663;4.36;1.0;1.880
20250911;176.5;188.62;188.8;175.58;6619297;1218952432;4.22;6.09;10.830
20250910;176.01;177.79;180.4;176.0;3489491;622354265;2.23;1.03;1.810
20250909;179.0;175.98;181.47;174.64;3595789;639311082;2.29;-2.5;-4.520
20250908;178.0;180.5;180.65;174.54;5582825;992527119;3.56;0.53;0.960
20250905;177.88;179.54;179.79;173.88;5339970;946048386;3.41;1.99;3.500
20250904;188.0;176.04;188.97;172.75;6162202;1111238949;3.93;-6.22;-11.670
20250903;192.57;187.71;194.88;186.0;5237087;992514943;3.34;-1.8;-3.440
20250902;218.39;191.15;218.39;190.0;9968798;2000640825;6.36;-12.39;-27.030
20250901;220.06;218.18;225.6;211.33;7250640;1582174175;4.63;0.26;0.570
20250829;219.0;217.61;219.56;209.8;7386915;1588612548;4.71;-2.36;-5.270
20250828;217.9;222.88;224.3;211.77;11542353;2505467056;7.37;1.31;2.890
20250827;193.01;219.99;225.0;193.01;12569392;2717937197;8.02;17.33;32.490
20250826;183.95;187.5;191.24;181.99;4033724;753769727;2.57;1.39;2.570
20250825;187.6;184.93;196.0;182.1;6725329;1255542045;4.29;-0.57;-1.060
20250822;180.2;185.99;188.0;180.2;5580925;1034372823;3.56;2.56;4.640
20250821;185.81;181.35;186.87;178.54;5808527;1058441375;3.71;-3.02;-5.650
20250820;167.01;187.0;187.87;165.4;7562355;1333266773;4.83;9.82;16.720
20250819;169.65;170.28;174.88;168.5;4643699;799298922;2.96;0.49;0.830
20250818;164.0;169.45;172.5;162.9;5672768;955657105;3.62;3.08;5.070
20250815;160.19;164.38;165.59;160.19;3675903;600957769;2.35;1.93;3.120
20250814;162.9;161.26;166.19;160.39;4535046;740509411;2.89;-1.25;-2.040
20250813;155.01;163.3;163.6;153.8;6409866;1018291137;4.09;5.15;8.000
20250812;153.0;155.3;156.8;151.58;4042922;624384634;2.58;1.35;2.070
20250811;150.86;153.23;154.77;150.2;3227493;494855002;2.06;1.57;2.370
20250808;155.96;150.86;156.4;150.24;4925154;750321986;3.14;-3.55;-5.560
20250807;158.5;156.42;160.14;156.08;3609199;568570018;2.3;-2.24;-3.580
20250806;160.12;160.0;162.62;157.01;3551493;564512468;2.27;0.0;0.000
20250805;160.96;160.0;160.97;158.16;2459942;392473147;1.57;-0.81;-1.300
20250804;158.47;161.3;161.96;157.74;3174680;506621432;2.03;0.52;0.830
20250801;161.75;160.47;164.48;158.1;2853951;458761398;1.82;-0.93;-1.510
20250731;163.68;161.98;167.55;159.11;5035021;826418537;3.21;-0.97;-1.580
20250730;163.07;163.56;171.81;161.01;5756018;954096548;3.67;0.76;1.230
20250729;157.0;162.33;164.58;156.18;4759574;770320260;3.04;3.18;5.000
20250728;160.0;157.33;160.5;156.51;3230489;509647311;2.06;-1.04;-1.660
20250725;155.0;158.99;159.4;154.59;3961965;622767721;2.53;2.94;4.540
20250724;154.03;154.45;155.5;153.0;2464600;380076123;1.57;0.24;0.370
20250723;152.58;154.08;156.5;151.11;2884919;444528729;1.84;-0.06;-0.090
20250722;156.01;154.17;158.4;153.16;3461868;536566155;2.21;-1.45;-2.270
20250721;152.9;156.44;159.79;152.22;3931407;615205930;2.51;1.86;2.850
20250718;155.55;153.59;158.3;152.29;3042293;469982095;1.94;-1.23;-1.910
20250717;154.9;155.5;156.0;153.1;2608571;403145493;1.66;0.39;0.600
20250716;158.3;154.9;158.8;154.5;3595426;561084600;2.29;-2.02;-3.200
20250715;152.6;158.1;158.5;152.46;4931174;767194146;3.15;3.49;5.330
20250714;155.0;152.77;155.15;152.57;2742883;421241744;1.75;-1.01;-1.560
20250711;155.74;154.33;156.8;152.52;4678808;724053538;2.99;-1.37;-2.150
20250710;148.66;156.48;157.44;148.13;7026731;1085522232;4.48;5.77;8.530
20250709;147.45;147.95;149.22;146.62;3988546;590141026;2.55;-0.24;-0.350
20250708;146.0;148.3;149.8;142.89;9631836;1413764485;6.15;8.47;11.580
20250707;136.89;136.72;137.54;135.14;1397770;190753666;0.89;-0.3;-0.410
20250704;139.0;137.13;140.39;135.5;2682558;369022357;1.71;-1.63;-2.270
20250703;139.0;139.4;143.88;138.6;2630540;370610235;1.68;0.29;0.400
20250702;143.2;139.0;143.78;138.05;3145527;440309872;2.01;-3.48;-5.010
20250701;145.01;144.01;145.86;142.2;2713766;391686104;1.73;-1.43;-2.090
20250630;139.86;146.1;146.44;139.7;4305820;616330458;2.75;4.41;6.170
20250627;144.5;139.93;145.28;138.18;3872594;545981536;2.47;-2.88;-4.150
20250626;146.12;144.08;146.89;143.0;3473794;501980724;2.22;-1.87;-2.750
20250625;140.57;146.83;147.44;139.1;5725149;824689558;3.65;6.31;8.720
20250624;133.56;138.11;138.99;133.0;3631064;496844705;2.32;4.19;5.560
20250623;130.77;132.55;135.0;130.3;2049654;272273065;1.31;0.42;0.550
20250620;135.0;132.0;135.45;131.9;2087964;277665790;1.33;-1.98;-2.660
20250619;133.88;134.66;138.44;133.0;4029093;547715178;2.57;0.88;1.180
20250618;133.63;133.48;134.3;131.68;2349218;312626375;1.5;-0.68;-0.910
20250617;133.98;134.39;135.34;132.8;2014154;270062578;1.29;0.19;0.260
20250616;137.03;134.13;137.98;132.55;3844464;516847123;2.45;-2.89;-3.990
20250613;136.65;138.12;139.79;134.0;4600144;627872771;2.94;0.82;1.120
20250612;138.43;137.0;140.2;136.0;2902914;400558166;1.85;-1.57;-2.190
20250611;141.5;139.19;142.3;138.15;2794944;390770444;1.78;-1.28;-1.810
20250610;149.0;141.0;149.6;138.92;5780425;824378452;3.69;-6.67;-10.080
20250609;142.82;151.08;155.18;140.86;7845839;1175911420;5.01;5.23;7.510
20250606;141.18;143.57;145.99;140.83;3136342;448806168;2.0;1.69;2.390
20250605;136.3;141.18;141.8;135.16;2907263;404801110;1.86;3.58;4.880
20250604;135.39;136.3;136.65;134.3;2102214;284830590;1.34;-1.06;-1.460
20250603;185.94;192.99;195.55;184.16;3303320;633515140;2.94;4.81;8.860
20250530;189.0;184.13;189.0;183.84;1799230;333598746;1.6;-3.14;-5.970
20250529;188.8;190.1;192.5;188.05;1772157;336899472;1.58;1.12;2.100
20250528;189.3;188.0;192.2;186.3;1177437;221440289;1.05;-0.39;-0.730
20250527;191.51;188.73;198.6;188.3;1680238;322581102;1.5;-2.51;-4.850
20250526;185.99;193.58;194.78;184.77;2616330;496731167;2.33;3.74;6.980
20250523;194.3;186.6;194.3;183.26;3696238;689407155;3.29;-3.81;-7.390
20250522;192.86;193.99;203.85;191.34;3267007;644689426;2.91;0.45;0.860
20250521;196.0;193.13;196.62;192.53;1606991;311863948;1.43;-1.77;-3.490
20250520;191.49;196.62;200.25;189.51;2521750;495558257;2.25;3.01;5.740
20250519;194.49;190.88;196.0;190.51;2454485;471843572;2.19;-2.51;-4.920
20250516;197.5;195.8;199.24;195.44;1587340;312558970;1.41;-1.05;-2.080
20250515;200.57;197.88;202.23;197.02;1952297;389841902;1.74;-1.31;-2.620
20250514;202.04;200.5;207.55;197.2;2609932;525189282;2.33;-1.81;-3.700
20250513;205.0;204.2;210.99;201.5;3076692;637432354;2.74;0.94;1.900
20250512;200.88;202.3;203.9;199.0;2869805;577521205;2.56;1.91;3.800
20250509;208.0;198.5;208.88;197.99;4804973;967401406;4.28;-7.97;-17.200
20250508;218.01;215.7;219.9;213.5;2096942;452304842;1.87;-1.5;-3.290
20250507;223.0;218.99;224.68;216.47;2875417;632209990;2.56;-0.8;-1.760
20250506;219.0;220.75;222.94;213.72;4192993;920336528;3.74;1.26;2.750
20250430;203.0;218.0;218.99;203.0;6408114;1367194267;5.71;12.16;23.640
20250429;194.89;194.36;196.0;192.26;1593818;309079284;1.42;-0.53;-1.040
20250428;192.79;195.4;198.8;189.0;2863873;557545433;2.55;2.2;4.200
20250425;192.18;191.2;195.8;190.18;2540876;490326753;2.26;-0.52;-0.990
20250424;195.0;192.19;195.0;189.58;1952565;375302884;1.74;-1.48;-2.890
20250423;191.51;195.08;196.83;190.5;3008213;582999659;2.68;3.65;6.870
20250422;191.78;188.21;193.8;188.1;2377669;453572127;2.12;-2.04;-3.920
20250421;192.62;192.13;194.0;188.5;2881763;550633941;2.57;-0.47;-0.900
20250418;194.0;193.03;194.99;190.42;1549117;298011851;1.38;-0.5;-0.970
20250417;188.79;194.0;198.0;188.79;3063388;598889200;2.73;1.73;3.290
20250416;194.0;190.71;195.0;187.7;1935281;369931355;1.72;-1.92;-3.730
20250415;193.05;194.44;196.0;189.5;2103784;405692014;1.88;0.73;1.400
20250414;197.66;193.04;199.88;192.0;2848711;553911460;2.54;-0.64;-1.240
20250411;186.06;194.28;198.79;186.06;3735288;724156944;3.33;3.17;5.970
20250410;185.0;188.31;194.67;185.0;4393820;835807216;3.92;5.71;10.180
20250409;169.09;178.13;182.6;165.01;4439307;782804513;3.96;1.91;3.330
20250408;172.66;174.8;180.46;168.99;4730082;825512036;4.22;2.67;4.550
20250407;180.0;170.25;190.0;165.17;5761222;1027051719;5.13;-17.54;-36.210
20250403;213.0;206.46;219.98;205.13;4368001;920187580;3.89;-5.81;-12.740
20250402;225.5;219.2;227.5;218.5;2874219;639606492;2.56;-3.01;-6.800
20250401;231.0;226.0;233.0;224.66;3417123;779560867;3.05;-1.6;-3.670
20250331;209.02;229.67;232.58;207.0;6869368;1517779850;6.12;9.37;19.670
20250328;214.56;210.0;219.47;209.65;2444816;520975976;2.18;-1.65;-3.520
20250327;212.05;213.52;222.68;212.05;3468791;750897815;3.09;-0.47;-1.000
20250326;209.11;214.52;217.73;209.11;3233809;695146986;2.88;2.64;5.520
20250325;216.0;209.0;217.02;208.42;2776009;587096966;2.47;-3.37;-7.300
20250324;217.0;216.3;223.96;212.27;4082897;891341234;3.64;0.6;1.300
20250321;230.76;215.0;233.46;213.5;5305689;1164157250;4.73;-7.49;-17.410
20250320;233.07;232.41;243.07;228.01;5317789;1254061379;4.74;0.35;0.810
20250319;226.63;231.6;241.98;226.63;5921712;1396019361;5.28;3.16;7.100
20250318;219.01;224.5;225.98;215.98;4804378;1064946294;4.28;3.22;7.000
20250317;220.02;217.5;220.02;210.21;4987370;1073707510;4.45;-4.29;-9.750
20250314;225.66;227.25;235.86;223.67;5759336;1328112574;5.13;0.74;1.680
20250313;224.08;225.57;229.5;219.6;3575681;801235793;3.19;0.08;0.170
20250312;223.0;225.4;230.08;217.3;3738336;838547800;3.33;2.64;5.800
20250311;224.01;219.6;228.83;218.01;3961511;877899525;3.53;-4.52;-10.400
20250310;230.02;230.0;231.28;224.01;3171463;721500740;2.83;-0.65;-1.500
20250307;242.86;231.5;242.86;230.11;4391621;1028015843;3.91;-4.63;-11.240
20250306;237.88;242.74;246.0;232.02;7398352;1766825487;6.59;3.73;8.730
20250305;232.04;234.01;244.35;231.0;6079416;1436241929;5.42;2.01;4.610
20250304;211.33;229.4;233.66;208.0;6367927;1429108290;5.68;7.49;15.990
20250303;223.14;213.41;224.83;210.1;4088092;882412091;3.64;-2.54;-5.570
20250228;231.7;218.98;232.5;217.0;4002643;898684302;3.57;-5.72;-13.280
20250227;232.66;232.26;238.97;227.18;3797443;882209694;3.38;-1.17;-2.750
20250226;233.58;235.01;242.79;228.0;4298718;1013706731;3.83;1.59;3.680
20250225;223.0;231.33;238.98;222.0;5114439;1179821332;4.56;0.82;1.880
20250224;235.1;229.45;239.66;227.0;5312641;1226799548;4.73;-4.08;-9.770
20250221;233.19;239.22;243.98;233.1;4723800;1127946991;4.21;0.72;1.720
20250220;240.0;237.5;243.2;231.51;4296201;1021505909;3.83;0.3;0.700
20250219;226.98;236.8;238.0;226.98;4272331;1001040597;3.81;3.82;8.720
20250218;230.11;228.08;234.98;226.81;3295973;759479388;2.94;-2.67;-6.250
20250217;228.5;234.33;235.19;218.0;4638132;1069847118;4.13;1.6;3.690
20250214;227.62;230.64;231.24;225.0;4675885;1066700706;4.17;0.63;1.440
20250213;255.0;229.2;257.0;228.08;9870548;2356642410;8.8;-12.32;-32.200
20250212;253.8;261.4;268.9;249.0;5787163;1491734927;5.16;0.93;2.420
20250211;256.0;258.98;260.9;250.1;4518165;1158659455;4.03;0.77;1.970
20250210;250.01;257.01;262.0;246.33;5944551;1507286696;5.3;0.18;0.450
20250207;260.0;256.56;267.39;252.0;6440078;1669186734;5.74;-3.18;-8.440
20250206;246.0;265.0;268.78;245.82;5991741;1567427395;5.34;6.34;15.790
20250205;275.64;249.21;276.0;247.85;7497950;1941978639;6.68;-7.78;-21.030
20250127;280.0;270.24;288.5;268.97;5246366;1462798343;4.68;-1.59;-4.360
20250124;266.95;274.6;279.0;266.18;4257409;1162511269;3.79;1.89;5.100
20250123;285.0;269.5;288.98;267.0;6685669;1844349579;5.96;-6.1;-17.500
20250122;267.6;287.0;288.88;267.6;5493638;1507009839;4.9;2.87;8.000
20250121;254.0;279.0;290.0;252.26;8312810;2213239818;7.41;13.94;34.130
20250120;244.97;244.87;252.0;239.0;5132103;1253892882;4.57;-0.39;-0.960
20250117;218.38;245.83;254.57;218.0;7095102;1661380490;6.32;11.48;25.320
20250116;231.58;220.51;233.69;217.11;6656281;1494599408;5.93;-6.6;-15.590
20250115;227.0;236.1;246.0;225.03;6131899;1456286051;5.47;3.1;7.100
20250114;213.68;229.0;229.8;207.0;5551541;1222943277;4.95;8.74;18.410
20250113;210.0;210.59;217.39;205.5;4800526;1010917966;4.28;-3.71;-8.110
20250110;223.0;218.7;233.6;218.22;5430422;1223898407;4.84;-1.21;-2.670
20250109;215.96;221.37;232.87;214.81;7108818;1601087303;6.34;3.44;7.370
20250108;205.0;214.0;218.88;203.0;6301393;1336021816;5.62;1.98;4.150
20250107;202.0;209.85;211.99;195.6;5863053;1208893602;5.23;4.27;8.600
20250106;208.21;201.25;209.99;196.6;5331198;1083481241;4.75;-3.5;-7.300
20250103;220.33;208.55;223.0;204.7;5349994;1127735309;4.77;-3.85;-8.360
20250102;218.97;216.91;223.05;212.86;4726090;1027423824;4.21;-0.5;-1.090