20251022;14.16;14.04;14.3;14.04;6765455;95711805;2.32;-1.89;-0.270
20251021;13.85;14.31;14.46;13.75;12861648;182684222;4.41;6.08;0.820
20251020;13.32;13.49;13.5;13.19;3931180;52566531;1.35;2.12;0.280
20251017;13.36;13.21;13.46;13.16;2909220;38687543;1.0;-1.49;-0.200
20251016;13.5;13.41;13.58;13.39;1920700;25894789;0.66;-0.74;-0.100
20251015;13.32;13.51;13.51;13.28;2854460;38371232;0.98;1.35;0.180
20251014;13.34;13.33;13.49;13.29;3267200;43697621;1.12;-0.07;-0.010
20251013;13.08;13.34;13.36;12.98;4425770;58517634;1.52;-1.62;-0.220
20251010;13.45;13.56;13.66;13.4;3527449;47869113;1.21;0.97;0.130
20251009;13.6;13.43;13.7;13.37;4733770;63681864;1.62;-1.61;-0.220
20250930;13.55;13.65;13.75;13.5;3076130;41910406;1.05;0.74;0.100
20250929;13.48;13.55;13.57;13.26;2560800;34473400;0.88;0.3;0.040
20250926;13.43;13.51;13.59;13.33;2654790;35818169;0.91;0.37;0.050
20250925;13.69;13.46;13.74;13.41;4042412;54673048;1.38;-1.46;-0.200
20250924;13.53;13.66;13.73;13.45;2640301;36056937;0.9;0.81;0.110
20250923;13.87;13.55;13.87;13.32;4857010;65581092;1.66;-1.95;-0.270
20250922;13.96;13.82;14.08;13.7;3619790;50195299;1.24;-1.0;-0.140
20250919;14.17;13.96;14.17;13.87;3421800;47822524;1.17;-0.57;-0.080
20250918;14.42;14.04;14.42;13.9;6017968;85385280;2.06;-2.23;-0.320
20250917;14.47;14.36;14.55;14.33;3778819;54542797;1.29;-0.76;-0.110
20250916;14.4;14.47;14.47;14.28;3153150;45378530;1.08;0.56;0.080
20250915;14.43;14.39;14.48;14.3;2660530;38264699;0.91;-0.35;-0.050
20250912;14.56;14.44;14.56;14.23;4567200;65555524;1.56;-0.76;-0.110
20250911;14.29;14.55;14.55;14.1;4101552;59017316;1.41;1.68;0.240
20250910;14.45;14.31;14.48;14.26;3366918;48271626;1.15;-0.63;-0.090
20250909;14.75;14.4;14.75;14.29;4165270;60154620;1.43;-1.44;-0.210
20250908;14.34;14.61;14.75;14.33;5494130;80022295;1.88;1.95;0.280
20250905;14.11;14.33;14.35;13.97;4147870;58889512;1.42;1.85;0.260
20250904;14.11;14.07;14.27;13.91;4670690;65761796;1.6;-0.57;-0.080
20250903;14.22;14.15;14.33;14.1;4751497;67711986;1.63;-0.7;-0.100
20250902;14.25;14.25;14.25;13.96;5399567;76239738;1.85;0.0;0.000
20250901;14.17;14.25;14.29;14.1;4586667;65143112;1.57;0.99;0.140
20250829;14.09;14.11;14.22;14.05;4623520;65245636;1.58;0.0;0.000
20250828;14.37;14.11;14.45;13.75;9277142;130243608;3.18;-1.88;-0.270
20250827;14.77;14.38;14.85;14.37;7234612;105594927;2.48;-2.31;-0.340
20250826;14.73;14.72;14.83;14.6;5441997;80113275;1.86;-0.27;-0.040
20250825;14.61;14.76;15.0;14.61;8968867;132603697;3.07;1.03;0.150
20250822;14.95;14.61;14.96;14.46;8260529;120782797;2.83;-2.08;-0.310
20250821;14.91;14.92;15.02;14.84;5218590;77856238;1.79;0.07;0.010
20250820;14.81;14.91;14.97;14.75;5634935;83665488;1.93;0.34;0.050
20250819;14.88;14.86;15.11;14.81;7215560;107825167;2.47;0.2;0.030
20250818;14.84;14.83;14.94;14.68;7247490;107187715;2.48;0.07;0.010
20250815;14.72;14.82;14.93;14.68;5754080;85175217;1.97;0.27;0.040
20250814;14.89;14.78;15.04;14.72;8916820;132271475;3.06;-1.07;-0.160
20250813;15.04;14.94;15.05;14.8;8149681;121540556;2.79;-0.66;-0.100
20250812;15.0;15.04;15.44;14.85;13950889;210134680;4.78;0.94;0.140
20250811;14.5;14.9;15.04;14.41;11586540;170586319;3.97;2.83;0.410
20250808;14.29;14.49;14.94;14.14;9892385;143181838;3.39;1.97;0.280
20250807;14.26;14.21;14.61;14.2;7715205;110608366;2.64;0.21;0.030
20250806;14.46;14.18;14.56;14.13;6693900;95653884;2.29;-1.87;-0.270
20250805;14.49;14.45;14.54;14.22;6214194;89431558;2.13;-0.14;-0.020
20250804;14.06;14.47;14.47;14.02;7776599;110997165;2.66;2.19;0.310
20250801;14.07;14.16;14.35;13.97;7459410;105722010;2.56;1.51;0.210
20250731;14.36;13.95;14.36;13.8;10771639;151848426;3.69;-3.13;-0.450
20250730;14.43;14.4;14.51;14.27;5881684;84663865;2.02;-0.55;-0.080
20250729;14.14;14.48;14.48;14.09;6042130;86249479;2.07;2.12;0.300
20250728;14.21;14.18;14.48;14.07;6191549;87970722;2.12;0.0;0.000
20250725;13.98;14.18;14.57;13.88;9001281;128777363;3.08;1.58;0.220
20250724;13.89;13.96;14.09;13.77;3907670;54336810;1.34;0.58;0.080
20250723;13.85;13.88;14.02;13.72;4816463;66991608;1.65;0.0;0.000
20250722;14.02;13.88;14.02;13.78;5461380;75996802;1.87;-0.79;-0.110
20250721;13.8;13.99;14.02;13.7;5380796;74938875;1.84;1.75;0.240
20250718;13.69;13.75;13.77;13.5;4276000;58340605;1.47;0.44;0.060
20250717;13.44;13.69;13.72;13.41;5067684;68780228;1.74;1.86;0.250
20250716;13.1;13.44;13.45;13.1;4035856;53764910;1.38;2.13;0.280
20250715;13.18;13.16;13.24;12.98;4482105;58748657;1.54;-0.15;-0.020
20250714;12.96;13.18;13.31;12.92;6103415;79809920;2.09;1.93;0.250
20250711;12.96;12.93;13.0;12.87;3211800;41572677;1.1;-0.46;-0.060
20250710;12.9;12.99;13.02;12.86;3057380;39592471;1.05;0.7;0.090
20250709;12.94;12.9;12.95;12.85;2206630;28438391;0.76;-0.15;-0.020
20250708;12.88;12.92;13.02;12.84;2818800;36414188;0.97;0.16;0.020
20250707;12.92;12.9;13.03;12.85;3209400;41489412;1.1;0.47;0.060
20250704;12.92;12.84;12.97;12.82;3186060;41060670;1.09;-0.23;-0.030
20250703;12.75;12.87;12.9;12.73;2766100;35530451;0.95;0.86;0.110
20250702;12.75;12.76;12.89;12.69;3248110;41488020;1.11;0.0;0.000
20250701;12.73;12.76;12.83;12.66;3260000;41572909;1.12;0.31;0.040
20250630;12.48;12.72;12.84;12.44;6017120;76311557;2.06;1.92;0.240
20250627;12.41;12.48;12.55;12.4;2536790;31627816;0.87;0.81;0.100
20250626;12.52;12.38;12.54;12.36;2417400;30061468;0.83;-0.96;-0.120
20250625;12.57;12.5;12.62;12.45;3059983;38328443;1.05;0.0;0.000
20250624;12.32;12.5;12.54;12.24;3487310;43414580;1.19;2.12;0.260
20250623;12.08;12.24;12.29;12.0;3188537;38783403;1.09;1.24;0.150
20250620;12.18;12.09;12.25;12.04;2464897;29903483;0.84;-0.08;-0.010
20250619;12.28;12.1;12.33;12.05;3184570;38753890;1.09;-1.47;-0.180
20250618;12.45;12.28;12.49;12.26;3142370;38746740;1.08;-1.76;-0.220
20250617;12.43;12.5;12.65;12.43;3563900;44641887;1.22;0.56;0.070
20250616;12.42;12.43;12.59;12.3;3500910;43641072;1.2;-0.48;-0.060
20250613;12.45;12.49;12.64;12.43;4841630;60636519;1.66;-0.16;-0.020
20250612;12.55;12.51;12.65;12.45;5001000;62714949;1.71;0.16;0.020
20250611;12.38;12.49;12.5;12.35;3469040;43230486;1.19;1.13;0.140
20250610;12.4;12.35;12.55;12.24;4741799;58785206;1.62;-0.48;-0.060
20250609;12.21;12.41;12.44;12.21;2902029;35853270;0.99;0.89;0.110
20250606;12.26;12.3;12.47;12.13;4910534;60358082;1.68;0.65;0.080
20250605;12.35;12.22;12.35;12.17;2625440;32139046;0.9;-0.81;-0.100
20250604;12.25;12.32;12.35;12.2;3707047;45554642;1.27;0.49;0.060
20250603;12.08;12.26;12.34;12.03;5008251;61259645;1.72;1.57;0.190
20250530;12.02;12.07;12.19;12.0;3392915;41007898;1.16;0.58;0.070
20250529;11.87;12.0;12.02;11.83;3251376;38826622;1.11;1.52;0.180
20250528;12.38;12.32;12.45;12.24;2998348;37007028;1.03;-0.32;-0.040
20250527;12.2;12.36;12.38;12.18;3296570;40539987;1.13;0.73;0.090
20250526;12.3;12.27;12.35;12.12;3539630;43279134;1.21;-0.08;-0.010
20250523;12.45;12.28;12.51;12.25;4146900;51318847;1.42;0.82;0.100
20250522;12.38;12.18;12.47;12.15;2760120;33839451;0.95;-1.69;-0.210
20250521;12.39;12.39;12.46;12.35;2640960;32764948;0.9;0.0;0.000
20250520;12.21;12.39;12.4;12.18;3743264;46159949;1.28;1.72;0.210
20250519;12.15;12.18;12.2;12.11;1870058;22741776;0.64;0.25;0.030
20250516;12.06;12.15;12.18;12.05;2184240;26478804;0.75;0.66;0.080
20250515;12.12;12.07;12.22;12.07;2475700;30066995;0.85;-0.74;-0.090
20250514;12.17;12.16;12.29;12.12;3199020;39006471;1.1;-0.57;-0.070
20250513;12.12;12.23;12.37;12.01;6362150;77307803;2.18;2.26;0.270
20250512;11.9;11.96;11.98;11.81;3131000;37259847;1.07;1.1;0.130
20250509;11.86;11.83;11.87;11.72;2423000;28599879;0.83;0.08;0.010
20250508;11.7;11.82;11.85;11.69;2240449;26452672;0.77;0.6;0.070
20250507;11.83;11.75;11.89;11.62;3956920;46663049;1.36;0.26;0.030
20250506;11.72;11.72;11.81;11.67;3498288;41008814;1.2;0.51;0.060
20250430;11.67;11.66;11.79;11.55;2221700;25950805;0.76;0.6;0.070
20250429;11.49;11.59;11.62;11.43;2216588;25649434;0.76;1.22;0.140
20250428;11.58;11.45;11.61;11.42;3345700;38443315;1.15;-1.38;-0.160
20250425;11.8;11.61;11.83;11.56;5655980;65857009;1.94;-0.94;-0.110
20250424;11.52;11.72;11.73;11.45;3799960;44091523;1.3;1.74;0.200
20250423;11.31;11.52;11.7;11.24;4738900;54428565;1.62;2.31;0.260
20250422;10.99;11.26;11.28;10.93;3588300;39981903;1.23;2.64;0.290
20250421;10.93;10.97;11.03;10.78;2166100;23704786;0.74;0.92;0.100
20250418;10.85;10.87;11.0;10.77;1647141;17872686;0.56;-0.09;-0.010
20250417;10.79;10.88;10.98;10.73;2129101;23199039;0.73;0.83;0.090
20250416;10.94;10.79;10.94;10.6;2394899;25767072;0.82;-1.64;-0.180
20250415;10.91;10.97;10.98;10.73;2342060;25452869;0.8;0.83;0.090
20250414;10.9;10.88;11.01;10.83;2603730;28408684;0.89;0.93;0.100
20250411;10.79;10.78;10.87;10.68;2556200;27562791;0.88;-0.46;-0.050
20250410;10.69;10.83;11.02;10.65;4814900;52192959;1.65;3.44;0.360
20250409;10.35;10.47;10.55;9.86;5610060;57241834;1.92;-0.19;-0.020
20250408;10.41;10.49;10.95;10.27;8723200;91917413;2.99;-4.9;-0.540
20250407;11.81;11.03;11.85;11.03;5558637;62290005;1.9;-10.03;-1.230
20250403;12.32;12.26;12.46;12.06;5445332;66439194;1.87;-1.21;-0.150
20250402;12.39;12.41;12.53;12.34;2668200;33217033;0.91;-0.16;-0.020
20250401;12.04;12.43;12.55;12.0;4888630;60532436;1.67;3.58;0.430
20250331;12.2;12.0;12.24;11.91;3080779;37055481;1.06;-2.04;-0.250
20250328;12.34;12.25;12.56;12.25;3273390;40477499;1.12;-0.73;-0.090
20250327;12.3;12.34;12.35;12.06;2946050;36066402;1.01;0.9;0.110
20250326;12.16;12.23;12.28;12.06;2233600;27301310;0.77;0.74;0.090
20250325;12.04;12.14;12.22;11.96;2312800;27956406;0.79;0.25;0.030
20250324;12.29;12.11;12.3;11.9;3628080;43799630;1.24;-0.82;-0.100
20250321;12.4;12.21;12.45;12.16;3150000;38647823;1.08;-1.37;-0.170
20250320;12.4;12.38;12.43;12.3;2415620;29847169;0.83;-0.16;-0.020
20250319;12.35;12.4;12.49;12.35;2541002;31538258;0.87;-0.16;-0.020
20250318;12.33;12.42;12.47;12.31;3983710;49428029;1.36;0.49;0.060
20250317;12.18;12.36;12.45;12.14;5344720;65764863;1.83;1.9;0.230
20250314;11.9;12.13;12.14;11.87;4840330;58114161;1.66;2.02;0.240
20250313;11.88;11.89;11.93;11.72;2921270;34474991;1.0;0.34;0.040
20250312;11.92;11.85;11.95;11.81;2742400;32544588;0.94;-0.5;-0.060
20250311;11.79;11.91;11.91;11.78;2818700;33346063;0.97;-0.25;-0.030
20250310;12.0;11.94;12.11;11.84;5245741;62685538;1.8;1.44;0.170
20250307;11.69;11.77;11.88;11.58;4303850;50613120;1.47;0.94;0.110
20250306;11.58;11.66;11.69;11.51;4270210;49581897;1.46;0.87;0.100
20250305;11.7;11.56;11.7;11.48;2362759;27272512;0.81;-1.11;-0.130
20250304;11.47;11.69;11.74;11.38;3189790;36994301;1.09;1.83;0.210
20250303;11.34;11.48;11.58;11.34;3191510;36681914;1.09;1.23;0.140
20250228;11.56;11.34;11.6;11.32;3727390;42541506;1.28;-2.07;-0.240
20250227;11.59;11.58;11.61;11.39;3532430;40642861;1.21;0.52;0.060
20250226;11.37;11.52;11.53;11.37;3232560;37032190;1.11;1.5;0.170
20250225;11.68;11.35;11.68;11.3;6129220;70224596;2.1;-3.32;-0.390
20250224;11.82;11.74;11.89;11.66;3619839;42461579;1.24;-1.34;-0.160
20250221;11.98;11.9;11.99;11.78;3757760;44568996;1.29;0.08;0.010
20250220;11.7;11.89;11.9;11.66;3814950;45239423;1.31;1.89;0.220
20250219;11.55;11.67;11.73;11.55;2404640;27982157;0.82;0.86;0.100
20250218;11.85;11.57;11.92;11.52;3288469;38488557;1.13;-2.61;-0.310
20250217;11.9;11.88;12.0;11.77;4858447;57830576;1.66;0.76;0.090
20250214;11.57;11.79;11.83;11.56;4798740;56372259;1.64;1.81;0.210
20250213;11.72;11.58;11.79;11.57;2720980;31691978;0.93;-1.45;-0.170
20250212;11.86;11.75;11.89;11.65;3132590;36746505;1.07;-0.84;-0.100
20250211;11.94;11.85;11.99;11.76;2818374;33363253;0.97;-1.33;-0.160
20250210;11.78;12.01;12.02;11.77;3402650;40547419;1.17;2.04;0.240
20250207;11.69;11.77;11.85;11.64;3327700;39127723;1.14;0.86;0.100
20250206;11.5;11.67;11.68;11.38;2965240;34248175;1.02;1.13;0.130
20250205;11.72;11.54;11.8;11.44;2674630;30924900;0.92;-1.54;-0.180
20250127;11.59;11.72;11.83;11.59;2267320;26624774;0.78;1.21;0.140
20250124;11.61;11.58;11.68;11.5;1912190;22119851;0.66;-0.17;-0.020
20250123;11.65;11.6;11.85;11.6;2363400;27638394;0.81;0.43;0.050
20250122;11.65;11.55;11.65;11.51;2039480;23634599;0.7;-0.69;-0.080
20250121;11.72;11.63;11.77;11.5;2521810;29225839;0.86;-0.43;-0.050
20250120;11.42;11.68;11.87;11.42;2729010;31844727;0.94;2.28;0.260
20250117;11.35;11.42;11.47;11.29;1684720;19199545;0.58;0.09;0.010
20250116;11.4;11.41;11.54;11.28;1949880;22254981;0.67;0.44;0.050
20250115;11.46;11.36;11.46;11.3;2013100;22893897;0.69;-0.87;-0.100
20250114;11.22;11.46;11.47;11.2;2861930;32490548;0.98;1.96;0.220
20250113;11.09;11.24;11.24;10.98;1979342;22043924;0.68;1.26;0.140
20250110;11.29;11.1;11.38;11.1;2006450;22543859;0.69;-1.68;-0.190
20250109;11.33;11.29;11.44;11.26;1958350;22201470;0.67;-0.96;-0.110
20250108;11.5;11.4;11.6;11.18;2397430;27287107;0.82;-1.13;-0.130
20250107;11.55;11.53;11.55;11.31;2721672;31142616;0.93;0.26;0.030
20250106;11.62;11.5;11.82;11.36;4295178;49646357;1.47;-0.35;-0.040
20250103;11.85;11.54;11.9;11.5;3040530;35613604;1.04;-2.2;-0.260
20250102;12.0;11.8;12.15;11.71;3318920;39567893;1.14;-1.5;-0.180