20251022;9.8;10.0;10.13;9.8;19603850;195473973;5.53;-0.99;-0.100
20251021;9.7;10.1;10.18;9.6;25670570;255592632;7.24;6.09;0.580
20251020;9.16;9.52;9.55;9.16;11027200;103133716;3.11;4.62;0.420
20251017;9.56;9.1;9.67;9.07;11715700;109049767;3.3;-3.81;-0.360
20251016;9.86;9.46;9.86;9.44;12174900;116415836;3.43;-4.25;-0.420
20251015;9.88;9.88;9.94;9.78;9114258;89785974;2.57;0.71;0.070
20251014;9.88;9.81;10.28;9.73;20909800;209438968;5.9;-0.41;-0.040
20251013;9.61;9.85;9.87;9.29;12455200;119309694;3.51;0.51;0.050
20251010;9.64;9.8;10.07;9.55;13873611;137430853;3.91;1.34;0.130
20251009;9.46;9.67;9.77;9.44;8113700;78097785;2.29;2.55;0.240
20250930;9.57;9.43;9.57;9.42;5597500;52944613;1.58;-0.21;-0.020
20250929;9.5;9.45;9.56;9.21;8815500;83079858;2.49;-1.25;-0.120
20250926;9.35;9.57;9.87;9.22;15200310;146103437;4.29;3.13;0.290
20250925;9.5;9.28;9.61;9.28;7862110;74010452;2.22;-3.23;-0.310
20250924;9.43;9.59;9.6;9.33;6913800;65971120;1.95;1.7;0.160
20250923;9.72;9.43;9.77;9.26;10604310;99690111;2.99;-3.48;-0.340
20250922;9.7;9.77;9.78;9.64;5966600;58017776;1.68;0.41;0.040
20250919;9.72;9.73;9.85;9.63;6144600;59767505;1.73;0.31;0.030
20250918;9.92;9.7;9.92;9.61;9715200;94950391;2.74;-2.22;-0.220
20250917;9.89;9.92;9.94;9.73;7137910;70473589;2.01;0.71;0.070
20250916;9.8;9.85;9.92;9.7;7236923;71061143;2.04;0.51;0.050
20250915;9.84;9.8;9.9;9.61;7587600;74199496;2.14;0.0;0.000
20250912;9.93;9.8;9.96;9.78;6695400;65860702;1.89;-1.21;-0.120
20250911;9.75;9.92;9.94;9.55;9487300;92922702;2.68;1.33;0.130
20250910;9.64;9.79;9.88;9.61;7606600;74358697;2.15;1.56;0.150
20250909;9.9;9.64;9.9;9.6;7929110;77210405;2.24;-2.63;-0.260
20250908;9.78;9.9;9.95;9.78;10871500;107324736;3.07;0.2;0.020
20250905;9.49;9.88;9.89;9.35;13535810;131118637;3.82;4.0;0.380
20250904;9.38;9.5;9.97;9.38;13025800;125253794;3.67;0.74;0.070
20250903;9.66;9.43;9.75;9.39;8955500;85510903;2.53;-2.38;-0.230
20250902;9.98;9.66;9.98;9.46;14461900;139590061;4.08;-2.13;-0.210
20250901;9.77;9.87;9.99;9.67;14114101;139064908;3.98;2.07;0.200
20250829;9.98;9.67;9.98;9.64;11990203;116574663;3.38;-2.13;-0.210
20250828;9.84;9.88;10.1;9.54;18047336;177005451;5.09;0.41;0.040
20250827;10.2;9.84;10.29;9.83;17560000;177253922;4.95;-3.34;-0.340
20250826;10.37;10.18;10.49;10.16;18206405;187268038;5.14;-1.74;-0.180
20250825;10.75;10.36;10.83;10.31;28183100;295137707;7.95;-3.99;-0.430
20250822;10.48;10.79;11.0;10.38;32871327;354453067;9.27;1.98;0.210
20250821;10.57;10.58;10.85;10.15;39167500;407723290;11.05;-0.94;-0.100
20250820;11.01;10.68;11.52;10.41;56973293;614787133;16.07;-6.15;-0.700
20250819;11.0;11.38;11.78;10.52;71969262;807497809;20.3;6.26;0.670
20250818;9.9;10.71;10.71;9.7;16597122;173474770;4.68;9.96;0.970
20250815;9.42;9.74;10.05;9.3;32045470;308411033;9.04;2.74;0.260
20250814;9.82;9.48;9.84;9.26;27604601;261110109;7.79;-3.36;-0.330
20250813;9.3;9.81;9.96;9.26;28748311;275465580;8.11;5.48;0.510
20250812;9.55;9.3;9.66;9.28;19291600;180925620;5.44;-3.13;-0.300
20250811;9.2;9.6;9.89;9.08;29072810;276217805;8.2;4.12;0.380
20250808;8.79;9.22;9.35;8.76;23843166;215978478;6.73;5.01;0.440
20250807;8.75;8.78;8.89;8.63;11717812;102639324;3.31;0.46;0.040
20250806;8.76;8.74;8.83;8.71;10464710;91737080;2.95;-0.11;-0.010
20250805;8.65;8.75;8.78;8.65;11241070;98208314;3.17;1.16;0.100
20250804;8.48;8.65;8.68;8.39;14943300;127863827;4.21;1.41;0.120
20250801;8.25;8.53;8.56;8.21;20765955;175561982;5.86;3.9;0.320
20250731;8.28;8.21;8.32;8.17;9462236;77908389;2.67;-1.56;-0.130
20250730;8.35;8.34;8.38;8.2;9286701;76905731;2.62;-0.12;-0.010
20250729;8.44;8.35;8.44;8.26;9338100;77766582;2.63;-0.83;-0.070
20250728;8.29;8.42;8.45;8.23;12256751;102359070;3.46;1.69;0.140
20250725;8.34;8.28;8.38;8.23;8116900;67347576;2.29;-0.48;-0.040
20250724;8.24;8.32;8.34;8.24;7393603;61349604;2.09;0.85;0.070
20250723;8.46;8.25;8.48;8.22;11546733;96220179;3.26;-2.48;-0.210
20250722;8.39;8.46;8.46;8.29;12691533;106329472;3.58;0.83;0.070
20250721;8.33;8.39;8.43;8.3;11554300;96834034;3.26;0.84;0.070
20250718;8.22;8.32;8.37;8.18;13384955;110877900;3.78;1.59;0.130
20250717;8.2;8.19;8.26;8.13;10302785;84316465;2.91;-0.36;-0.030
20250716;8.2;8.22;8.4;8.13;11247255;92717092;3.17;0.74;0.060
20250715;8.38;8.16;8.39;8.04;16491565;134426764;4.65;-1.92;-0.160
20250714;8.1;8.32;8.32;8.08;19830583;163327581;5.59;4.0;0.320
20250711;8.12;8.0;8.12;7.91;13727003;109516510;3.87;-1.72;-0.140
20250710;7.93;8.14;8.15;7.92;15219270;123009638;4.29;2.13;0.170
20250709;7.89;7.97;8.08;7.86;15695900;124885501;4.43;1.01;0.080
20250708;7.89;7.89;7.9;7.82;9935100;78117116;2.8;0.0;0.000
20250707;7.81;7.89;7.91;7.74;11306711;88795246;3.19;0.9;0.070
20250704;7.96;7.82;8.04;7.8;17311400;136243990;4.88;-2.01;-0.160
20250703;8.18;7.98;8.26;7.96;31298586;252432613;8.83;-4.09;-0.340
20250702;8.44;8.32;8.92;8.21;46416555;393905299;13.09;2.46;0.200
20250701;8.06;8.12;8.38;8.03;26917770;220346205;7.59;2.01;0.160
20250630;7.89;7.96;8.05;7.79;19542970;155713002;5.51;1.92;0.150
20250627;7.7;7.81;8.1;7.67;21363270;168390593;6.03;0.77;0.060
20250626;7.64;7.75;7.84;7.61;17076888;132666364;4.82;1.17;0.090
20250625;7.62;7.66;7.66;7.52;15729161;119488753;4.44;0.79;0.060
20250624;7.69;7.6;7.73;7.42;24262574;183217704;6.84;-3.55;-0.280
20250623;7.61;7.88;7.88;7.61;19649300;152827673;5.54;4.1;0.310
20250620;7.83;7.57;7.84;7.55;13703600;104494766;3.87;-2.07;-0.160
20250619;7.77;7.73;7.89;7.49;25776400;198320312;7.27;-1.53;-0.120
20250618;7.99;7.85;8.16;7.81;26179000;208237144;7.38;-1.75;-0.140
20250617;7.66;7.99;8.04;7.64;33392237;261399302;9.42;2.7;0.210
20250616;7.75;7.78;7.95;7.65;30990337;242043702;8.74;3.6;0.270
20250613;7.5;7.51;7.77;7.48;22560336;171385830;6.36;0.81;0.060
20250612;7.46;7.45;7.52;7.39;7012100;52233711;1.98;-0.53;-0.040
20250611;7.51;7.49;7.6;7.45;7152200;53881539;2.02;0.13;0.010
20250610;7.65;7.48;7.79;7.37;14063109;106393606;3.97;-1.84;-0.140
20250609;7.47;7.62;7.63;7.47;10145900;76971908;2.86;2.01;0.150
20250606;7.41;7.47;7.54;7.38;7156100;53314067;2.02;0.27;0.020
20250605;7.54;7.45;7.56;7.36;8231000;61248913;2.32;-1.06;-0.080
20250604;7.44;7.53;7.58;7.38;9467100;70923149;2.67;2.03;0.150
20250603;7.32;7.38;7.44;7.3;6734300;49716494;1.9;-0.27;-0.020
20250530;7.56;7.4;7.57;7.36;8934801;66255260;2.52;-2.25;-0.170
20250529;7.5;7.57;7.63;7.47;12308200;93274390;3.47;0.26;0.020
20250528;7.56;7.55;7.6;7.45;10213600;76865990;2.88;0.27;0.020
20250527;7.55;7.53;7.56;7.35;10228301;76404770;2.89;0.13;0.010
20250526;7.35;7.52;7.56;7.35;12145300;90864278;3.43;1.9;0.140
20250523;7.56;7.38;7.66;7.32;15306800;114659138;4.32;-2.25;-0.170
20250522;7.73;7.55;7.76;7.53;17754300;135412966;5.01;-2.45;-0.190
20250521;7.74;7.74;7.9;7.69;21111000;163704687;5.95;-1.15;-0.090
20250520;7.61;7.83;8.1;7.55;43322542;338156908;12.22;1.42;0.110
20250519;7.4;7.72;7.93;7.3;47466143;364947121;13.39;7.07;0.510
20250516;7.08;7.21;7.26;7.08;9656500;69708626;2.72;1.12;0.080
20250515;7.18;7.13;7.3;7.1;9583300;68908320;2.7;-0.97;-0.070
20250514;7.24;7.2;7.24;7.13;9695600;69760325;2.73;0.14;0.010
20250513;7.3;7.19;7.33;7.14;11526200;83355504;3.25;-0.28;-0.020
20250512;7.19;7.21;7.24;7.09;11249200;80661452;3.17;0.98;0.070
20250509;7.22;7.14;7.29;7.08;14529001;103834761;4.1;-1.65;-0.120
20250508;7.27;7.26;7.32;7.14;18882300;136488690;5.33;-0.68;-0.050
20250507;7.08;7.31;7.32;7.01;29342800;210987399;8.28;4.28;0.300
20250506;6.89;7.01;7.02;6.89;15957210;111489308;4.5;1.74;0.120
20250430;6.9;6.89;6.98;6.82;12083300;83400956;3.41;1.17;0.080
20250429;6.69;6.81;6.9;6.66;13766300;93935087;3.88;1.49;0.100
20250428;6.93;6.71;7.02;6.69;16301900;111096286;4.6;-2.47;-0.170
20250425;6.91;6.88;7.03;6.75;20252252;139734301;5.71;-2.13;-0.150
20250424;6.78;7.03;7.25;6.63;34755436;239810176;9.8;2.48;0.170
20250423;6.79;6.86;6.91;6.68;27715216;188626477;7.82;0.88;0.060
20250422;7.0;6.8;7.16;6.8;41379064;287314517;11.67;-7.61;-0.560
20250421;7.1;7.36;7.87;6.89;57943699;426073361;16.34;2.79;0.200
20250418;7.16;7.16;7.16;7.16;8819904;63150513;2.49;9.98;0.650
20250417;6.51;6.51;6.51;6.51;3589704;23368973;1.01;9.97;0.590
20250416;6.11;5.92;6.11;5.81;10119500;60138721;2.85;-2.95;-0.180
20250415;6.11;6.1;6.17;6.06;7029201;42950828;1.98;0.0;0.000
20250414;6.03;6.1;6.18;6.03;9802091;59894071;2.76;2.87;0.170
20250411;5.86;5.93;6.01;5.86;8828600;52559566;2.49;0.0;0.000
20250410;5.91;5.93;6.09;5.91;13883900;83357176;3.92;1.19;0.070
20250409;5.6;5.86;5.93;5.2;18094501;101378688;5.1;2.99;0.170
20250408;5.64;5.69;5.82;5.5;17229498;97134454;4.86;-2.57;-0.150
20250407;6.11;5.84;6.2;5.84;10482100;61825545;2.96;-10.02;-0.650
20250403;6.41;6.49;6.54;6.39;11186800;72592116;3.16;0.0;0.000
20250402;6.61;6.49;6.64;6.47;11246400;73637529;3.17;-1.67;-0.110
20250401;6.58;6.6;6.75;6.56;14408100;95712577;4.06;1.54;0.100
20250331;6.6;6.5;6.65;6.38;16050375;103881087;4.53;-2.4;-0.160
20250328;6.74;6.66;6.9;6.66;18529876;124959409;5.23;-2.77;-0.190
20250327;7.13;6.85;7.17;6.79;29751293;204844196;8.39;-4.86;-0.350
20250326;7.18;7.2;7.5;7.11;39890691;289847043;11.25;-6.37;-0.490
20250325;7.69;7.69;8.08;7.69;44669727;346246158;12.6;-9.95;-0.850
20250324;8.9;8.54;9.11;8.25;84494975;743200810;23.83;3.14;0.260
20250321;7.72;8.28;8.28;7.68;38070775;305951438;10.74;9.96;0.750
20250320;7.3;7.53;7.64;7.28;37681112;280733750;10.63;4.01;0.290
20250319;7.21;7.24;7.59;7.0;34431507;252158309;9.71;-2.03;-0.150
20250318;8.2;7.39;8.2;7.32;61203834;473786990;17.26;-1.73;-0.130
20250317;7.0;7.52;7.52;7.0;10714100;79682002;3.02;9.94;0.680
20250314;6.87;6.84;6.98;6.69;20145600;137429246;5.68;1.03;0.070
20250313;6.65;6.77;6.83;6.6;16051200;107521474;4.53;0.15;0.010
20250312;6.38;6.76;6.79;6.34;22732800;150060252;6.41;5.96;0.380
20250311;6.31;6.38;6.38;6.29;6853800;43360602;1.93;-0.16;-0.010
20250310;6.41;6.39;6.48;6.35;5877000;37716552;1.66;0.0;0.000
20250307;6.49;6.39;6.51;6.36;8522300;54710155;2.4;-1.69;-0.110
20250306;6.46;6.5;6.56;6.43;7257100;47119516;2.05;0.46;0.030
20250305;6.51;6.47;6.53;6.36;6769800;43452404;1.91;-0.61;-0.040
20250304;6.36;6.51;6.55;6.25;7940600;51493715;2.24;1.4;0.090
20250303;6.5;6.42;6.56;6.36;8843100;57215314;2.49;-1.08;-0.070
20250228;6.61;6.49;6.79;6.47;13612499;90297549;3.84;-2.55;-0.170
20250227;6.58;6.66;6.67;6.4;11304012;73986534;3.19;1.22;0.080
20250226;6.55;6.58;6.69;6.54;11611000;76730529;3.28;0.15;0.010
20250225;6.35;6.57;6.66;6.3;15786501;103176526;4.45;2.5;0.160
20250224;6.36;6.41;6.47;6.32;7298923;46637727;2.06;0.94;0.060
20250221;6.41;6.35;6.45;6.25;8983710;56874596;2.53;-1.09;-0.070
20250220;6.5;6.42;6.51;6.4;7986810;51470855;2.25;-1.23;-0.080
20250219;6.38;6.5;6.54;6.37;5806000;37560728;1.64;1.56;0.100
20250218;6.49;6.4;6.55;6.35;7256800;46826166;2.05;-1.39;-0.090
20250217;6.35;6.49;6.53;6.35;7083100;45703165;2.0;1.41;0.090
20250214;6.43;6.4;6.48;6.28;12046400;76987499;3.4;-1.08;-0.070
20250213;6.59;6.47;6.6;6.46;5631300;36689816;1.59;-0.92;-0.060
20250212;6.48;6.53;6.55;6.44;6876000;44730150;1.94;0.77;0.050
20250211;6.54;6.48;6.58;6.41;6526793;42130560;1.84;-0.92;-0.060
20250210;6.36;6.54;6.58;6.34;10747093;69596186;3.03;3.32;0.210
20250207;6.23;6.33;6.38;6.23;9084600;57347408;2.56;1.12;0.070
20250206;6.18;6.26;6.28;6.11;7967300;49510716;2.25;1.62;0.100
20250205;6.01;6.16;6.21;6.0;7810301;47818932;2.2;2.67;0.160
20250127;5.98;6.0;6.19;5.95;9852200;59765990;2.78;0.84;0.050
20250124;5.94;5.95;6.0;5.86;6530300;38804583;1.84;0.17;0.010
20250123;6.11;5.94;6.2;5.94;10885308;66359325;3.07;-1.0;-0.060
20250122;6.11;6.0;6.16;6.0;7648001;46279218;2.16;-2.44;-0.150
20250121;6.23;6.15;6.26;6.06;7779700;47803504;2.19;-1.13;-0.070
20250120;6.29;6.22;6.32;6.11;8731300;54304915;2.46;1.14;0.070
20250117;6.2;6.15;6.37;6.15;8605700;53583225;2.43;-1.6;-0.100
20250116;6.25;6.25;6.45;6.17;12410210;78014968;3.5;1.3;0.080
20250115;6.25;6.17;6.29;6.08;9023600;55781538;2.55;-0.96;-0.060
20250114;6.0;6.23;6.28;5.98;16370834;100948503;4.62;3.83;0.230
20250113;5.72;6.0;6.04;5.51;14485028;82946388;4.09;2.39;0.140
20250110;5.86;5.86;6.09;5.71;21950150;130264677;6.19;-0.68;-0.040
20250109;5.93;5.9;6.0;5.84;9668021;57183546;2.73;-1.17;-0.070
20250108;6.08;5.97;6.15;5.77;14917930;88707549;4.21;-2.77;-0.170
20250107;5.71;6.14;6.22;5.71;18308200;110836029;5.16;4.42;0.260
20250106;6.22;5.88;6.23;5.88;25096660;149624828;7.08;-9.95;-0.650
20250103;7.25;6.53;7.27;6.53;26541010;177703990;7.49;-10.06;-0.730
20250102;7.36;7.26;7.7;6.96;29210760;215341120;8.24;-3.07;-0.230