20251022;37.4;36.86;37.99;36.7;6604819;246770876;9.06;-0.83;-0.310
20251021;35.08;37.17;37.58;35.08;8365298;308261362;11.48;6.2;2.170
20251020;35.13;35.0;35.54;34.68;4636660;162639753;6.36;2.1;0.720
20251017;36.23;34.28;36.23;34.23;6900246;241561080;9.47;-5.64;-2.050
20251016;36.3;36.33;37.52;36.04;6595480;241807295;9.05;-0.33;-0.120
20251015;36.31;36.45;36.89;35.52;6503843;235288582;8.92;0.33;0.120
20251014;39.18;36.33;40.0;36.01;12810484;485433005;17.58;-7.6;-2.990
20251013;38.0;39.32;40.18;37.77;10249931;401661966;14.06;0.2;0.080
20251010;39.51;39.24;40.95;38.38;10415029;409077205;14.29;-2.24;-0.900
20251009;41.96;40.14;42.56;40.03;16038883;655934366;22.01;-2.74;-1.130
20250930;38.75;41.27;43.09;38.57;19903459;805470673;27.31;9.5;3.580
20250929;38.26;37.69;40.14;37.58;13968995;540620474;19.17;-0.69;-0.260
20250926;38.07;37.95;39.6;37.34;13792206;531491267;18.92;-0.81;-0.310
20250925;39.99;38.26;40.86;38.1;23361935;923116282;32.05;-2.7;-1.060
20250924;32.44;39.32;39.32;32.44;24990060;928621692;34.29;19.99;6.550
20250923;33.26;32.77;33.38;31.83;5921710;192025131;8.12;-1.5;-0.500
20250922;33.39;33.27;33.57;32.8;5638229;187258102;7.74;-0.03;-0.010
20250919;32.83;33.28;34.83;32.51;9455394;317703252;12.97;2.43;0.790
20250918;32.69;32.49;33.98;32.08;8491007;282535778;11.65;-0.64;-0.210
20250917;32.05;32.7;33.87;31.85;6818765;225371817;9.36;2.25;0.720
20250916;31.9;31.98;32.44;31.45;4305822;137416101;5.91;1.07;0.340
20250915;31.93;31.64;32.36;31.38;4981493;158520563;6.83;-0.6;-0.190
20250912;31.2;31.83;32.58;31.0;5735611;182310281;7.87;2.02;0.630
20250911;30.31;31.2;31.25;30.0;4567034;140847877;6.27;3.17;0.960
20250910;30.49;30.24;30.75;30.11;2769026;84163867;3.8;-0.82;-0.250
20250909;31.37;30.49;31.6;30.33;4076863;126033479;5.59;-3.7;-1.170
20250908;30.96;31.66;31.9;30.44;5067427;157335512;6.95;1.54;0.480
20250905;30.56;31.18;31.27;30.5;4593909;142006111;6.3;2.9;0.880
20250904;32.34;30.3;32.8;29.95;7288871;228457016;10.0;-6.42;-2.080
20250903;33.17;32.38;33.76;32.34;6815746;223895668;9.35;-2.47;-0.820
20250902;34.16;33.2;34.61;32.94;7886585;264775894;10.82;-3.29;-1.130
20250901;34.6;34.33;36.18;33.66;8666164;300224785;11.89;1.84;0.620
20250829;34.9;33.71;34.9;33.42;8302997;281168003;11.39;-3.22;-1.120
20250828;32.89;34.83;34.93;32.89;10047771;343317658;13.79;4.94;1.640
20250827;34.6;33.19;35.3;33.0;9577119;328276867;13.14;-4.65;-1.620
20250826;34.5;34.81;35.9;34.36;7388108;258449770;10.14;0.55;0.190
20250825;34.88;34.62;36.34;34.43;13315298;467551712;18.27;-0.4;-0.140
20250822;33.43;34.76;35.27;33.4;10236349;353392944;14.04;4.1;1.370
20250821;34.0;33.39;34.77;33.31;8395677;284600069;11.52;-2.37;-0.810
20250820;32.78;34.2;34.55;32.45;8509341;284605301;11.68;4.01;1.320
20250819;34.08;32.88;34.1;32.3;10562347;348703615;14.49;-3.38;-1.150
20250818;34.2;34.03;34.88;33.56;11621329;396912008;15.95;-0.18;-0.060
20250815;32.5;34.09;34.33;32.5;7716614;259877077;10.59;4.67;1.520
20250814;33.8;32.57;34.35;32.47;9814540;327662497;13.47;-3.35;-1.130
20250813;30.8;33.7;35.74;30.61;16443294;547221957;22.56;9.03;2.790
20250812;30.71;30.91;31.35;30.2;5399180;165707778;7.41;0.03;0.010
20250811;30.13;30.9;31.2;30.11;5510173;169142615;7.56;2.93;0.880
20250808;30.34;30.02;30.34;29.71;4558763;136809413;6.25;-0.33;-0.100
20250807;30.39;30.12;31.08;30.01;6358563;193247533;8.72;-0.2;-0.060
20250806;30.12;30.18;30.4;29.96;4539110;136906411;6.23;-0.69;-0.210
20250805;29.62;30.39;30.6;29.4;6607165;198208285;9.07;2.81;0.830
20250804;28.55;29.56;29.8;28.39;7923237;231571430;10.87;2.75;0.790
20250801;29.17;28.77;29.89;28.33;9321029;270642123;12.79;-0.72;-0.210
20250731;28.77;28.98;29.26;28.62;6082988;175816335;8.35;0.49;0.140
20250730;28.67;28.84;29.57;28.55;6723191;194375982;9.22;0.1;0.030
20250729;28.8;28.81;29.09;28.63;4198674;121082799;5.76;-0.38;-0.110
20250728;28.75;28.92;29.06;28.6;4456876;128349678;6.12;0.42;0.120
20250725;28.7;28.8;29.0;28.53;5408741;155551850;7.42;0.7;0.200
20250724;28.51;28.6;29.33;28.43;7326558;211294498;10.05;0.03;0.010
20250723;28.01;28.59;28.86;27.89;7135663;202764394;9.79;1.13;0.320
20250722;27.57;28.27;28.68;27.42;8180636;230384488;11.22;1.73;0.480
20250721;27.58;27.79;27.97;27.4;3675927;101602587;5.37;1.53;0.420
20250718;27.51;27.37;27.66;27.23;2593856;71096830;3.79;-0.69;-0.190
20250717;27.2;27.56;27.65;27.09;3321713;91274539;4.85;1.14;0.310
20250716;27.2;27.25;27.4;27.05;2234462;60953866;3.27;0.18;0.050
20250715;27.38;27.2;27.47;27.0;2095018;56935664;3.06;-0.91;-0.250
20250714;27.3;27.45;27.51;27.14;2315211;63349796;3.38;0.37;0.100
20250711;27.64;27.35;27.66;27.21;2880920;78781384;4.21;-0.98;-0.270
20250710;27.5;27.62;27.92;27.39;4075297;112744754;5.96;0.47;0.130
20250709;27.85;27.49;27.95;27.41;2947213;81247454;4.31;-1.12;-0.310
20250708;26.86;27.8;27.99;26.86;5788787;159695078;8.46;3.54;0.950
20250707;27.01;26.85;27.17;26.79;2056124;55414279;3.01;-0.85;-0.230
20250704;27.3;27.08;27.63;27.01;2837840;77203766;4.15;-0.81;-0.220
20250703;27.38;27.3;27.46;27.08;2584386;70464330;3.78;-0.33;-0.090
20250702;27.66;27.39;27.67;27.17;2897783;79272097;4.24;-1.33;-0.370
20250701;27.17;27.76;28.0;27.17;5985374;165669956;8.75;1.95;0.530
20250630;27.6;27.23;27.76;27.07;4740486;129383118;6.93;0.07;0.020
20250627;26.51;27.21;27.54;26.43;7603984;206528899;11.11;2.99;0.790
20250626;26.41;26.42;26.77;26.38;2042721;54210133;2.99;-0.56;-0.150
20250625;26.59;26.57;26.64;26.36;2312350;61289296;3.38;0.04;0.010
20250624;26.26;26.56;26.62;26.17;2072680;54907308;3.03;1.22;0.320
20250623;25.6;26.24;26.28;25.4;2299454;59751499;3.36;1.71;0.440
20250620;25.98;25.8;26.56;25.75;2334763;61094224;3.41;-0.46;-0.120
20250619;26.13;25.92;26.4;25.87;1690919;44120824;2.47;-0.99;-0.260
20250618;26.08;26.18;26.21;25.8;1708282;44431733;2.5;0.46;0.120
20250617;26.23;26.06;26.31;25.99;1656202;43236823;2.42;-0.65;-0.170
20250616;26.11;26.23;26.3;26.11;1188006;31139416;1.74;0.31;0.080
20250613;26.54;26.15;26.6;26.11;1896584;49839108;2.77;-1.51;-0.400
20250612;26.68;26.55;26.68;26.26;2406924;63649706;3.52;-0.49;-0.130
20250611;26.57;26.68;26.82;26.5;1426342;38038780;2.08;0.49;0.130
20250610;27.0;26.55;27.07;26.4;2283444;60933530;3.34;-1.92;-0.520
20250609;27.08;27.07;27.19;26.92;1879268;50752990;2.75;0.26;0.070
20250606;27.3;27.0;27.3;26.95;1888254;51126879;2.76;-0.92;-0.250
20250605;26.8;27.25;27.26;26.68;3264739;87932224;4.77;1.87;0.500
20250604;26.53;26.75;26.95;26.51;2493184;66767747;3.64;1.4;0.370
20250603;26.34;26.38;26.73;26.34;1590188;42098164;2.32;-0.6;-0.160
20250530;26.5;26.54;26.89;26.44;2346090;62525578;3.43;-0.41;-0.110
20250529;26.26;26.65;26.77;26.19;1782727;47402781;2.61;1.76;0.460
20250528;26.16;26.19;26.59;26.14;1634161;43004529;2.39;0.0;0.000
20250527;26.7;26.19;26.7;26.12;1752724;46103322;2.56;-1.69;-0.450
20250526;26.4;26.64;26.69;26.31;1320045;35058869;1.93;1.29;0.340
20250523;26.56;26.3;26.76;26.2;1977217;52326924;2.89;-0.42;-0.110
20250522;27.15;26.61;27.28;26.61;2676040;71825086;3.91;-2.21;-0.600
20250521;27.11;27.21;27.4;26.84;2726790;73988672;3.99;0.37;0.100
20250520;27.1;27.11;27.2;26.9;1782811;48262796;2.61;0.04;0.010
20250519;26.94;27.1;27.18;26.61;2111038;56801215;3.09;0.71;0.190
20250516;27.0;26.91;27.25;26.86;2216987;59905229;3.24;-0.48;-0.130
20250515;27.55;27.04;27.72;26.97;2776799;75558765;4.06;-1.82;-0.500
20250514;27.34;27.54;28.07;27.28;3120868;86251347;4.56;0.81;0.220
20250513;27.79;27.32;27.87;27.3;2370603;65136471;3.46;-1.01;-0.280
20250512;27.52;27.6;27.82;27.51;2264904;62615064;3.31;0.99;0.270
20250509;28.1;27.33;28.1;27.24;3441638;94515300;5.03;-2.67;-0.750
20250508;28.12;28.08;28.27;27.85;3973276;111422159;5.81;-0.35;-0.100
20250507;28.7;28.18;28.79;27.82;6828523;193266176;9.98;-1.71;-0.490
20250506;27.65;28.67;29.29;27.44;7721266;220118904;11.28;4.71;1.290
20250430;27.12;27.38;27.67;26.96;3583752;98129277;5.24;0.88;0.240
20250429;26.58;27.14;27.44;26.51;4029096;109437582;5.89;3.47;0.910
20250428;26.93;26.23;27.03;26.23;2882977;76741250;4.21;-2.64;-0.710
20250425;26.36;26.94;27.11;26.3;3176410;85151191;4.64;2.05;0.540
20250424;26.59;26.4;26.66;26.1;2813043;74217002;4.11;-0.53;-0.140
20250423;26.83;26.54;26.84;26.43;3206924;85255047;4.69;-0.97;-0.260
20250422;26.35;26.8;27.1;26.14;3630700;96635250;5.31;1.32;0.350
20250421;25.88;26.45;26.55;25.88;2598838;68320985;3.8;1.93;0.500
20250418;26.39;25.95;26.53;25.68;3110990;80720602;4.55;-1.85;-0.490
20250417;26.3;26.44;26.83;26.2;2778660;73953531;4.06;-0.08;-0.020
20250416;26.66;26.46;26.94;26.1;3392420;89963502;4.96;-1.05;-0.280
20250415;27.18;26.74;27.33;26.5;4635594;124353056;6.77;-2.02;-0.550
20250414;27.71;27.29;27.98;27.17;6241858;171326193;9.12;-1.12;-0.310
20250411;26.81;27.6;28.06;26.7;8424228;232288118;12.31;2.07;0.560
20250410;27.29;27.04;27.71;26.6;8272075;226232362;12.09;0.15;0.040
20250409;25.25;27.0;27.28;24.2;10439199;274615710;15.26;4.21;1.090
20250408;25.44;25.91;26.8;24.98;7848147;203706259;11.47;3.72;0.930
20250407;25.91;24.98;26.28;24.2;8711281;221911492;12.73;-9.0;-2.470
20250403;27.06;27.45;27.79;27.02;5176974;142280519;7.57;0.66;0.180
20250402;27.02;27.27;27.7;27.0;3810311;104201970;5.57;0.18;0.050
20250401;27.03;27.22;27.29;26.83;4312407;116790717;6.3;-0.29;-0.080
20250331;26.4;27.3;27.5;25.87;5696568;153084477;8.33;2.9;0.770
20250328;27.25;26.53;27.53;26.52;4988656;134218216;7.29;-3.03;-0.830
20250327;26.8;27.36;27.98;26.58;6210235;170127248;9.08;1.94;0.520
20250326;26.75;26.84;26.91;26.57;2665289;71235860;3.9;0.49;0.130
20250325;26.99;26.71;27.09;26.51;3219998;86142316;4.71;-1.29;-0.350
20250324;26.6;27.06;27.07;26.26;4101684;109183522;5.99;1.42;0.380
20250321;27.5;26.68;27.72;26.67;5416762;146746149;7.92;-3.23;-0.890
20250320;27.88;27.57;28.08;27.56;3187925;88460119;4.66;-1.47;-0.410
20250319;28.8;27.98;28.96;27.82;6367217;179771480;9.31;-3.75;-1.090
20250318;28.3;29.07;29.47;28.07;7634158;220981780;11.16;3.01;0.850
20250317;27.85;28.22;28.28;27.61;3510045;98246631;5.13;1.33;0.370
20250314;27.2;27.85;28.16;27.14;3954556;109474043;5.78;1.98;0.540
20250313;28.03;27.31;28.05;27.08;6126911;167587004;8.95;-2.67;-0.750
20250312;28.7;28.06;28.85;28.0;6099770;172983051;8.91;-1.16;-0.330
20250311;27.8;28.39;28.5;27.65;4785476;134480121;6.99;1.03;0.290
20250310;27.88;28.1;28.3;27.88;3907976;109734125;5.71;0.39;0.110
20250307;28.3;27.99;28.68;27.85;5812071;164374617;8.49;-1.86;-0.530
20250306;28.4;28.52;28.85;28.39;7068432;202260107;10.33;1.13;0.320
20250305;28.89;28.2;28.95;27.71;6843998;193241397;10.0;-2.08;-0.600
20250304;28.1;28.8;29.08;28.02;5195715;148879818;7.59;0.63;0.180
20250303;28.82;28.62;29.37;28.3;6701300;193381516;9.79;-0.35;-0.100
20250228;30.01;28.72;30.27;28.57;8730128;255268200;12.76;-5.18;-1.570
20250227;30.4;30.29;31.09;29.77;7599873;230410097;11.11;-0.46;-0.140
20250226;30.7;30.43;31.17;30.0;9338397;284173772;13.65;-1.2;-0.370
20250225;29.3;30.8;31.46;29.0;11121064;341795685;16.25;4.41;1.300
20250224;29.7;29.5;30.2;29.18;7960425;235759623;11.63;-0.87;-0.260
20250221;29.2;29.76;30.49;28.7;9817406;291350751;14.35;1.57;0.460
20250220;28.99;29.3;29.8;28.88;7459037;218760019;10.9;-0.91;-0.270
20250219;27.4;29.57;30.71;27.27;12123774;351007543;17.72;7.88;2.160
20250218;28.8;27.41;28.95;27.3;9546633;268975212;13.95;-5.84;-1.700
20250217;27.97;29.11;29.3;27.72;9125361;262001052;13.34;4.0;1.120
20250214;28.01;27.99;28.43;27.61;8247182;230419893;12.05;-1.13;-0.320
20250213;28.71;28.31;29.57;27.85;10659796;306502002;15.58;-2.38;-0.690
20250212;29.0;29.0;29.36;28.36;11041982;319001981;16.14;0.07;0.020
20250211;28.32;28.98;29.99;28.15;17315594;501977237;25.31;1.93;0.550
20250210;26.9;28.43;28.5;26.76;16505502;455541928;24.12;5.57;1.500
20250207;26.85;26.93;27.48;26.4;15477632;417072247;22.62;0.15;0.040
20250206;25.03;26.89;27.6;24.63;22643189;598644062;33.09;5.29;1.350
20250205;25.72;25.54;26.52;25.4;14630427;378457314;21.38;1.79;0.450
20250127;27.45;25.09;27.79;25.0;19629018;513952789;28.69;-8.56;-2.350
20250124;27.8;27.44;28.16;26.11;23799096;644271820;34.78;-0.58;-0.160
20250123;27.7;27.6;29.55;27.27;33088524;932346671;48.36;0.77;0.210
20250122;33.35;27.39;33.35;27.01;48329634;1359683745;-100.0;134.5;15.710