20251022;2.35;2.38;2.4;2.35;8233900;19577826;1.32;0.42;0.010
20251021;2.33;2.37;2.38;2.33;9183042;21601409;1.47;1.72;0.040
20251020;2.29;2.33;2.35;2.29;9646000;22385096;1.55;1.75;0.040
20251017;2.33;2.29;2.34;2.28;9925300;22903516;1.59;-2.14;-0.050
20251016;2.37;2.34;2.39;2.33;15506100;36495684;2.49;-2.09;-0.050
20251015;2.31;2.39;2.43;2.3;19564056;46972278;3.14;3.46;0.080
20251014;2.34;2.31;2.38;2.28;9500800;22185308;1.52;-1.7;-0.040
20251013;2.25;2.35;2.35;2.24;10899000;24939687;1.75;0.43;0.010
20251010;2.37;2.34;2.41;2.33;13141100;31057893;2.11;-1.68;-0.040
20251009;2.51;2.38;2.51;2.38;24619356;59170562;3.95;-5.18;-0.130
20250930;2.58;2.51;2.6;2.5;22442800;57192018;3.6;-3.46;-0.090
20250929;2.58;2.6;2.71;2.58;25427527;67011864;4.08;0.0;0.000
20250926;2.58;2.6;2.63;2.56;25456000;66204772;4.08;0.0;0.000
20250925;2.6;2.6;2.6;2.56;24543000;63771328;3.94;4.84;0.120
20250924;2.43;2.48;2.52;2.4;11459620;28533916;1.84;1.64;0.040
20250923;2.48;2.44;2.48;2.38;13349400;32195449;2.14;-2.01;-0.050
20250922;2.45;2.49;2.52;2.43;11080242;27520190;1.78;2.05;0.050
20250919;2.46;2.44;2.48;2.42;10748100;26284431;1.72;-0.41;-0.010
20250918;2.51;2.45;2.56;2.43;13665400;34191445;2.19;-2.39;-0.060
20250917;2.51;2.51;2.54;2.5;13634626;34293678;2.19;-0.4;-0.010
20250916;2.54;2.52;2.57;2.51;15378700;39102075;2.47;-0.4;-0.010
20250915;2.6;2.53;2.61;2.52;13123700;33593423;2.11;-3.07;-0.080
20250912;2.57;2.61;2.64;2.57;8703200;22676608;1.4;1.16;0.030
20250911;2.63;2.58;2.63;2.55;14541500;37484383;2.33;-2.27;-0.060
20250910;2.64;2.64;2.68;2.61;11023100;29069401;1.77;-0.38;-0.010
20250909;2.56;2.65;2.7;2.56;21096471;55871884;3.38;3.11;0.080
20250908;2.5;2.57;2.58;2.49;10083094;25695926;1.62;1.98;0.050
20250905;2.52;2.52;2.54;2.48;9549700;23933393;1.53;-0.4;-0.010
20250904;2.54;2.53;2.57;2.49;12429600;31479037;1.99;0.0;0.000
20250903;2.51;2.53;2.64;2.5;20901711;53906194;3.35;0.8;0.020
20250902;2.5;2.51;2.53;2.45;14994039;37269894;2.41;-0.4;-0.010
20250901;2.44;2.52;2.54;2.44;16316312;40542356;2.62;1.61;0.040
20250829;2.55;2.48;2.57;2.42;21059333;51981356;3.38;-2.75;-0.070
20250828;2.61;2.55;2.64;2.49;16031441;40913581;2.57;-2.67;-0.070
20250827;2.71;2.62;2.74;2.62;17831836;47948228;2.86;-3.32;-0.090
20250826;2.69;2.71;2.73;2.66;12565200;33986385;2.02;0.37;0.010
20250825;2.72;2.7;2.76;2.68;13125600;35661154;2.11;-0.74;-0.020
20250822;2.72;2.72;2.77;2.7;9290800;25303345;1.49;-0.37;-0.010
20250821;2.73;2.73;2.75;2.69;9329611;25384549;1.5;0.0;0.000
20250820;2.69;2.73;2.73;2.67;9341042;25285942;1.5;1.11;0.030
20250819;2.69;2.7;2.72;2.67;7351700;19813206;1.18;0.75;0.020
20250818;2.71;2.68;2.73;2.64;9048800;24372745;1.45;-1.11;-0.030
20250815;2.6;2.71;2.72;2.59;15275652;40865167;2.45;4.63;0.120
20250814;2.65;2.59;2.67;2.58;8027300;21042975;1.29;-2.26;-0.060
20250813;2.66;2.65;2.69;2.62;10460200;27870216;1.68;-0.38;-0.010
20250812;2.73;2.66;2.73;2.62;17016847;45291803;2.73;-2.56;-0.070
20250811;2.73;2.73;2.77;2.71;12434100;34047775;1.99;-0.36;-0.010
20250808;2.74;2.74;2.76;2.72;9062000;24810128;1.45;-0.72;-0.020
20250807;2.75;2.76;2.78;2.73;8694740;23943778;1.39;0.36;0.010
20250806;2.84;2.75;2.84;2.74;16612800;46041440;2.66;-3.17;-0.090
20250805;2.8;2.84;2.87;2.79;9673000;27444936;1.55;1.43;0.040
20250804;2.78;2.8;2.86;2.76;10142371;28456419;1.63;0.36;0.010
20250801;2.76;2.79;2.82;2.73;10063400;28024128;1.61;1.09;0.030
20250731;2.74;2.76;2.87;2.74;22114000;62358435;3.55;1.1;0.030
20250730;2.74;2.73;2.76;2.7;9067685;24737331;1.45;-1.09;-0.030
20250729;2.8;2.76;2.82;2.74;13052200;36159380;2.09;0.0;0.000
20250728;2.79;2.76;2.82;2.71;12461600;34441081;2.0;-1.78;-0.050
20250725;2.84;2.81;2.84;2.79;8061100;22686453;1.29;-1.4;-0.040
20250724;2.81;2.85;2.87;2.8;10379676;29430529;1.66;0.35;0.010
20250723;2.92;2.84;2.92;2.83;13617700;39162458;2.18;-3.4;-0.100
20250722;2.93;2.94;2.97;2.89;12175299;35719666;1.95;0.34;0.010
20250721;2.86;2.93;2.96;2.8;19279900;55264979;3.09;1.38;0.040
20250718;2.83;2.89;2.94;2.81;23441697;67556815;3.76;2.12;0.060
20250717;2.81;2.83;2.89;2.78;29678328;83864348;4.76;0.35;0.010
20250716;2.82;2.82;2.92;2.82;58948498;167264709;9.46;-5.05;-0.150
20250715;2.97;2.97;2.97;2.97;1064200;3160674;0.17;-5.11;-0.160
20250714;3.13;3.13;3.13;3.13;1915800;5996454;0.31;-4.86;-0.160
20250711;3.3;3.29;3.3;3.25;8789271;28812553;1.41;0.0;0.000
20250710;3.29;3.29;3.3;3.23;9633228;31505290;1.55;-0.3;-0.010
20250709;3.26;3.3;3.32;3.25;6743094;22146969;1.08;0.92;0.030
20250708;3.25;3.27;3.31;3.21;12764807;41730361;2.05;1.24;0.040
20250707;3.36;3.23;3.38;3.23;18863528;61867757;3.03;-5.0;-0.170
20250704;3.47;3.4;3.48;3.38;9102600;31063756;1.46;-2.3;-0.080
20250703;3.43;3.48;3.5;3.4;11764300;40742379;1.89;2.35;0.080
20250702;3.44;3.4;3.49;3.38;13121076;44918710;2.1;-1.73;-0.060
20250701;3.45;3.46;3.51;3.41;13504341;46701790;2.17;0.58;0.020
20250630;3.49;3.44;3.51;3.39;24165271;83209639;3.88;-2.55;-0.090
20250627;3.41;3.53;3.53;3.36;23267212;81290591;3.73;5.06;0.170
20250626;3.28;3.36;3.42;3.28;13969300;46900361;2.24;1.2;0.040
20250625;3.28;3.32;3.35;3.24;11636500;38411589;1.87;0.91;0.030
20250624;3.26;3.29;3.39;3.26;16715797;55377384;2.68;0.92;0.030
20250623;3.22;3.26;3.27;3.13;15311626;49394669;2.46;0.31;0.010
20250620;3.35;3.25;3.37;3.2;16344700;53250570;2.62;-2.4;-0.080
20250619;3.46;3.33;3.49;3.31;15509314;52401207;2.49;-3.76;-0.130
20250618;3.56;3.46;3.56;3.44;12807500;44589022;2.05;-3.35;-0.120
20250617;3.58;3.58;3.7;3.56;16862200;60941886;2.7;0.0;0.000
20250616;3.47;3.58;3.61;3.4;17035200;59878664;2.73;2.29;0.080
20250613;3.56;3.5;3.62;3.42;21909297;76681245;3.51;-2.78;-0.100
20250612;3.66;3.6;3.72;3.54;15563371;56236093;2.5;-2.17;-0.080
20250611;3.56;3.68;3.76;3.53;20630905;75745835;3.31;1.94;0.070
20250610;3.58;3.61;3.69;3.53;32604246;118651753;5.23;2.85;0.100
20250609;3.36;3.51;3.51;3.35;12196394;42215345;1.96;5.09;0.170
20250606;3.34;3.34;3.47;3.28;25619868;86217158;4.11;0.6;0.020
20250605;3.22;3.32;3.32;3.18;27608846;90366462;4.43;5.06;0.160
20250604;3.01;3.16;3.16;2.99;22630765;70849583;3.63;4.98;0.150
20250603;2.88;3.01;3.02;2.85;15578684;45885015;2.5;1.69;0.050
20250530;3.05;2.96;3.05;2.92;20666899;61283706;3.31;-3.58;-0.110
20250529;3.0;3.07;3.15;2.99;26533275;82450022;4.26;2.33;0.070
20250528;2.95;3.0;3.02;2.94;7917890;23509332;1.27;1.01;0.030
20250527;2.95;2.97;2.99;2.94;6635300;19680841;1.06;1.02;0.030
20250526;2.96;2.94;2.98;2.84;9479300;27744001;1.52;-0.68;-0.020
20250523;2.97;2.96;2.99;2.93;8661769;25609753;1.39;0.0;0.000
20250522;2.96;2.96;3.01;2.93;15557196;46087745;2.5;0.0;0.000
20250521;2.97;2.96;3.04;2.91;22932447;68127393;3.68;-1.33;-0.040
20250520;3.0;3.0;3.05;2.97;17815014;53554291;2.86;-0.33;-0.010
20250519;3.01;3.01;3.15;2.97;30064561;91762637;4.82;0.0;0.000
20250516;2.9;3.01;3.08;2.9;22066613;66279233;3.54;2.38;0.070
20250515;2.88;2.94;2.95;2.82;17379827;50048618;2.79;2.08;0.060
20250514;2.94;2.88;3.04;2.86;29549136;86619790;4.74;-1.37;-0.040
20250513;3.0;2.92;3.06;2.87;43231719;128329352;6.93;0.34;0.010
20250512;2.81;2.91;2.91;2.73;24044835;67861776;3.86;5.05;0.140
20250509;2.68;2.77;2.82;2.66;53085764;145591084;8.52;2.97;0.080
20250508;2.69;2.69;2.69;2.65;56071035;150639739;8.99;5.08;0.130
20250507;2.56;2.56;2.56;2.56;1393071;3566262;0.22;4.92;0.120
20250506;2.44;2.44;2.44;2.44;464766;1134029;0.07;5.17;0.120
20250430;2.32;2.32;2.32;2.32;1474295;3420364;0.24;4.98;0.110
20250429;2.22;2.21;2.29;2.2;8107685;18056614;1.3;-0.9;-0.020
20250428;2.21;2.23;2.26;2.17;7343491;16226070;1.18;0.9;0.020
20250425;2.16;2.21;2.26;2.15;9868080;21960547;1.58;2.79;0.060
20250424;2.13;2.15;2.2;2.13;4402000;9496011;0.71;0.94;0.020
20250423;2.15;2.13;2.18;2.11;8177582;17517798;1.31;0.0;0.000
20250422;2.11;2.13;2.21;2.11;13817476;29695913;2.22;-2.29;-0.050
20250421;2.32;2.18;2.34;2.18;19046800;42777135;3.06;-4.8;-0.110
20250418;2.18;2.29;2.29;2.17;9999006;22629175;1.6;5.05;0.110
20250417;2.17;2.18;2.21;2.16;2396757;5239638;0.38;0.0;0.000
20250416;2.16;2.18;2.22;2.14;5649599;12312244;0.91;0.46;0.010
20250415;2.13;2.17;2.19;2.11;4728642;10231210;0.76;1.88;0.040
20250414;2.12;2.13;2.17;2.1;7820099;16644352;1.25;1.91;0.040
20250411;1.99;2.09;2.09;1.99;9720355;20060718;1.56;5.03;0.100
20250410;1.97;1.99;2.01;1.97;4494684;8953529;0.72;1.53;0.030
20250409;1.96;1.96;1.98;1.89;8895394;17057193;1.43;-1.51;-0.030
20250408;1.99;1.99;2.08;1.99;9166084;18333822;1.47;-4.78;-0.100
20250407;2.12;2.09;2.14;2.09;3786300;7952757;0.61;-5.0;-0.110
20250403;2.19;2.2;2.22;2.18;2484300;5466450;0.4;0.46;0.010
20250402;2.19;2.19;2.24;2.18;3515600;7755425;0.56;0.0;0.000
20250401;2.19;2.19;2.22;2.18;2296928;5043603;0.37;0.0;0.000
20250331;2.25;2.19;2.25;2.16;3048214;6722884;0.49;-2.23;-0.050
20250328;2.25;2.24;2.27;2.24;2756500;6200052;0.44;-0.44;-0.010
20250327;2.27;2.25;2.28;2.24;3470757;7845855;0.56;-0.44;-0.010
20250326;2.23;2.26;2.27;2.22;2841120;6393220;0.46;1.35;0.030
20250325;2.23;2.23;2.25;2.2;4294771;9555817;0.69;0.0;0.000
20250324;2.28;2.23;2.29;2.18;8287552;18372512;1.33;-2.62;-0.060
20250321;2.32;2.29;2.33;2.28;5187642;11907120;0.83;-2.14;-0.050
20250320;2.32;2.34;2.37;2.31;5099965;11936758;0.82;0.43;0.010
20250319;2.36;2.33;2.41;2.3;8534475;20080558;1.37;-1.69;-0.040
20250318;2.4;2.37;2.43;2.33;10112007;24058981;1.62;-0.84;-0.020
20250317;2.31;2.39;2.43;2.31;15600136;37088195;2.5;3.02;0.070
20250314;2.25;2.32;2.34;2.23;9130040;20865346;1.46;3.57;0.080
20250313;2.24;2.24;2.27;2.21;6020813;13441401;0.97;0.0;0.000
20250312;2.19;2.24;2.25;2.18;7351792;16287867;1.18;2.28;0.050
20250311;2.17;2.19;2.2;2.16;3165442;6916991;0.51;0.46;0.010
20250310;2.19;2.18;2.2;2.16;3300471;7202606;0.53;0.0;0.000
20250307;2.18;2.18;2.22;2.17;6199425;13618408;0.99;0.0;0.000
20250306;2.2;2.18;2.2;2.17;5058641;11050178;0.81;-0.91;-0.020
20250305;2.14;2.2;2.21;2.14;9482457;20641441;1.52;2.33;0.050
20250304;2.11;2.15;2.16;2.1;5450892;11606040;0.87;1.42;0.030
20250303;2.14;2.12;2.16;2.09;6221585;13210508;1.0;-0.47;-0.010
20250228;2.14;2.13;2.16;2.12;6170861;13203612;0.99;-0.93;-0.020
20250227;2.14;2.15;2.15;2.11;6697006;14260533;1.07;0.47;0.010
20250226;2.17;2.14;2.18;2.13;7476411;16089751;1.2;-1.38;-0.030
20250225;2.2;2.17;2.21;2.16;8263671;18018858;1.33;-1.81;-0.040
20250224;2.19;2.21;2.23;2.17;8492518;18780853;1.36;2.31;0.050
20250221;2.2;2.16;2.2;2.15;8910600;19347829;1.43;-1.37;-0.030
20250220;2.12;2.19;2.21;2.11;10048973;21851726;1.61;2.82;0.060
20250219;2.17;2.13;2.18;2.08;16959960;36158047;2.72;-2.74;-0.060
20250218;2.2;2.19;2.21;2.16;7912952;17318950;1.27;-0.45;-0.010
20250217;2.21;2.2;2.23;2.18;8673870;19070293;1.39;-0.45;-0.010
20250214;2.19;2.21;2.21;2.17;7703389;16905517;1.24;1.38;0.030
20250213;2.21;2.18;2.23;2.18;6550112;14411542;1.05;-0.91;-0.020
20250212;2.23;2.2;2.24;2.19;6818357;15057853;1.09;-0.9;-0.020
20250211;2.2;2.22;2.24;2.19;6179252;13688301;0.99;0.91;0.020
20250210;2.2;2.2;2.2;2.17;8024400;17541427;1.29;0.0;0.000
20250207;2.2;2.2;2.25;2.18;9264491;20523772;1.49;0.0;0.000
20250206;2.16;2.2;2.22;2.16;9536739;20892967;1.53;1.38;0.030
20250205;2.19;2.17;2.21;2.15;7982242;17368908;1.28;0.0;0.000
20250127;2.1;2.17;2.2;2.08;13192877;28351209;2.12;0.93;0.020
20250124;2.13;2.15;2.15;2.07;19674278;41975867;3.16;4.88;0.100
20250123;2.1;2.05;2.11;2.04;7063208;14637917;1.13;-1.91;-0.040
20250122;2.08;2.09;2.13;2.07;6525781;13634781;1.05;0.0;0.000
20250121;2.15;2.09;2.16;2.07;10124627;21353357;1.62;-2.79;-0.060
20250120;2.15;2.15;2.18;2.11;9553206;20498633;1.53;0.0;0.000
20250117;2.16;2.15;2.18;2.14;10360085;22316377;1.79;-1.38;-0.030
20250116;2.12;2.18;2.22;2.12;15711103;33921142;2.71;2.83;0.060
20250115;2.11;2.12;2.2;2.1;14130245;30253867;2.44;-0.47;-0.010
20250114;1.99;2.13;2.13;1.97;20918452;43456661;3.75;4.93;0.100
20250113;2.07;2.03;2.07;2.03;11525610;23584184;2.06;-5.14;-0.110
20250110;2.23;2.14;2.23;2.14;11402817;24685595;2.04;-4.89;-0.110
20250109;2.31;2.25;2.43;2.25;13837080;32185984;2.51;-2.6;-0.060
20250108;2.26;2.31;2.32;2.17;13624806;30080491;2.48;1.32;0.030
20250107;2.33;2.28;2.35;2.21;8449901;19194267;1.54;-2.15;-0.050
20250106;2.4;2.33;2.4;2.26;5588661;13025798;1.02;-1.69;-0.040
20250103;2.5;2.37;2.52;2.37;9139700;22178247;1.66;-4.82;-0.120
20250102;2.44;2.49;2.54;2.41;8787396;21910509;1.63;-0.4;-0.010