20251022;12.68;12.88;13.12;12.65;8192441;105789496;1.12;1.82;0.230
20251021;12.62;12.65;12.72;12.57;3629484;45963616;0.5;0.24;0.030
20251020;12.62;12.62;12.68;12.55;2622264;33025375;0.36;0.56;0.070
20251017;12.92;12.55;12.92;12.53;5113400;64866878;0.7;-2.33;-0.300
20251016;12.94;12.85;12.94;12.83;3335000;42917189;0.46;-0.77;-0.100
20251015;12.82;12.95;12.96;12.77;4527901;58431363;0.62;1.25;0.160
20251014;12.79;12.79;12.85;12.76;4637600;59368392;0.63;0.16;0.020
20251013;12.67;12.77;12.8;12.6;4461242;56686585;0.61;-0.78;-0.100
20251010;12.75;12.87;12.89;12.74;4956000;63557532;0.68;0.55;0.070
20251009;12.75;12.8;12.8;12.6;4838286;61413728;0.66;1.03;0.130
20250930;12.61;12.67;12.68;12.53;3058384;38593485;0.42;0.56;0.070
20250929;12.65;12.6;12.68;12.49;3596201;45214881;0.49;-0.16;-0.020
20250926;12.71;12.62;12.73;12.62;2691300;34084344;0.37;-1.02;-0.130
20250925;12.82;12.75;12.87;12.68;2941800;37503780;0.4;-0.47;-0.060
20250924;12.7;12.81;12.84;12.59;2897701;36977453;0.4;0.87;0.110
20250923;12.77;12.7;12.77;12.47;4947851;62289353;0.68;-0.7;-0.090
20250922;12.89;12.79;12.91;12.72;3516068;44964726;0.48;-0.78;-0.100
20250919;12.89;12.89;12.95;12.86;2990800;38577118;0.41;0.0;0.000
20250918;13.0;12.89;13.07;12.85;4954300;64292073;0.68;-1.15;-0.150
20250917;12.95;13.04;13.07;12.92;3239401;42162958;0.44;0.69;0.090
20250916;12.97;12.95;13.03;12.87;3142000;40623172;0.43;0.15;0.020
20250915;13.09;13.0;13.11;12.98;4262875;55484220;0.58;-0.76;-0.100
20250912;13.16;13.1;13.17;13.09;3120401;40961424;0.43;-0.53;-0.070
20250911;13.08;13.17;13.18;13.01;3773219;49435813;0.52;0.77;0.100
20250910;13.09;13.07;13.16;13.07;3365747;44108307;0.46;-0.46;-0.060
20250909;13.28;13.13;13.3;13.07;6129800;80681154;0.84;-1.5;-0.200
20250908;13.05;13.33;13.48;12.97;9453672;124678247;1.29;2.46;0.320
20250905;12.99;13.01;13.03;12.93;4251801;55161353;0.58;0.39;0.050
20250904;12.95;12.96;12.99;12.85;5223001;67482675;0.71;0.31;0.040
20250903;13.15;12.92;13.17;12.9;5231000;68058901;0.71;-1.52;-0.200
20250902;13.18;13.12;13.27;13.05;6305892;82731411;0.86;-0.46;-0.060
20250901;13.29;13.18;13.34;13.15;7584192;100015103;1.04;-0.83;-0.110
20250829;13.18;13.29;13.35;13.11;7840610;104051576;1.07;0.3;0.040
20250828;13.39;13.25;13.48;13.01;11429797;151163965;1.56;-1.27;-0.170
20250827;13.68;13.42;13.75;13.38;8072880;109643556;1.1;-1.97;-0.270
20250826;13.66;13.69;13.76;13.59;6541900;89586905;0.89;0.29;0.040
20250825;13.59;13.65;13.67;13.55;8177758;111379989;1.12;0.44;0.060
20250822;13.64;13.59;13.64;13.51;6462111;87652685;0.88;-0.22;-0.030
20250821;13.58;13.62;13.64;13.54;5636400;76628161;0.77;0.15;0.020
20250820;13.46;13.6;13.6;13.37;6416329;86748415;0.88;0.97;0.130
20250819;13.47;13.47;13.48;13.39;4412900;59316491;0.6;0.0;0.000
20250818;13.4;13.47;13.54;13.38;6283699;84628049;0.86;0.82;0.110
20250815;13.2;13.36;13.39;13.2;4473700;59737894;0.61;0.6;0.080
20250814;13.45;13.28;13.48;13.27;5365800;71735903;0.73;-1.19;-0.160
20250813;13.45;13.44;13.48;13.38;4875210;65495310;0.67;0.0;0.000
20250812;13.43;13.44;13.47;13.38;4181400;56167018;0.57;0.15;0.020
20250811;13.42;13.42;13.46;13.36;5169310;69326655;0.71;0.0;0.000
20250808;13.33;13.42;13.46;13.27;3904410;52264885;0.53;0.68;0.090
20250807;13.35;13.33;13.43;13.33;3878100;51849019;0.53;-0.3;-0.040
20250806;13.37;13.37;13.41;13.31;3578800;47845721;0.49;0.0;0.000
20250805;13.25;13.37;13.38;13.25;3775000;50337903;0.52;0.83;0.110
20250804;13.16;13.26;13.28;13.1;2942100;38945663;0.4;0.38;0.050
20250801;13.14;13.21;13.27;13.14;2660700;35158430;0.36;0.15;0.020
20250731;13.36;13.19;13.39;13.15;6100119;80822925;0.83;-1.79;-0.240
20250730;13.39;13.43;13.49;13.32;5287500;70965679;0.72;0.3;0.040
20250729;13.47;13.39;13.47;13.31;4622342;61753936;0.63;-0.59;-0.080
20250728;13.6;13.47;13.64;13.41;5318100;71711676;0.73;-0.88;-0.120
20250725;13.77;13.59;13.85;13.57;5677800;77512588;0.78;-0.22;-0.030
20250724;13.58;13.62;13.62;13.5;5200300;70593925;0.71;0.44;0.060
20250723;13.69;13.56;13.75;13.53;8935600;121665776;1.22;-0.66;-0.090
20250722;13.4;13.65;13.65;13.38;10715899;145068293;1.46;1.87;0.250
20250721;13.25;13.4;13.43;13.25;7633201;102126733;1.04;1.06;0.140
20250718;13.25;13.26;13.26;13.2;4166689;55154965;0.57;0.3;0.040
20250717;13.26;13.22;13.26;13.17;3383900;44673526;0.46;-0.3;-0.040
20250716;13.18;13.26;13.27;13.18;4335400;57301898;0.59;0.45;0.060
20250715;13.25;13.2;13.29;13.07;5942584;78227414;0.81;-0.38;-0.050
20250714;13.25;13.25;13.3;13.21;3800601;50419356;0.52;0.0;0.000
20250711;13.17;13.25;13.31;13.14;7768917;102897421;1.06;0.76;0.100
20250710;13.11;13.15;13.16;13.09;3854000;50570869;0.53;0.23;0.030
20250709;13.12;13.12;13.18;13.1;4527000;59501853;0.62;-0.15;-0.020
20250708;13.07;13.14;13.14;13.06;3433834;45028076;0.47;0.46;0.060
20250707;13.1;13.08;13.1;13.04;3341689;43685096;0.46;-0.15;-0.020
20250704;13.26;13.1;13.29;13.04;7891057;103651496;1.08;-1.8;-0.240
20250703;13.12;13.34;13.45;13.08;10552953;140525867;1.44;1.83;0.240
20250702;13.03;13.1;13.18;13.03;4660912;61130210;0.64;0.15;0.020
20250701;13.1;13.08;13.13;13.04;4210289;55061220;0.58;0.08;0.010
20250630;12.96;13.07;13.08;12.95;4685212;61016406;0.64;0.77;0.100
20250627;12.91;12.97;13.01;12.91;3683400;47801632;0.5;0.39;0.050
20250626;12.98;12.92;12.99;12.91;3912602;50644449;0.53;-0.54;-0.070
20250625;12.95;12.99;12.99;12.87;4558100;58967281;0.62;0.46;0.060
20250624;13.11;13.23;13.25;13.09;3579100;47211075;0.49;1.07;0.140
20250623;13.03;13.09;13.12;12.96;2476000;32315319;0.34;0.0;0.000
20250620;13.12;13.09;13.19;13.08;2489712;32656913;0.34;-0.3;-0.040
20250619;13.3;13.13;13.3;13.11;3979600;52457512;0.54;-1.13;-0.150
20250618;13.36;13.28;13.37;13.25;2974700;39527895;0.41;-0.52;-0.070
20250617;13.15;13.35;13.38;13.13;7467206;99416791;1.02;1.52;0.200
20250616;13.11;13.15;13.17;13.07;2789301;36641095;0.38;0.15;0.020
20250613;13.19;13.13;13.26;13.1;4028307;52997689;0.55;-0.38;-0.050
20250612;13.22;13.18;13.24;13.15;3521500;46466432;0.48;-0.53;-0.070
20250611;13.25;13.25;13.3;13.23;3445700;45715034;0.47;-0.08;-0.010
20250610;13.3;13.26;13.31;13.11;4694806;62129755;0.64;-0.15;-0.020
20250609;13.24;13.28;13.29;13.21;3595500;47666028;0.49;0.3;0.040
20250606;13.26;13.24;13.31;13.2;3315632;43941627;0.45;-0.15;-0.020
20250605;13.16;13.26;13.37;13.06;5933464;78676413;0.81;0.99;0.130
20250604;13.12;13.13;13.17;13.07;4693099;61587557;0.64;0.15;0.020
20250603;13.1;13.11;13.18;12.96;7062768;92228774;0.97;-0.91;-0.120
20250530;14.0;13.23;14.08;13.16;15539877;208038952;2.12;-2.93;-0.400
20250529;12.93;13.63;13.77;12.86;15705180;209719894;2.15;5.58;0.720
20250528;12.92;12.91;12.98;12.88;2117901;27370850;0.29;0.0;0.000
20250527;13.0;12.91;13.0;12.86;2755100;35558967;0.38;-0.62;-0.080
20250526;12.9;12.99;13.05;12.88;2692353;34880617;0.37;0.23;0.030
20250523;13.06;12.96;13.16;12.95;4558300;59503096;0.62;-0.69;-0.090
20250522;13.14;13.05;13.18;13.04;3361138;44003046;0.46;-1.06;-0.140
20250521;13.27;13.19;13.28;13.17;3345201;44193064;0.46;-0.6;-0.080
20250520;13.22;13.27;13.33;13.2;4984512;66196761;0.68;0.68;0.090
20250519;13.04;13.18;13.18;13.0;3686600;48284335;0.5;0.69;0.090
20250516;13.22;13.09;13.26;13.09;4517200;59384641;0.62;-1.06;-0.140
20250515;13.33;13.23;13.35;13.15;4194183;55545199;0.57;-0.97;-0.130
20250514;13.37;13.36;13.41;13.3;5158300;68832344;0.7;-0.22;-0.030
20250513;13.44;13.39;13.49;13.38;4965001;66691851;0.68;0.07;0.010
20250512;13.38;13.38;13.42;13.35;3978300;53205614;0.54;0.53;0.070
20250509;13.48;13.31;13.48;13.3;4355100;58162046;0.6;-0.97;-0.130
20250508;13.4;13.44;13.49;13.31;5879100;78946283;0.8;0.15;0.020
20250507;13.42;13.42;13.48;13.3;6589201;88138829;0.9;0.83;0.110
20250506;13.21;13.31;13.31;13.19;5339505;70799687;0.73;1.14;0.150
20250430;13.24;13.16;13.26;13.12;3496000;46124438;0.48;-0.68;-0.090
20250429;13.03;13.25;13.32;13.01;6335390;83579258;0.87;1.69;0.220
20250428;13.17;13.03;13.17;13.03;3890500;50826728;0.53;-0.99;-0.130
20250425;13.06;13.16;13.28;13.06;4115076;54245865;0.56;0.69;0.090
20250424;13.29;13.07;13.29;13.04;4730553;62038956;0.65;-1.43;-0.190
20250423;13.28;13.26;13.33;13.23;3940270;52325595;0.54;0.23;0.030
20250422;13.23;13.23;13.27;13.15;3889786;51428923;0.53;0.15;0.020
20250421;13.09;13.21;13.23;13.03;3158199;41603417;0.43;0.61;0.080
20250418;13.13;13.13;13.19;13.03;4018804;52636124;0.55;-0.45;-0.060
20250417;13.28;13.19;13.35;13.18;5529100;73360523;0.76;-0.98;-0.130
20250416;13.45;13.32;13.45;13.2;5633300;74887883;0.77;-1.04;-0.140
20250415;13.69;13.46;13.69;13.4;6724600;90715936;0.92;-1.61;-0.220
20250414;13.57;13.68;13.69;13.49;11703278;158796939;1.6;0.81;0.110
20250411;14.0;13.57;14.0;13.54;19688925;269326713;2.69;-4.03;-0.570
20250410;13.62;14.14;14.49;13.62;26664509;377749933;3.64;0.35;0.050
20250409;14.44;14.09;14.67;14.0;37560506;536520461;5.13;3.15;0.430
20250408;13.49;13.66;13.66;13.25;12985238;176317631;1.77;9.98;1.240
20250407;13.17;12.42;13.3;12.35;11097000;142157118;1.52;-9.48;-1.300
20250403;13.57;13.72;13.72;13.41;6469848;87699941;0.88;0.29;0.040
20250402;13.72;13.68;13.78;13.67;3701200;50744032;0.51;-0.51;-0.070
20250401;13.71;13.75;13.83;13.64;5471000;75106799;0.75;-0.43;-0.060
20250331;14.0;13.81;14.03;13.67;7932634;109755643;1.08;0.07;0.010
20250328;14.47;13.8;14.47;13.79;18664100;261691926;2.55;-6.12;-0.900
20250327;14.39;14.7;14.72;14.39;16508427;241254112;2.26;1.8;0.260
20250326;14.35;14.44;14.57;14.25;8682500;125171064;1.19;0.56;0.080
20250325;14.1;14.36;14.38;14.02;8298217;118269467;1.13;1.77;0.250
20250324;14.12;14.11;14.19;13.96;7036060;99071742;0.96;-0.28;-0.040
20250321;14.35;14.15;14.52;14.14;7922711;113296274;1.08;-1.94;-0.280
20250320;14.49;14.43;14.59;14.39;8294000;119831765;1.13;-0.62;-0.090
20250319;14.36;14.52;14.68;14.34;15651427;227756954;2.14;1.26;0.180
20250318;14.33;14.34;14.41;14.29;5486701;78651285;0.75;0.0;0.000
20250317;14.42;14.34;14.46;14.3;6760400;97128852;0.92;0.21;0.030
20250314;14.07;14.31;14.39;14.06;8323598;118681955;1.14;1.27;0.180
20250313;14.33;14.13;14.36;14.03;8278702;117120660;1.13;-1.46;-0.210
20250312;14.32;14.34;14.58;14.21;12377750;178324271;1.69;0.56;0.080
20250311;13.98;14.26;14.36;13.88;9634349;135942929;1.32;1.49;0.210
20250310;14.03;14.05;14.07;13.88;6803797;95185403;0.93;0.21;0.030
20250307;14.27;14.02;14.28;14.0;12207464;172324045;1.67;-2.09;-0.300
20250306;14.22;14.32;14.35;14.17;7486800;106931341;1.02;0.85;0.120
20250305;14.4;14.2;14.45;14.16;7299100;103997649;1.0;-1.46;-0.210
20250304;14.25;14.41;14.53;14.13;8327500;119220842;1.14;0.84;0.120
20250303;14.32;14.29;14.43;14.23;7656845;109787808;1.05;0.28;0.040
20250228;14.33;14.25;14.48;14.22;8854800;126911905;1.21;-1.18;-0.170
20250227;14.65;14.42;14.66;14.3;12394205;178954956;1.69;-1.57;-0.230
20250226;14.6;14.65;14.75;14.51;13865851;202410978;1.9;-0.54;-0.080
20250225;15.07;14.73;15.11;14.69;21644519;321930524;2.96;-2.96;-0.450
20250224;15.75;15.18;16.17;15.15;41477786;648555328;5.67;1.54;0.230
20250221;14.64;14.95;14.96;14.6;12723089;187974839;1.74;1.7;0.250
20250220;15.0;14.7;15.0;14.65;14233400;209857844;1.95;-2.26;-0.340
20250219;14.98;15.04;15.23;14.78;14581794;219360704;1.99;0.13;0.020
20250218;14.7;15.02;15.46;14.57;22335506;334967301;3.05;1.21;0.180
20250217;14.49;14.84;14.89;14.29;15282200;224103843;2.09;2.42;0.350
20250214;14.41;14.49;14.65;14.36;10596966;153920686;1.45;0.69;0.100
20250213;14.29;14.39;14.55;14.23;10389001;149807135;1.42;0.7;0.100
20250212;14.33;14.29;14.36;14.23;6378221;91125559;0.87;0.14;0.020
20250211;14.33;14.27;14.38;14.18;7007001;99913749;0.96;-0.76;-0.110
20250210;14.48;14.38;14.49;14.31;8298411;119264629;1.13;-0.83;-0.120
20250207;14.31;14.5;14.5;14.2;10742529;154655664;1.47;1.4;0.200
20250206;14.18;14.3;14.3;14.1;6629601;94290310;0.91;0.35;0.050
20250205;14.43;14.25;14.52;14.22;8173012;117214990;1.12;0.49;0.070
20250127;14.18;14.18;14.31;14.09;5359099;76222178;0.73;0.35;0.050
20250124;14.06;14.13;14.16;13.93;4952100;69693798;0.68;0.28;0.040
20250123;14.08;14.09;14.3;14.03;8777811;124420497;1.2;1.29;0.180
20250122;13.97;13.91;14.0;13.82;4096372;56911305;0.56;-0.78;-0.110
20250121;14.15;14.02;14.19;13.85;5312805;74174328;0.73;-0.43;-0.060
20250120;14.16;14.08;14.3;14.03;5268000;74559649;0.72;0.36;0.050
20250117;13.85;14.03;14.14;13.77;7794724;108909856;1.07;0.94;0.130
20250116;13.55;13.9;13.91;13.49;10937805;150897030;1.49;3.12;0.420
20250115;13.58;13.48;13.64;13.44;5156624;69639481;0.7;-1.25;-0.170
20250114;13.17;13.65;13.66;13.12;9438600;126588146;1.29;4.04;0.530
20250113;13.24;13.12;13.36;13.03;8237724;108260015;1.13;-1.5;-0.200
20250110;13.69;13.32;13.79;13.32;6811810;92082817;0.93;-2.49;-0.340
20250109;13.6;13.66;13.79;13.52;5907114;80813431;0.81;-0.73;-0.100
20250108;14.1;13.76;14.15;13.47;12474400;171770916;1.7;-2.89;-0.410
20250107;14.24;14.17;14.27;14.04;6693363;94585583;0.91;-0.49;-0.070
20250106;14.18;14.24;14.42;14.02;8384801;118895346;1.15;0.99;0.140
20250103;14.3;14.1;14.48;13.98;8102002;115404032;1.11;-0.91;-0.130
20250102;14.78;14.23;14.85;14.09;9816599;141946807;1.34;-3.72;-0.550