20251022;10.82;10.77;10.88;10.65;2663506;28594244;1.66;-0.37;-0.040
20251021;10.58;10.81;10.84;10.54;2663178;28606231;1.66;2.08;0.220
20251020;10.34;10.59;10.61;10.34;2659982;27961129;1.66;3.02;0.310
20251017;10.53;10.28;10.55;10.25;2044220;21239726;1.28;-2.1;-0.220
20251016;10.62;10.5;10.67;10.44;2456950;25907597;1.54;-1.22;-0.130
20251015;10.59;10.63;10.75;10.43;2712047;28778454;1.7;0.38;0.040
20251014;10.99;10.59;11.0;10.51;3322445;35579375;2.08;-1.85;-0.200
20251013;10.56;10.79;10.85;10.02;4212878;44799492;2.63;0.56;0.060
20251010;10.63;10.73;10.88;10.5;3428373;36579483;2.14;0.47;0.050
20251009;10.71;10.68;10.96;10.64;2995368;32245135;1.87;-0.28;-0.030
20250930;10.66;10.71;10.81;10.52;3094922;33181158;1.93;1.52;0.160
20250929;10.35;10.55;10.68;10.12;3852437;40351249;2.41;2.43;0.250
20250926;10.37;10.3;10.54;10.17;3173970;32829586;1.98;-0.19;-0.020
20250925;10.5;10.32;10.63;10.31;3317170;34756245;2.07;-1.43;-0.150
20250924;10.24;10.47;10.47;10.01;3539162;36668715;2.21;2.55;0.260
20250923;10.58;10.21;10.58;9.79;4881071;49095957;3.05;-3.04;-0.320
20250922;10.62;10.53;10.66;10.32;3080213;32264346;1.93;-0.19;-0.020
20250919;10.71;10.55;10.71;10.43;3045755;32139382;1.9;-1.03;-0.110
20250918;10.81;10.66;10.9;10.51;4535922;48636940;2.83;-1.2;-0.130
20250917;10.81;10.79;11.01;10.75;3521269;38232372;2.2;0.09;0.010
20250916;10.66;10.78;10.84;10.52;3402804;36448246;2.13;1.13;0.120
20250915;10.83;10.66;10.92;10.61;3414484;36644039;2.13;-1.57;-0.170
20250912;11.09;10.83;11.1;10.79;3926425;42784876;2.45;-2.26;-0.250
20250911;10.85;11.08;11.11;10.74;4569904;50071087;2.86;1.47;0.160
20250910;10.97;10.92;11.1;10.82;3899040;42704862;2.44;0.55;0.060
20250909;11.12;10.86;11.24;10.79;7167125;79031872;4.48;-3.38;-0.380
20250908;10.75;11.24;11.3;10.68;9440662;104310052;5.9;5.54;0.590
20250905;10.54;10.65;10.7;10.38;4222779;44613937;2.64;2.4;0.250
20250904;10.36;10.4;10.73;10.27;6566016;69291716;4.1;0.68;0.070
20250903;10.39;10.33;10.71;10.22;5043710;52661929;3.15;-0.39;-0.040
20250902;10.59;10.37;10.63;9.98;6505935;66532984;4.07;-1.52;-0.160
20250901;10.61;10.53;10.83;10.48;5093385;54240031;3.18;-0.19;-0.020
20250829;10.68;10.55;10.68;10.42;4561760;48089650;2.85;-0.94;-0.100
20250828;10.42;10.65;10.8;10.2;7685967;80592072;4.8;1.33;0.140
20250827;11.26;10.51;11.26;10.51;9334034;101487871;5.83;-6.41;-0.720
20250826;11.08;11.23;11.59;10.91;10854273;122747580;6.78;2.46;0.270
20250825;11.0;10.96;11.11;10.88;5978723;65729037;3.74;0.09;0.010
20250822;10.94;10.95;11.02;10.7;4718907;51260529;2.95;0.09;0.010
20250821;10.7;10.94;11.03;10.63;7178373;77616126;4.49;1.96;0.210
20250820;10.83;10.73;10.83;10.57;5577878;59605549;3.49;-0.74;-0.080
20250819;10.83;10.81;10.94;10.69;5534971;59882016;3.46;-0.18;-0.020
20250818;10.99;10.83;11.04;10.78;5988855;65211690;3.74;0.28;0.030
20250815;10.46;10.8;10.9;10.42;6664448;71665741;4.17;2.86;0.300
20250814;11.16;10.5;11.18;10.46;8659883;92897834;5.41;-5.91;-0.660
20250813;11.0;11.16;11.22;10.88;9891748;109496385;6.18;1.73;0.190
20250812;11.22;10.97;11.29;10.8;9856760;107791168;6.16;-2.23;-0.250
20250811;11.2;11.22;11.22;10.75;13817566;152000531;8.64;0.99;0.110
20250808;11.07;11.11;11.58;10.95;14143015;159206104;8.84;-0.18;-0.020
20250807;11.6;11.13;11.6;11.11;18952131;213984146;11.85;-7.86;-0.950
20250806;11.94;12.08;12.87;10.81;30164616;343344262;18.85;4.77;0.550
20250805;10.0;11.53;11.53;9.72;12748116;140950233;7.97;19.98;1.920
20250804;9.43;9.61;9.65;9.29;3637209;34590071;2.27;2.23;0.210
20250801;9.31;9.4;9.47;9.21;3698353;34575757;2.31;1.62;0.150
20250731;9.36;9.25;9.48;9.18;3439880;32021553;2.15;-1.39;-0.130
20250730;9.59;9.38;9.59;9.28;2973502;27889404;1.86;-1.47;-0.140
20250729;9.58;9.52;9.75;9.45;3393107;32485079;2.12;-0.63;-0.060
20250728;9.38;9.58;9.58;9.21;3781648;35703517;2.36;2.57;0.240
20250725;9.33;9.34;9.36;9.15;2228309;20636934;1.39;1.52;0.140
20250724;9.07;9.2;9.26;9.02;2627187;24108068;1.64;1.88;0.170
20250723;9.09;9.03;9.14;9.0;2786748;25223281;1.74;-0.66;-0.060
20250722;9.28;9.09;9.28;9.05;2772930;25382320;1.73;-0.87;-0.080
20250721;9.36;9.17;9.36;9.12;3483576;32101240;2.18;0.77;0.070
20250718;8.95;9.1;9.11;8.9;2609982;23494270;1.63;1.79;0.160
20250717;8.91;8.94;8.98;8.81;2404340;21380887;1.5;0.9;0.080
20250716;8.78;8.86;8.91;8.77;1978275;17472976;1.24;0.91;0.080
20250715;8.86;8.78;8.88;8.6;2898183;25326990;1.81;-0.9;-0.080
20250714;8.83;8.86;8.9;8.72;3875593;34141088;2.42;0.8;0.070
20250711;8.81;8.79;8.85;8.66;2253377;19769615;1.41;-0.23;-0.020
20250710;8.81;8.81;8.83;8.67;2310936;20265831;1.44;0.11;0.010
20250709;8.82;8.8;8.89;8.73;2413682;21233699;1.51;-0.34;-0.030
20250708;8.77;8.83;8.85;8.71;2311310;20338954;1.44;0.91;0.080
20250707;8.55;8.75;8.77;8.55;2510969;21785743;1.57;1.39;0.120
20250704;8.86;8.63;8.86;8.52;2657471;23044547;1.66;-2.27;-0.200
20250703;8.84;8.83;8.86;8.7;2901360;25458931;1.81;0.34;0.030
20250702;8.74;8.8;8.82;8.6;2929238;25497383;1.83;1.15;0.100
20250701;8.77;8.7;8.85;8.63;3267962;28462478;2.04;-0.34;-0.030
20250630;8.55;8.73;8.8;8.46;3529108;30601474;2.21;3.19;0.270
20250627;8.44;8.46;8.56;8.33;3377418;28447146;2.11;0.71;0.060
20250626;8.47;8.4;8.58;8.31;3765650;31795798;2.35;-1.06;-0.090
20250625;8.6;8.49;8.76;8.44;5020988;42992917;3.14;-0.59;-0.050
20250624;8.22;8.54;8.57;8.12;3997322;33692778;2.5;4.91;0.400
20250623;7.9;8.14;8.15;7.86;2307229;18650039;1.44;2.52;0.200
20250620;7.85;7.94;8.09;7.85;2787465;22255774;1.74;0.76;0.060
20250619;8.07;7.88;8.13;7.84;2557902;20374302;1.6;-2.11;-0.170
20250618;8.09;8.05;8.2;7.93;2185428;17608979;1.37;-0.86;-0.070
20250617;8.14;8.12;8.21;8.06;2209228;17955652;1.38;0.25;0.020
20250616;7.95;8.1;8.22;7.83;2478263;20043584;1.55;1.89;0.150
20250613;8.15;7.95;8.15;7.91;3382797;27066058;2.11;-2.21;-0.180
20250612;8.24;8.13;8.24;8.07;1691105;13784386;1.06;-0.97;-0.080
20250611;8.17;8.21;8.26;8.14;1757428;14431429;1.1;0.98;0.080
20250610;8.24;8.13;8.35;8.06;2887735;23735442;1.8;-1.69;-0.140
20250609;8.07;8.27;8.35;8.06;2405618;19857317;1.5;2.48;0.200
20250606;7.97;8.07;8.09;7.9;2781925;22274884;1.74;1.51;0.120
20250605;8.0;7.95;8.11;7.95;2480485;19891620;1.55;-1.36;-0.110
20250604;8.1;8.06;8.16;7.99;2536749;20468295;1.59;0.5;0.040
20250603;7.9;8.02;8.09;7.8;2616624;20901448;1.64;2.43;0.190
20250530;8.05;7.83;8.1;7.8;2135989;16795916;1.33;-1.51;-0.120
20250529;7.9;7.95;8.01;7.85;2193227;17443674;1.37;0.63;0.050
20250528;7.94;7.9;8.14;7.82;2929898;23283470;1.83;-0.38;-0.030
20250527;7.8;7.93;7.98;7.69;2468931;19397197;1.54;1.67;0.130
20250526;7.72;7.8;7.84;7.68;1828929;14232105;1.14;1.56;0.120
20250523;7.75;7.68;7.95;7.61;3240984;25197231;2.03;-0.39;-0.030
20250522;7.77;7.71;8.01;7.66;2957173;23114607;1.85;-1.03;-0.080
20250521;8.05;7.79;8.05;7.79;2921682;22947603;1.83;-3.23;-0.260
20250520;7.87;8.05;8.05;7.83;2092353;16639921;1.31;2.42;0.190
20250519;7.85;7.86;7.93;7.67;1914868;14944028;1.2;1.29;0.100
20250516;7.66;7.76;7.81;7.66;1709440;13260665;1.07;0.52;0.040
20250515;7.7;7.72;7.79;7.57;2773703;21369548;1.73;0.78;0.060
20250514;7.7;7.66;7.78;7.62;2367749;18216000;1.48;-0.78;-0.060
20250513;7.87;7.72;7.94;7.69;2523390;19651871;1.58;-0.64;-0.050
20250512;7.68;7.77;7.84;7.63;4179045;32374047;2.61;2.91;0.220
20250509;7.69;7.55;7.69;7.53;2376603;18060103;1.49;-1.18;-0.090
20250508;7.48;7.64;7.7;7.48;2630261;20036892;1.64;0.92;0.070
20250507;7.54;7.57;7.68;7.47;3248565;24653361;2.03;0.93;0.070
20250506;7.18;7.5;7.55;7.18;4106987;30555654;2.57;4.6;0.330
20250430;7.07;7.17;7.27;6.93;3595080;25818675;2.25;1.99;0.140
20250429;6.65;7.03;7.08;6.65;4537200;31492017;2.84;5.24;0.350
20250428;6.76;6.68;6.83;6.6;2077588;13864333;1.3;-2.05;-0.140
20250425;6.79;6.82;6.86;6.71;1703526;11563713;1.06;0.89;0.060
20250424;6.86;6.76;6.87;6.69;2643939;17907426;1.65;-1.6;-0.110
20250423;6.72;6.87;6.87;6.65;2651471;18000360;1.66;2.69;0.180
20250422;6.6;6.69;6.71;6.55;2668085;17735768;1.67;1.06;0.070
20250421;6.67;6.62;6.69;6.48;2270899;15026596;1.42;-0.15;-0.010
20250418;6.51;6.63;6.65;6.44;2416419;15815398;1.51;1.07;0.070
20250417;6.42;6.56;6.68;6.38;2960127;19513537;1.85;2.34;0.150
20250416;6.58;6.41;6.63;6.27;2878693;18444518;1.8;-2.88;-0.190
20250415;6.55;6.6;6.64;6.5;2788068;18337831;1.74;0.76;0.050
20250414;6.41;6.55;6.66;6.4;2750109;18061524;1.72;2.66;0.170
20250411;6.5;6.38;6.61;6.32;3856502;24947301;2.41;-1.24;-0.080
20250410;6.38;6.46;6.63;6.38;3876634;25248476;2.42;3.03;0.190
20250409;5.96;6.27;6.28;5.58;5220435;31259547;3.26;3.47;0.210
20250408;5.86;6.06;6.26;5.86;3225881;19456230;2.02;3.59;0.210
20250407;7.01;5.85;7.01;5.74;4666948;29051062;2.92;-18.52;-1.330
20250403;7.11;7.18;7.31;7.07;3392712;24511044;2.12;0.42;0.030
20250402;7.08;7.15;7.25;7.01;1991806;14275601;1.24;1.13;0.080
20250401;6.85;7.07;7.23;6.85;2842499;20199619;1.78;3.06;0.210
20250331;6.92;6.86;6.96;6.73;2397620;16405030;1.5;-1.58;-0.110
20250328;7.21;6.97;7.29;6.95;2971887;21067247;1.86;-3.19;-0.230
20250327;7.38;7.2;7.38;7.07;2730480;19676827;1.71;-0.96;-0.070
20250326;6.98;7.27;7.37;6.9;4104709;29736392;2.57;4.6;0.320
20250325;6.89;6.95;7.05;6.71;2795379;19247016;1.75;1.16;0.080
20250324;7.34;6.87;7.34;6.73;4731538;33195804;2.96;-6.15;-0.450
20250321;7.5;7.32;7.51;7.3;2789927;20603316;1.74;-2.27;-0.170
20250320;7.55;7.49;7.6;7.39;2321278;17390961;1.45;-0.53;-0.040
20250319;7.67;7.53;7.67;7.48;2593046;19620526;1.62;-1.83;-0.140
20250318;7.54;7.67;7.76;7.5;3819610;29238011;2.39;2.27;0.170
20250317;7.56;7.5;7.59;7.42;2689685;20099336;1.68;-0.79;-0.060
20250314;7.33;7.56;7.56;7.25;3280659;24253552;2.05;3.0;0.220
20250313;7.52;7.34;7.54;7.21;2859200;20966064;1.79;-2.26;-0.170
20250312;7.57;7.51;7.59;7.49;1774357;13366422;1.11;-0.66;-0.050
20250311;7.46;7.56;7.59;7.3;2641521;19773800;1.65;0.8;0.060
20250310;7.41;7.5;7.59;7.4;2507117;18780479;1.57;1.76;0.130
20250307;7.49;7.37;7.54;7.32;2576657;19068444;1.61;-1.34;-0.100
20250306;7.2;7.47;7.51;7.14;4495158;33219064;2.81;4.48;0.320
20250305;7.21;7.15;7.23;7.05;2638299;18838265;1.65;-0.69;-0.050
20250304;7.04;7.2;7.21;6.98;2189991;15652899;1.37;2.42;0.170
20250303;6.98;7.03;7.21;6.96;3051242;21660851;1.91;1.59;0.110
20250228;7.13;6.92;7.16;6.92;2272532;15954538;1.42;-3.22;-0.230
20250227;7.2;7.15;7.3;7.01;2497850;17830757;1.56;-1.24;-0.090
20250226;7.21;7.24;7.28;7.16;2573257;18558471;1.61;1.4;0.100
20250225;7.23;7.14;7.27;7.11;1520343;10911951;0.95;-1.38;-0.100
20250224;7.22;7.24;7.33;7.07;2859565;20616186;1.79;0.84;0.060
20250221;7.21;7.18;7.25;7.1;2920596;20873493;1.83;-0.42;-0.030
20250220;7.11;7.21;7.23;7.03;2841082;20333652;1.78;1.69;0.120
20250219;6.96;7.09;7.13;6.87;2386427;16818448;1.49;2.31;0.160
20250218;7.11;6.93;7.18;6.9;2564709;18133153;1.6;-2.39;-0.170
20250217;6.9;7.1;7.17;6.9;2995885;21211587;1.87;2.6;0.180
20250214;6.99;6.92;7.09;6.89;2626984;18359415;1.64;-0.57;-0.040
20250213;7.12;6.96;7.17;6.96;2148574;15071740;1.34;-2.38;-0.170
20250212;7.13;7.13;7.18;7.04;2212994;15741271;1.38;0.0;0.000
20250211;7.08;7.13;7.19;7.05;2412440;17140635;1.51;-0.14;-0.010
20250210;7.15;7.14;7.17;7.06;3130287;22297727;1.96;0.42;0.030
20250207;7.04;7.11;7.2;7.03;3238408;23046580;2.02;0.85;0.060
20250206;6.97;7.05;7.07;6.84;4080279;28481490;2.55;1.15;0.080
20250205;6.85;6.97;7.05;6.75;3066189;21291975;1.92;3.26;0.220
20250127;6.82;6.75;6.97;6.68;3270694;22281965;2.04;0.3;0.020
20250124;6.68;6.73;6.76;6.46;4021142;26493500;2.51;1.51;0.100
20250123;6.48;6.63;6.79;6.45;3950974;26307345;2.47;2.95;0.190
20250122;6.4;6.44;6.52;6.28;4082675;26225981;2.55;0.63;0.040
20250121;6.54;6.4;6.62;6.3;5859880;37490424;3.66;-2.14;-0.140
20250120;6.47;6.54;6.62;6.19;7389980;47699017;4.62;-1.95;-0.130
20250117;6.67;6.67;6.73;6.56;2948374;19615939;1.84;0.0;0.000
20250116;6.67;6.67;6.83;6.61;2843708;19098030;1.78;0.6;0.040
20250115;6.78;6.63;6.82;6.59;3963161;26404541;2.48;-1.78;-0.120
20250114;6.41;6.75;6.79;6.41;3879692;25715605;2.42;6.47;0.410
20250113;6.2;6.34;6.44;6.01;3515141;22072191;2.2;1.77;0.110
20250110;6.53;6.23;6.59;6.23;2699841;17267226;1.69;-4.3;-0.280
20250109;6.5;6.51;6.58;6.41;3019054;19648113;1.89;0.0;0.000
20250108;6.5;6.51;6.68;6.27;3162138;20544687;1.98;-0.91;-0.060
20250107;6.32;6.57;6.6;6.3;2420950;15594624;1.51;3.96;0.250
20250106;6.35;6.32;6.43;6.03;2664082;16653698;1.67;-0.63;-0.040
20250103;6.7;6.36;6.71;6.3;3040812;19750804;1.9;-4.93;-0.330
20250102;6.8;6.69;7.02;6.64;4289764;29327521;2.68;-0.89;-0.060