20251022;14.27;14.16;14.31;14.12;46308816;657311793;0.93;-1.32;-0.190
20251021;14.29;14.35;14.46;14.24;56609614;812216430;1.13;0.63;0.090
20251020;14.16;14.26;14.55;14.12;76890251;1101033243;1.54;2.22;0.310
20251017;14.56;13.95;14.61;13.91;88600459;1258373049;1.78;-4.65;-0.680
20251016;14.8;14.63;14.97;14.53;65901778;971098708;1.32;-1.88;-0.280
20251015;14.66;14.91;14.93;14.4;83438061;1224584736;1.67;1.36;0.200
20251014;15.68;14.71;15.75;14.62;162941611;2454415792;3.27;-5.58;-0.870
20251013;14.75;15.58;15.78;14.62;156035360;2387948585;3.13;1.17;0.180
20251010;16.07;15.4;16.26;15.35;179410777;2811725056;3.6;-5.17;-0.840
20251009;15.71;16.24;16.49;15.6;226439983;3655257704;4.54;4.24;0.660
20250930;15.3;15.58;15.67;15.23;122003113;1891414534;2.45;2.5;0.380
20250929;15.15;15.2;15.3;15.01;82382023;1246767780;1.65;-0.26;-0.040
20250926;15.42;15.24;15.62;15.24;97868745;1508017895;1.96;-2.43;-0.380
20250925;15.62;15.62;15.73;15.38;119719733;1863290075;2.4;-0.13;-0.020
20250924;14.75;15.64;15.7;14.71;199779459;3080868700;4.0;4.83;0.720
20250923;15.18;14.92;15.22;14.55;157381446;2333149542;3.15;-2.48;-0.380
20250922;15.69;15.3;15.7;15.12;174345561;2681964292;3.49;-2.05;-0.320
20250919;15.58;15.62;16.13;15.44;256055629;4045780048;5.13;0.97;0.150
20250918;15.32;15.47;15.99;15.11;293296113;4588065190;5.88;1.58;0.240
20250917;15.1;15.23;15.45;14.91;141023165;2149546060;2.83;0.79;0.120
20250916;15.02;15.11;15.19;14.88;100566282;1511398575;2.02;0.13;0.020
20250915;15.1;15.09;15.35;14.81;133150329;2006454194;2.67;0.8;0.120
20250912;15.2;14.97;15.35;14.95;136737736;2066422378;2.74;-1.45;-0.220
20250911;14.7;15.19;15.21;14.55;131809431;1967680346;2.64;3.05;0.450
20250910;14.79;14.74;14.9;14.6;65764323;969406832;1.32;-0.47;-0.070
20250909;14.9;14.81;15.03;14.67;96476389;1429779424;1.93;-1.4;-0.210
20250908;15.1;15.02;15.29;14.83;158718340;2384276585;3.18;2.04;0.300
20250905;13.88;14.72;14.8;13.74;169025150;2434837191;3.39;6.67;0.920
20250904;14.32;13.8;14.5;13.51;124303814;1738231955;2.49;-3.36;-0.480
20250903;14.54;14.28;14.66;14.2;91596392;1320669557;1.84;-1.65;-0.240
20250902;15.11;14.52;15.11;14.37;147369542;2157260111;2.95;-3.9;-0.590
20250901;15.32;15.11;15.55;15.09;136589023;2082311698;2.74;-0.13;-0.020
20250829;15.51;15.13;15.55;14.97;155466834;2359120408;3.12;-1.37;-0.210
20250828;14.92;15.34;15.44;14.8;221259172;3352409828;4.43;-0.07;-0.010
20250827;15.6;15.35;15.95;15.27;253198530;3960042363;5.08;-2.23;-0.350
20250826;14.69;15.7;16.14;14.59;331928260;5166980267;6.65;6.37;0.940
20250825;14.9;14.76;15.18;14.58;207919104;3075836688;4.17;0.48;0.070
20250822;14.31;14.69;14.96;14.24;276503181;4035983854;5.54;1.87;0.270
20250821;15.29;14.42;15.29;14.34;419495408;6225168746;8.41;-0.07;-0.010
20250820;13.37;14.43;14.43;13.33;220238417;3089438796;4.41;9.98;1.310
20250819;13.17;13.12;13.25;13.09;63784552;839248651;1.28;-0.23;-0.030
20250818;12.96;13.15;13.29;12.94;96480284;1266962312;1.93;1.86;0.240
20250815;12.7;12.91;12.91;12.67;55362621;711419517;1.11;1.41;0.180
20250814;12.97;12.73;13.03;12.68;73546027;946371542;1.47;-1.7;-0.220
20250813;12.95;12.95;12.99;12.87;49082709;634636807;0.98;0.0;0.000
20250812;13.0;12.95;13.02;12.84;47173375;608987218;0.95;-0.31;-0.040
20250811;12.6;12.99;13.1;12.58;93668965;1209562867;1.88;3.34;0.420
20250808;12.73;12.57;12.74;12.57;37411104;472118030;0.75;-1.57;-0.200
20250807;12.72;12.77;12.89;12.66;58977879;753829707;1.18;0.39;0.050
20250806;12.6;12.72;12.73;12.5;45651437;575877617;0.92;1.03;0.130
20250805;12.55;12.59;12.68;12.53;36364974;457732714;0.73;0.16;0.020
20250804;12.7;12.57;12.92;12.49;61782593;779590797;1.24;-0.87;-0.110
20250801;12.46;12.68;12.89;12.46;66336963;838666686;1.33;1.44;0.180
20250731;12.7;12.5;12.75;12.42;40453367;509049542;0.81;-1.57;-0.200
20250730;12.82;12.7;12.84;12.6;36373300;463414223;0.73;-0.94;-0.120
20250729;12.78;12.82;12.84;12.67;37490505;478161471;0.75;0.08;0.010
20250728;12.88;12.81;12.92;12.75;34525473;442148221;0.69;-0.16;-0.020
20250725;12.76;12.83;12.96;12.65;49431775;630434607;0.99;0.55;0.070
20250724;12.49;12.76;12.76;12.47;63495418;804398044;1.27;2.16;0.270
20250723;12.54;12.49;12.67;12.49;44846099;563315473;0.9;-0.48;-0.060
20250722;12.51;12.55;12.56;12.44;36516802;456836424;0.73;0.32;0.040
20250721;12.5;12.51;12.52;12.42;32927785;410657531;0.66;0.16;0.020
20250718;12.55;12.49;12.59;12.39;36702793;457686268;0.74;-0.32;-0.040
20250717;12.32;12.53;12.53;12.3;32545008;404282481;0.65;1.54;0.190
20250716;12.47;12.34;12.48;12.31;23782335;294465298;0.48;-0.72;-0.090
20250715;12.42;12.43;12.5;12.32;24277497;301187303;0.49;-0.16;-0.020
20250714;12.51;12.45;12.56;12.44;20919032;261221398;0.42;-0.64;-0.080
20250711;12.53;12.53;12.62;12.49;28919000;362513304;0.58;0.0;0.000
20250710;12.5;12.53;12.65;12.46;35594214;447507242;0.71;0.24;0.030
20250709;12.43;12.5;12.51;12.33;30381213;376928185;0.61;0.48;0.060
20250708;12.13;12.44;12.53;12.11;42599069;526946731;0.85;2.73;0.330
20250707;12.16;12.11;12.19;12.09;15641714;189656627;0.31;-0.33;-0.040
20250704;12.29;12.15;12.31;12.14;25732523;314326132;0.52;-1.38;-0.170
20250703;12.24;12.32;12.33;12.22;16782900;206134097;0.34;0.57;0.070
20250702;12.4;12.25;12.41;12.21;20456555;250680195;0.41;-0.81;-0.100
20250701;12.4;12.35;12.43;12.31;19449992;240466825;0.39;-0.4;-0.050
20250630;12.25;12.42;12.42;12.24;29420442;363292832;0.59;1.89;0.230
20250627;12.23;12.19;12.26;12.15;19716883;240811684;0.4;0.33;0.040
20250626;12.28;12.15;12.31;12.14;25230100;308627603;0.51;-0.82;-0.100
20250625;12.19;12.25;12.26;12.1;26876973;327541592;0.54;0.49;0.060
20250624;12.05;12.19;12.19;12.04;21463408;260565552;0.43;1.25;0.150
20250623;11.79;12.04;12.05;11.77;18041211;215959762;0.36;1.78;0.210
20250620;11.8;11.83;11.97;11.8;14896403;176938022;0.3;-0.84;-0.100
20250619;12.06;11.93;12.1;11.91;17254553;206969040;0.35;-1.0;-0.120
20250618;11.93;12.05;12.07;11.9;18948823;227580759;0.38;0.92;0.110
20250617;11.9;11.94;11.97;11.85;13809831;164439720;0.28;0.34;0.040
20250616;11.89;11.9;11.99;11.85;14028469;167164317;0.28;-0.08;-0.010
20250613;12.08;11.91;12.12;11.9;18962792;227136626;0.38;-1.41;-0.170
20250612;12.08;12.08;12.13;12.03;14848720;179408454;0.3;0.0;0.000
20250611;11.96;12.08;12.15;11.96;19490678;235591837;0.39;0.92;0.110
20250610;12.18;11.97;12.2;11.89;31668381;380785725;0.63;-1.72;-0.210
20250609;12.21;12.18;12.25;12.16;19444283;237030391;0.39;0.16;0.020
20250606;12.29;12.16;12.29;12.16;16196957;197646312;0.32;-0.73;-0.090
20250605;12.23;12.25;12.32;12.21;19223600;235629540;0.39;0.16;0.020
20250604;12.11;12.23;12.26;12.11;20867789;254535989;0.42;0.82;0.100
20250603;12.3;12.13;12.35;12.11;39308483;478666200;0.79;-2.41;-0.300
20250530;12.59;12.43;12.63;12.37;23254470;289339813;0.47;-1.58;-0.200
20250529;12.55;12.63;12.66;12.48;22696344;285882510;0.45;0.8;0.100
20250528;12.65;12.53;12.69;12.45;25385584;318497626;0.51;-1.03;-0.130
20250527;12.83;12.66;12.91;12.61;26449384;335986212;0.53;-1.02;-0.130
20250526;12.68;12.79;12.87;12.67;30061769;384023767;0.6;0.87;0.110
20250523;12.76;12.68;12.85;12.67;39701245;506442163;0.8;-0.78;-0.100
20250522;12.86;12.78;13.08;12.75;75506527;976450546;1.51;0.31;0.040
20250521;12.87;12.74;12.97;12.62;36040834;459813752;0.72;0.39;0.050
20250520;12.63;12.69;12.77;12.58;27813846;353440835;0.56;0.48;0.060
20250519;12.42;12.63;12.65;12.39;30241821;379500354;0.61;1.53;0.190
20250516;12.4;12.44;12.54;12.39;19592862;243984976;0.39;-0.08;-0.010
20250515;12.59;12.45;12.63;12.4;26302600;328320783;0.53;-1.03;-0.130
20250514;12.5;12.58;12.65;12.47;28894453;363773402;0.58;0.48;0.060
20250513;12.67;12.52;12.7;12.43;28039247;351635027;0.56;-0.48;-0.060
20250512;12.5;12.58;12.68;12.41;34475751;433060806;0.69;1.62;0.200
20250509;12.59;12.38;12.59;12.36;23580403;293793313;0.47;-1.75;-0.220
20250508;12.49;12.6;12.61;12.46;29856901;374866200;0.6;0.48;0.060
20250507;12.5;12.54;12.55;12.33;44836088;559142083;0.9;1.29;0.160
20250506;12.36;12.38;12.55;12.3;39142493;484433476;0.78;0.73;0.090
20250430;12.11;12.29;12.35;12.11;31042894;380984618;0.62;1.4;0.170
20250429;12.15;12.12;12.22;12.08;21198694;257360559;0.42;-0.74;-0.090
20250428;12.19;12.21;12.33;12.17;35718354;437876874;0.72;0.91;0.110
20250425;12.08;12.1;12.18;12.05;21469701;259834642;0.43;0.08;0.010
20250424;12.16;12.09;12.18;11.9;29317236;353748287;0.59;-0.74;-0.090
20250423;12.17;12.18;12.27;12.14;23480892;286441353;0.47;0.08;0.010
20250422;12.06;12.17;12.26;12.02;31419360;382747854;0.63;0.41;0.050
20250421;11.82;12.12;12.17;11.72;32986391;395438749;0.66;2.54;0.300
20250418;11.7;11.82;11.86;11.62;16387102;192167376;0.33;1.03;0.120
20250417;11.69;11.7;11.8;11.66;19232912;225671127;0.39;-0.51;-0.060
20250416;11.81;11.76;11.87;11.59;25592133;299598244;0.51;-1.01;-0.120
20250415;11.8;11.88;11.9;11.75;28911665;341990951;0.58;0.42;0.050
20250414;12.01;11.83;12.02;11.76;43942920;520890952;0.88;0.42;0.050
20250411;11.2;11.78;11.88;11.15;69054180;800732736;1.38;4.62;0.520
20250410;11.21;11.26;11.46;11.14;49542229;560141141;0.99;3.59;0.390
20250409;10.49;10.87;10.93;10.23;56458288;601935992;1.13;2.45;0.260
20250408;10.5;10.61;10.81;10.4;48981461;517914234;0.98;-0.28;-0.030
20250407;11.0;10.64;11.29;10.64;53142504;576502199;1.07;-9.98;-1.180
20250403;11.87;11.82;12.0;11.77;22547549;267310437;0.45;-1.25;-0.150
20250402;11.94;11.97;12.04;11.94;14718719;176415269;0.3;-0.17;-0.020
20250401;11.89;11.99;12.05;11.84;21192647;253513647;0.42;0.84;0.100
20250331;12.1;11.89;12.14;11.75;34942526;416436689;0.7;-1.9;-0.230
20250328;12.28;12.12;12.31;12.12;20064417;244536864;0.4;-1.3;-0.160
20250327;12.21;12.28;12.37;12.09;24683910;302028599;0.49;0.08;0.010
20250326;12.3;12.27;12.39;12.26;21556700;265289187;0.43;-0.49;-0.060
20250325;12.29;12.33;12.36;12.2;23989184;294960692;0.48;0.16;0.020
20250324;12.4;12.31;12.44;12.1;38411720;471017469;0.77;-0.73;-0.090
20250321;12.56;12.4;12.64;12.34;39910741;497472559;0.8;-1.43;-0.180
20250320;12.72;12.58;12.75;12.57;29571854;374448717;0.59;-0.79;-0.100
20250319;12.86;12.68;12.94;12.65;39243800;499405953;0.79;-1.48;-0.190
20250318;13.02;12.87;13.07;12.83;56208463;726120850;1.13;-0.16;-0.020
20250317;12.84;12.89;13.05;12.68;79864913;1025840936;1.6;0.78;0.100
20250314;12.8;12.79;12.84;12.6;67245159;856640266;1.35;0.16;0.020
20250313;12.81;12.77;13.04;12.51;105435819;1345941778;2.11;0.0;0.000
20250312;12.28;12.77;13.1;12.26;120945231;1537531099;2.42;3.99;0.490
20250311;12.16;12.28;12.33;12.07;34525122;421219421;0.69;0.08;0.010
20250310;12.33;12.27;12.4;12.19;32533510;398942381;0.65;-0.81;-0.100
20250307;12.53;12.37;12.54;12.3;43039100;534482837;0.86;-1.43;-0.180
20250306;12.37;12.55;12.59;12.36;49795566;622705288;1.0;1.87;0.230
20250305;12.45;12.32;12.5;12.25;29420640;363009804;0.59;-1.12;-0.140
20250304;12.28;12.46;12.51;12.15;42792023;528358001;0.86;1.14;0.140
20250303;12.32;12.32;12.6;12.22;42446929;527347234;0.85;0.57;0.070
20250228;12.5;12.25;12.67;12.22;62872471;782447059;1.26;-2.08;-0.260
20250227;12.59;12.51;12.75;12.35;56696396;711924116;1.14;-0.48;-0.060
20250226;12.58;12.57;12.64;12.5;47194915;592551846;0.95;-0.16;-0.020
20250225;12.52;12.59;12.74;12.47;47809582;602924239;0.96;-1.18;-0.150
20250224;12.67;12.74;12.88;12.48;66331383;843543329;1.33;0.47;0.060
20250221;12.61;12.68;12.72;12.5;70085279;883590480;1.4;0.63;0.080
20250220;12.42;12.6;12.94;12.34;118015283;1493168022;2.37;1.78;0.220
20250219;11.97;12.38;12.39;11.97;49623012;606117713;0.99;3.34;0.400
20250218;12.3;11.98;12.35;11.95;40470801;491776570;0.81;-2.28;-0.280
20250217;12.28;12.26;12.37;12.18;43016423;527100294;0.86;-0.24;-0.030
20250214;12.19;12.29;12.3;12.15;35818584;438579692;0.72;0.57;0.070
20250213;12.28;12.22;12.44;12.21;57023618;703738963;1.14;-0.49;-0.060
20250212;12.05;12.28;12.28;11.96;51822821;628133489;1.04;1.82;0.220
20250211;12.18;12.06;12.2;11.98;31979038;385632661;0.64;-0.99;-0.120
20250210;12.12;12.18;12.21;12.05;38937687;473120050;0.78;0.58;0.070
20250207;12.05;12.11;12.28;11.98;61535329;747072274;1.23;0.67;0.080
20250206;11.66;12.03;12.03;11.65;47470268;566396251;0.95;2.47;0.290
20250205;11.6;11.74;11.83;11.59;35294464;413649342;0.71;2.44;0.280
20250127;11.67;11.46;11.72;11.46;22833941;264192999;0.46;-1.63;-0.190
20250124;11.38;11.65;11.66;11.37;26889896;311073271;0.54;1.3;0.150
20250123;11.75;11.5;11.81;11.5;31962583;372534594;0.64;-0.52;-0.060
20250122;11.54;11.56;11.6;11.44;20655993;238075381;0.41;-0.34;-0.040
20250121;11.67;11.6;11.7;11.52;22140983;256764358;0.44;-0.26;-0.030
20250120;11.68;11.63;11.75;11.58;26623500;310751250;0.53;0.17;0.020
20250117;11.45;11.61;11.74;11.41;31095311;360393262;0.62;1.04;0.120
20250116;11.47;11.49;11.63;11.36;28201539;324191817;0.57;0.7;0.080
20250115;11.57;11.41;11.57;11.38;25888028;295953722;0.52;-1.38;-0.160
20250114;11.18;11.57;11.57;11.05;46413393;527668670;0.93;4.42;0.490
20250113;10.94;11.08;11.13;10.89;33158372;365724797;0.66;0.36;0.040
20250110;11.37;11.04;11.53;11.03;39726811;447815287;0.8;-3.24;-0.370
20250109;11.53;11.41;11.62;11.39;34754310;399703462;0.7;-1.13;-0.130
20250108;11.65;11.54;11.65;11.22;35622139;407809422;0.71;-1.28;-0.150
20250107;11.45;11.69;11.7;11.44;29209323;337671749;0.59;2.27;0.260
20250106;11.49;11.43;11.58;11.32;28987698;331824736;0.58;-0.44;-0.050
20250103;11.74;11.48;11.89;11.47;42159147;492556112;0.85;-2.05;-0.240
20250102;12.17;11.72;12.17;11.6;53550651;637226984;1.07;-3.7;-0.450