20251022;17.26;17.1;17.35;17.01;2335900;40038128;1.05;-0.87;-0.150
20251021;16.98;17.25;17.27;16.96;2735681;47054919;1.23;1.17;0.200
20251020;16.97;17.05;17.21;16.92;2967700;50662716;1.33;1.49;0.250
20251017;17.13;16.8;17.16;16.8;2983500;50565910;1.34;-1.64;-0.280
20251016;17.28;17.08;17.44;17.0;2773500;47536399;1.24;-1.78;-0.310
20251015;17.27;17.39;17.43;16.98;4845556;83322323;2.17;0.75;0.130
20251014;17.5;17.26;17.7;17.16;4138520;72184646;1.86;-0.06;-0.010
20251013;17.2;17.27;17.34;16.66;5565700;94991603;2.5;-2.04;-0.360
20251010;17.35;17.63;18.17;17.32;6285640;111502961;2.82;1.32;0.230
20251009;17.93;17.4;17.94;17.38;7703740;135012223;3.45;-2.9;-0.520
20250930;17.61;17.92;18.28;17.61;8046100;144382229;3.61;2.28;0.400
20250929;17.47;17.52;17.73;17.37;4122100;72345836;1.85;-0.23;-0.040
20250926;17.24;17.56;17.79;17.08;6360100;111615958;2.85;1.68;0.290
20250925;17.55;17.27;17.6;17.19;4311279;74932788;1.93;-1.03;-0.180
20250924;17.5;17.45;17.5;17.2;5639220;98043883;2.53;-0.4;-0.070
20250923;16.76;17.52;17.58;16.66;9285100;158791603;4.16;3.98;0.670
20250922;16.88;16.85;17.14;16.77;2767700;46788090;1.24;-0.18;-0.030
20250919;17.15;16.88;17.15;16.74;4152900;70154419;1.86;-0.94;-0.160
20250918;17.55;17.04;17.66;16.94;7207101;125019356;3.23;-2.57;-0.450
20250917;17.37;17.49;17.85;17.21;7190080;125889655;3.22;0.69;0.120
20250916;16.95;17.37;17.43;16.87;6042112;104106534;2.71;2.48;0.420
20250915;16.61;16.95;17.18;16.61;5644320;95606812;2.53;1.8;0.300
20250912;16.99;16.65;17.0;16.62;3301640;55350461;1.48;-1.77;-0.300
20250911;16.63;16.95;16.96;16.34;4653680;77792318;2.09;1.74;0.290
20250910;16.78;16.66;16.99;16.56;3099612;51890726;1.39;-0.24;-0.040
20250909;16.99;16.7;16.99;16.62;2952379;49474470;1.32;-1.24;-0.210
20250908;16.75;16.91;16.96;16.64;3945700;66414189;1.77;1.26;0.210
20250905;16.36;16.7;16.7;16.21;3415900;56386639;1.53;2.39;0.390
20250904;16.53;16.31;16.65;16.1;4746650;77904199;2.13;-0.85;-0.140
20250903;16.94;16.45;17.47;16.44;4889520;82089298;2.19;-2.66;-0.450
20250902;16.76;16.9;16.98;16.44;5861060;98001333;2.63;-0.12;-0.020
20250901;16.96;16.92;17.08;16.79;3823420;64530998;1.71;-0.47;-0.080
20250829;16.99;17.0;17.07;16.83;3663840;62079461;1.64;0.0;0.000
20250828;17.0;17.0;17.15;16.44;6306140;105936266;2.83;-0.18;-0.030
20250827;17.57;17.03;17.72;16.98;6856702;118988322;3.07;-3.24;-0.570
20250826;17.48;17.6;17.75;17.45;5235920;92316249;2.35;1.03;0.180
20250825;17.5;17.42;17.59;17.24;5456640;94987704;2.45;0.0;0.000
20250822;17.5;17.42;17.59;17.3;4083583;71154168;1.83;-0.46;-0.080
20250821;17.68;17.5;17.72;17.34;4790783;83994856;2.15;-0.85;-0.150
20250820;17.2;17.65;17.72;17.1;6581420;114395860;2.95;2.08;0.360
20250819;16.82;17.29;17.34;16.65;7465200;127221238;3.35;2.73;0.460
20250818;16.9;16.83;17.01;16.81;4721100;79850340;2.12;-0.36;-0.060
20250815;16.58;16.89;16.89;16.56;4119600;69307762;1.85;1.87;0.310
20250814;17.1;16.58;17.12;16.54;4978000;83363143;2.23;-2.41;-0.410
20250813;16.83;16.99;17.12;16.72;5263320;88898530;2.36;1.13;0.190
20250812;16.75;16.8;16.87;16.72;3712600;62313260;1.66;0.3;0.050
20250811;16.57;16.75;16.98;16.48;5353300;89695649;2.4;1.64;0.270
20250808;16.4;16.48;16.52;16.24;3655540;59966163;1.64;0.61;0.100
20250807;16.67;16.38;16.67;16.36;3464740;56940888;1.55;-1.27;-0.210
20250806;16.42;16.59;16.6;16.36;3814000;63051841;1.71;0.97;0.160
20250805;16.35;16.43;16.5;16.23;4297140;70488787;1.93;1.29;0.210
20250804;15.95;16.22;16.24;15.83;3637500;58580916;1.63;1.76;0.280
20250801;15.82;15.94;16.03;15.8;2321500;36977045;1.04;0.89;0.140
20250731;15.93;15.8;16.13;15.72;3992600;63669161;1.79;-0.82;-0.130
20250730;16.12;15.93;16.2;15.8;4725100;75420063;2.12;-1.48;-0.240
20250729;16.4;16.17;16.45;16.06;4251500;68714911;1.91;-1.58;-0.260
20250728;16.3;16.43;16.78;16.3;6160320;101843460;2.76;1.11;0.180
20250725;16.11;16.25;16.29;16.05;4265340;69204041;1.91;0.93;0.150
20250724;16.04;16.1;16.18;16.02;3329040;53589899;1.49;0.56;0.090
20250723;16.17;16.01;16.19;15.97;3773040;60627987;1.69;-0.74;-0.120
20250722;16.27;16.13;16.35;16.08;4100882;66348007;1.84;-0.86;-0.140
20250721;16.26;16.27;16.36;16.08;4407240;71575783;1.98;0.87;0.140
20250718;16.17;16.13;16.29;16.01;2994200;48190305;1.34;-0.25;-0.040
20250717;16.19;16.17;16.3;16.13;3939200;63847549;1.77;-0.19;-0.030
20250716;16.06;16.2;16.25;16.01;4838100;78111991;2.17;0.93;0.150
20250715;16.2;16.05;16.2;15.8;5955760;95251826;2.67;-0.93;-0.150
20250714;15.96;16.2;16.33;15.9;5782780;93293807;2.59;1.57;0.250
20250711;15.95;15.95;16.01;15.83;3973400;63280682;1.78;0.06;0.010
20250710;15.9;15.94;15.99;15.76;3824220;60745104;1.71;0.25;0.040
20250709;15.81;15.9;16.07;15.78;5383020;85578553;2.41;0.95;0.150
20250708;15.53;15.75;15.78;15.46;2784060;43743452;1.25;1.42;0.220
20250707;15.5;15.53;15.55;15.31;1885900;29124292;0.85;0.52;0.080
20250704;15.75;15.45;15.75;15.45;2940900;45715030;1.32;-1.78;-0.280
20250703;15.64;15.73;15.75;15.61;2668500;41868450;1.2;0.58;0.090
20250702;15.76;15.64;15.8;15.54;3363400;52678995;1.51;-1.01;-0.160
20250701;16.03;15.8;16.04;15.62;4039760;63692743;1.81;-0.44;-0.070
20250630;15.66;15.87;15.89;15.65;4951340;78321571;2.22;1.41;0.220
20250627;15.78;15.65;16.17;15.49;5325580;83415417;2.39;1.23;0.190
20250626;15.77;15.46;15.78;15.38;4144100;64392654;1.86;-1.47;-0.230
20250625;15.59;15.69;15.72;15.45;4936300;77001965;2.21;1.23;0.190
20250624;15.11;15.5;15.54;15.11;4910000;75776470;2.2;3.13;0.470
20250623;14.83;15.03;15.09;14.81;3101500;46388646;1.39;0.2;0.030
20250620;15.09;15.0;15.42;14.94;3772280;57280997;1.69;-1.06;-0.160
20250619;16.01;15.16;16.01;15.1;8535389;131942809;3.83;-5.84;-0.940
20250618;16.48;16.8;16.97;16.25;9452301;157301813;4.24;2.07;0.340
20250617;16.45;16.46;16.61;16.31;5466820;89784270;2.45;0.06;0.010
20250616;16.15;16.45;16.55;16.11;4911400;80466374;2.2;1.04;0.170
20250613;16.3;16.28;16.74;16.2;6460800;105748850;2.9;-0.97;-0.160
20250612;16.36;16.44;16.59;16.21;7472500;122624122;3.35;0.24;0.040
20250611;15.91;16.4;16.59;15.91;12296060;201490242;5.51;3.73;0.590
20250610;16.05;15.81;16.13;15.6;3996401;63330105;1.79;-1.25;-0.200
20250609;15.89;16.01;16.07;15.88;3417600;54665741;1.53;0.82;0.130
20250606;15.87;15.88;15.88;15.62;3104370;49023829;1.39;0.32;0.050
20250605;15.75;15.83;15.89;15.59;3132500;49413234;1.4;0.19;0.030
20250604;15.69;15.8;15.91;15.62;3117700;49189738;1.4;1.15;0.180
20250603;15.4;15.62;15.7;15.39;2853200;44498282;1.28;0.06;0.010
20250530;16.07;15.61;16.15;15.52;7187400;112974437;3.22;-3.58;-0.580
20250529;15.81;16.19;16.35;15.81;5102900;82620023;2.29;2.02;0.320
20250528;15.87;15.87;16.14;15.78;3172960;50561413;1.42;0.0;0.000
20250527;15.98;15.87;16.0;15.63;3777900;59680164;1.69;-0.69;-0.110
20250526;15.98;15.98;16.12;15.78;3845220;61263506;1.72;0.25;0.040
20250523;16.08;15.94;16.39;15.93;4931499;79643887;2.21;-0.75;-0.120
20250522;16.2;16.06;16.46;16.02;4772720;77382184;2.14;-1.65;-0.270
20250521;16.67;16.33;16.67;16.26;5373940;88014969;2.41;-1.92;-0.320
20250520;16.48;16.65;16.69;16.2;7094560;116984711;3.18;0.91;0.150
20250519;17.0;16.5;17.02;16.35;10712800;176748386;4.8;-2.94;-0.500
20250516;16.01;17.0;17.34;15.91;14941517;250401204;6.7;6.38;1.020
20250515;16.13;15.98;16.15;15.85;3971200;63431217;1.78;-0.99;-0.160
20250514;16.2;16.14;16.26;15.91;5304400;85080988;2.38;-0.62;-0.100
20250513;16.48;16.24;16.5;16.19;5215200;85242130;2.34;-0.18;-0.030
20250512;16.16;16.27;16.4;16.16;4736000;76964035;2.12;1.12;0.180
20250509;16.22;16.09;16.46;15.94;5862100;94429189;2.63;-1.11;-0.180
20250508;15.91;16.27;16.32;15.91;6226200;101039495;2.79;1.43;0.230
20250507;16.1;16.04;16.3;15.85;8828160;142087351;3.96;0.88;0.140
20250506;15.73;15.9;15.9;15.62;6708100;106021434;3.01;2.19;0.340
20250430;15.31;15.56;15.68;15.13;6354880;97938659;2.85;2.17;0.330
20250429;14.75;15.23;15.28;14.69;6861720;103878687;3.08;3.82;0.560
20250428;15.02;14.67;15.02;14.64;5146100;75779464;2.31;-2.27;-0.340
20250425;15.08;15.01;15.15;14.84;4716641;70737460;2.11;-0.33;-0.050
20250424;15.01;15.06;15.34;14.86;8184100;123640334;3.67;0.4;0.060
20250423;14.51;15.0;15.25;14.51;10814280;161226145;4.85;3.95;0.570
20250422;14.88;14.43;14.88;14.3;8817680;127328370;3.95;-2.89;-0.430
20250421;14.44;14.86;14.88;14.35;4062920;59875577;1.82;2.55;0.370
20250418;14.42;14.49;14.58;14.25;2641800;38025935;1.18;0.49;0.070
20250417;14.32;14.42;14.57;14.25;2737600;39608756;1.23;0.63;0.090
20250416;14.7;14.33;14.73;14.1;4253800;61206662;1.91;-2.58;-0.380
20250415;14.83;14.71;14.9;14.49;4177520;61276171;1.87;-0.07;-0.010
20250414;14.6;14.72;14.88;14.48;5898800;86721845;2.64;2.58;0.370
20250411;14.0;14.35;14.45;14.0;5096300;73021837;2.28;1.06;0.150
20250410;14.17;14.2;14.48;13.91;7788800;111373314;3.49;3.27;0.450
20250409;13.14;13.75;13.82;12.3;10537469;139665831;4.72;3.31;0.440
20250408;14.08;13.31;14.35;13.09;12116800;163149019;5.43;-7.31;-1.050
20250407;14.99;14.36;15.07;14.36;5459739;79024816;2.45;-9.97;-1.590
20250403;16.1;15.95;16.34;15.78;5213485;83599610;2.34;-2.57;-0.420
20250402;16.3;16.37;16.54;16.15;4148780;68013335;1.86;0.43;0.070
20250401;16.55;16.3;16.59;16.24;5714959;93715901;2.56;-0.67;-0.110
20250331;16.35;16.41;16.55;15.86;7502474;121398054;3.36;-0.06;-0.010
20250328;16.42;16.42;16.75;16.35;7523300;124313154;3.37;-0.48;-0.080
20250327;17.2;16.5;17.26;16.47;15544881;260994940;6.97;-5.34;-0.930
20250326;17.29;17.43;17.93;17.29;9551118;167975350;4.28;1.04;0.180
20250325;17.85;17.25;17.89;17.1;10666908;185873683;4.78;-1.71;-0.300
20250324;18.19;17.55;18.45;17.23;18331013;324453429;8.22;-3.52;-0.640
20250321;20.17;18.19;20.28;18.19;27244918;513969789;12.21;-9.59;-1.930
20250320;20.2;20.12;21.57;19.05;35737755;718133476;16.02;-3.27;-0.680
20250319;21.28;20.8;22.8;20.53;34618637;746307552;15.52;0.24;0.050
20250318;21.5;20.75;21.99;20.26;32941667;690543332;14.77;-3.94;-0.850
20250317;20.65;21.6;21.6;20.51;20699470;441897010;9.28;9.98;1.960
20250314;18.08;19.64;19.64;17.47;21796119;405257193;9.77;10.03;1.790
20250313;19.04;17.85;19.38;17.52;25887439;470358481;11.61;-4.08;-0.760
20250312;16.97;18.61;18.61;16.66;28197955;503843621;12.64;9.99;1.690
20250311;16.27;16.92;17.1;16.27;12223300;203943429;5.48;3.05;0.500
20250310;15.98;16.42;16.8;15.82;12267260;200864737;5.5;3.34;0.530
20250307;15.57;15.89;15.95;15.48;5822960;91984095;2.61;1.99;0.310
20250306;15.48;15.58;15.74;15.48;3893080;60772367;1.75;0.65;0.100
20250305;15.3;15.48;15.48;15.18;2638780;40436076;1.18;1.04;0.160
20250304;14.99;15.32;15.49;14.84;3834700;58572767;1.72;2.13;0.320
20250303;15.4;15.0;15.52;14.91;5269500;80173143;2.36;-1.32;-0.200
20250228;15.46;15.2;16.2;15.19;7445800;115800756;3.34;-0.78;-0.120
20250227;15.38;15.32;15.45;15.02;3253470;49599630;1.46;-0.39;-0.060
20250226;15.05;15.38;15.57;15.05;4318480;66361169;1.94;2.12;0.320
20250225;14.91;15.06;15.25;14.91;2806720;42362295;1.26;0.0;0.000
20250224;15.31;15.06;15.48;14.97;4710380;71193776;2.11;-2.14;-0.330
20250221;15.08;15.39;15.8;14.91;6094620;93811398;2.73;1.92;0.290
20250220;15.21;15.1;15.23;14.97;3048212;45980616;1.37;-0.07;-0.010
20250219;14.75;15.11;15.11;14.7;4083332;61329522;1.83;2.72;0.400
20250218;14.81;14.71;15.03;14.6;2942100;43693984;1.32;-0.74;-0.110
20250217;14.65;14.82;14.82;14.65;2098540;30943236;0.94;0.88;0.130
20250214;14.69;14.69;14.84;14.6;2108780;31047576;0.95;0.82;0.120
20250213;14.98;14.57;14.98;14.52;3078780;45249250;1.38;-2.67;-0.400
20250212;14.83;14.97;14.97;14.79;2071100;30887463;0.93;0.47;0.070
20250211;15.07;14.9;15.07;14.83;2278100;33972215;1.02;-0.6;-0.090
20250210;14.89;14.99;15.03;14.66;3105240;46109531;1.39;1.08;0.160
20250207;14.8;14.83;15.14;14.6;3865740;57531270;1.73;0.0;0.000
20250206;14.33;14.83;14.83;14.31;2948405;43091491;1.32;3.49;0.500
20250205;14.62;14.33;14.63;14.31;2252140;32515058;1.01;-1.38;-0.200
20250127;14.53;14.53;14.76;14.52;1899200;27780443;0.85;0.21;0.030
20250124;14.45;14.5;14.57;14.19;2576240;37066673;1.15;1.4;0.200
20250123;14.53;14.3;14.65;14.28;2810200;40617378;1.26;-1.31;-0.190
20250122;14.65;14.49;14.73;14.44;1982200;28830757;0.89;-1.09;-0.160
20250121;14.49;14.65;14.68;14.47;2675500;38971333;1.2;1.17;0.170
20250120;14.48;14.48;14.55;14.32;1921000;27749090;0.86;0.0;0.000
20250117;14.23;14.48;14.55;14.18;2714400;39011347;1.22;1.12;0.160
20250116;14.2;14.32;14.56;14.11;3807300;54645615;1.71;0.85;0.120
20250115;13.96;14.2;14.24;13.9;3487890;49214909;1.56;1.72;0.240
20250114;13.34;13.96;13.97;13.34;3287532;45396983;1.47;4.49;0.600
20250113;13.11;13.36;13.4;12.98;1673700;22140145;0.75;0.75;0.100
20250110;13.39;13.26;13.65;13.26;1868100;25163299;0.84;-0.97;-0.130
20250109;13.41;13.39;13.48;13.2;1435100;19237839;0.64;0.07;0.010
20250108;13.3;13.38;13.44;12.95;2075040;27513781;0.93;0.6;0.080
20250107;13.16;13.3;13.41;13.14;1841670;24472162;0.83;0.99;0.130
20250106;12.9;13.17;13.28;12.5;2614900;34055843;1.17;1.78;0.230
20250103;13.48;12.94;13.53;12.92;2916852;38428269;1.31;-3.72;-0.500
20250102;13.73;13.44;13.98;13.29;3050895;41629476;1.37;-2.82;-0.390