20250930;16.94;17.09;17.19;16.83;578834;9845589;2.01;0.89;0.150
20250929;16.84;16.94;17.15;16.66;527546;8886504;1.83;0.24;0.040
20250926;17.02;16.9;17.37;16.65;811560;13761888;2.82;-0.71;-0.120
20250925;17.6;17.02;17.6;16.97;989867;17057018;3.44;-3.68;-0.650
20250924;17.22;17.67;17.86;16.88;1084097;18891614;3.77;3.39;0.580
20250923;18.2;17.09;18.25;16.63;1567985;26807652;5.45;-4.9;-0.880
20250922;18.7;17.97;19.0;17.83;1201224;21843419;4.17;-4.92;-0.930
20250919;19.26;18.9;19.26;18.41;936418;17480316;3.25;1.29;0.240
20250918;19.46;18.66;19.46;18.4;1853197;34894771;6.44;-2.05;-0.390
20250917;18.46;19.05;19.19;18.38;1695637;32106444;5.89;3.76;0.690
20250916;18.4;18.36;18.56;18.06;641287;11764989;2.23;0.0;0.000
20250915;18.37;18.36;18.69;18.24;1056094;19494427;3.67;-1.5;-0.280
20250912;18.91;18.64;18.97;18.55;1046350;19624355;3.64;-0.8;-0.150
20250911;19.21;18.79;19.72;18.7;1806910;34511877;6.28;-1.73;-0.330
20250910;19.25;19.12;19.55;19.03;1190768;22995924;4.14;-0.78;-0.150
20250909;19.3;19.27;19.58;18.89;1158472;22192626;4.03;-0.16;-0.030
20250908;19.38;19.3;19.78;19.19;1544881;30047549;5.37;0.26;0.050
20250905;18.3;19.25;19.27;18.3;2089181;39668919;7.26;5.77;1.050
20250904;17.29;18.2;18.69;17.29;854909;15645016;2.97;0.83;0.150
20250903;18.61;18.05;18.83;17.9;663683;12175231;2.31;-3.01;-0.560
20250902;18.69;18.61;18.83;17.82;982212;18132166;3.41;1.2;0.220
20250901;18.83;18.39;18.83;18.02;873951;15949051;3.04;0.99;0.180
20250829;17.98;18.21;18.42;17.77;1130109;20528095;3.93;2.3;0.410
20250828;17.97;17.8;18.43;17.2;1706887;30393785;5.93;-0.95;-0.170
20250827;18.78;17.97;18.78;17.96;1294777;23837012;4.5;-3.59;-0.670
20250826;18.93;18.64;19.1;18.59;1102005;20734872;3.83;-1.27;-0.240
20250825;19.33;18.88;19.33;18.53;1535513;28891587;5.34;-1.67;-0.320
20250822;19.37;19.2;19.51;18.95;1263092;24284175;4.39;-0.47;-0.090
20250821;19.35;19.29;20.04;19.22;1696483;33294273;5.9;-2.23;-0.440
20250820;19.49;19.73;19.98;19.04;2162958;42377704;7.52;1.28;0.250
20250819;18.98;19.48;19.87;18.81;2719516;52700384;9.45;3.84;0.720
20250818;18.07;18.76;18.88;18.04;1249742;23280103;4.34;3.88;0.700
20250815;18.05;18.06;18.17;17.73;1231689;22194433;4.28;2.96;0.520
20250814;18.28;17.54;18.33;17.51;1374211;24495036;4.78;-4.31;-0.790
20250813;18.9;18.33;18.9;18.29;1425648;26313384;4.95;-2.4;-0.450
20250812;19.11;18.78;19.3;18.61;2073448;39408013;7.21;-1.11;-0.210
20250811;19.0;18.99;19.28;18.64;1782508;33791307;6.19;-0.31;-0.060
20250808;18.85;19.05;19.05;18.24;1242558;23010268;4.32;1.65;0.310
20250807;18.73;18.74;18.93;18.6;909419;17042880;3.16;0.11;0.020
20250806;18.99;18.72;18.99;18.5;1119643;20961945;3.89;-1.16;-0.220
20250805;18.49;18.94;19.0;18.3;1415280;26568664;4.92;2.6;0.480
20250804;18.58;18.46;18.58;18.04;987336;18058991;3.43;0.87;0.160
20250801;18.35;18.3;19.15;18.25;1666418;31188948;5.79;0.27;0.050
20250731;18.7;18.25;19.38;18.25;1679479;31571839;5.84;-3.69;-0.700
20250730;19.41;18.95;19.55;18.58;2139309;40477122;7.43;-3.12;-0.610
20250729;20.2;19.56;20.68;19.0;3919527;76615456;13.62;-2.69;-0.540
20250728;19.0;20.1;20.35;18.65;4632878;91126081;16.1;8.47;1.570
20250725;18.9;18.53;19.0;18.33;1127876;20978040;3.92;-1.7;-0.320
20250724;18.33;18.85;18.92;18.18;1454506;27104423;5.05;3.34;0.610
20250723;18.95;18.24;19.12;18.18;2227509;41680161;7.74;-4.45;-0.850
20250722;17.8;19.09;19.45;17.71;3973133;73807368;13.81;7.79;1.380
20250721;17.22;17.71;17.71;17.14;1194573;20884213;4.15;3.33;0.570
20250718;17.25;17.14;17.32;17.08;904276;15527909;3.14;-0.58;-0.100
20250717;17.33;17.24;17.44;17.14;1106743;19080408;3.85;-0.4;-0.070
20250716;17.47;17.31;17.8;17.22;970127;16947304;3.37;-1.2;-0.210
20250715;17.92;17.52;17.92;17.46;554250;9743822;1.93;-1.9;-0.340
20250714;17.65;17.86;17.91;17.61;798338;14197032;2.77;1.77;0.310
20250711;17.57;17.55;17.69;17.37;750224;13185480;2.61;0.4;0.070
20250710;17.59;17.48;17.59;17.2;737059;12786920;2.56;0.46;0.080
20250709;17.7;17.5;17.93;17.46;884073;15652711;3.07;-0.96;-0.170
20250708;17.7;17.67;17.75;17.5;678289;11953246;2.36;0.8;0.140
20250707;17.48;17.53;17.93;17.39;835784;14746726;2.9;0.29;0.050
20250704;17.75;17.48;17.94;17.41;1168642;20573000;4.06;-1.85;-0.330
20250703;18.2;17.81;18.27;17.72;1085941;19487735;3.77;-0.17;-0.030
20250702;17.88;17.84;18.02;17.6;1150461;20484371;4.0;0.22;0.040
20250701;18.2;17.8;18.28;17.65;1555897;27920075;5.41;-1.82;-0.330
20250630;18.56;18.13;18.56;18.0;1214914;22031167;4.22;0.11;0.020
20250627;18.0;18.11;18.8;17.8;1809734;32749707;6.29;0.22;0.040
20250626;17.77;18.07;18.2;17.63;1848374;33208068;6.42;2.21;0.390
20250625;17.7;17.68;17.89;17.33;2048735;36038048;7.12;-0.11;-0.020
20250624;17.0;17.7;17.96;16.82;4089918;71509745;14.21;1.03;0.180
20250623;17.0;17.52;18.18;17.0;3954285;69397125;13.74;4.1;0.690
20250620;17.58;16.83;17.98;16.83;3242867;56039606;11.27;-6.08;-1.090
20250619;18.8;17.92;19.18;17.87;4811489;88609850;16.72;-6.47;-1.240
20250618;20.0;19.16;22.5;19.12;5610302;116032343;19.5;-5.62;-1.140
20250617;19.88;20.3;20.68;19.11;4638901;91253608;16.12;0.1;0.020
20250616;18.81;20.28;20.48;18.6;5775059;114070118;20.07;6.62;1.260
20250613;18.15;19.02;19.61;18.08;5294773;100361918;18.4;5.32;0.960
20250612;18.3;18.06;18.36;17.86;1612084;29049551;5.6;-1.2;-0.220
20250611;17.66;18.28;18.5;17.66;3104161;56126356;10.79;3.22;0.570
20250610;17.68;17.71;17.73;17.03;1835574;32150930;6.38;0.17;0.030
20250609;17.43;17.68;17.68;17.31;1588413;27877456;5.52;1.32;0.230
20250606;17.2;17.45;17.51;16.89;1432051;24731572;4.98;1.45;0.250
20250605;17.52;17.2;17.63;17.06;1349413;23334623;4.69;-1.49;-0.260
20250604;17.38;17.46;17.69;17.2;1519813;26585396;5.28;0.63;0.110
20250603;17.08;17.35;17.36;16.51;1557465;26581150;5.41;2.06;0.350
20250530;17.9;17.0;17.9;16.84;2143329;37017834;7.45;-4.71;-0.840
20250529;17.4;17.84;17.84;17.05;2750277;48283288;9.56;2.59;0.450
20250528;17.98;17.39;17.98;17.01;2862152;49822991;9.95;-3.34;-0.600
20250527;18.23;17.99;18.55;17.64;3737333;66989478;12.99;-2.18;-0.400
20250526;18.7;18.39;18.88;17.75;5355967;97321715;18.61;-5.5;-1.070
20250523;18.88;19.46;19.93;18.1;7508122;140618467;26.09;-4.23;-0.860
20250522;18.9;20.32;23.0;18.8;10347171;219602752;35.96;10.98;2.010
20250521;17.46;18.31;20.38;17.43;6079344;110896568;21.13;6.45;1.110
20250520;16.52;17.2;17.22;16.39;1961841;33300540;6.82;4.69;0.770
20250519;16.66;16.43;16.66;16.14;880994;14423682;3.06;-0.9;-0.150
20250516;16.5;16.58;16.71;16.4;680824;11269079;2.37;0.12;0.020
20250515;16.32;16.56;16.72;16.08;1565743;25786617;5.44;2.29;0.370
20250514;16.09;16.19;16.31;15.7;1226214;19606481;4.26;1.0;0.160
20250513;16.91;16.03;16.91;15.7;1105917;17899573;3.84;-0.93;-0.150
20250512;16.28;16.18;16.38;15.95;849728;13743005;2.95;0.62;0.100
20250509;16.21;16.08;16.37;15.69;1191149;19103230;4.14;-0.74;-0.120
20250508;15.5;16.2;16.41;15.33;1642849;26398246;5.71;3.91;0.610
20250507;15.88;15.59;16.17;15.58;1646634;26058798;5.72;-0.13;-0.020
20250506;15.21;15.61;15.73;15.21;1347634;20933523;4.68;3.24;0.490
20250430;14.54;15.12;15.33;14.54;1170865;17683009;4.07;4.06;0.590
20250429;14.0;14.53;14.93;13.86;913195;13317362;3.17;2.9;0.410
20250428;14.64;14.12;14.85;14.03;734281;10522282;2.55;-4.08;-0.600
20250425;14.94;14.72;14.96;14.6;550128;8113268;1.91;-0.34;-0.050
20250424;15.45;14.77;15.5;14.56;1136657;16968596;3.95;-3.15;-0.480
20250423;15.19;15.25;15.54;15.02;1439315;22041919;5.0;0.93;0.140
20250422;15.43;15.11;15.46;15.09;985499;15062448;3.42;-2.07;-0.320
20250421;15.25;15.43;15.57;15.25;1014065;15621776;3.52;-0.39;-0.060
20250418;15.36;15.49;15.64;15.33;1394649;21568200;4.85;-0.64;-0.100
20250417;15.15;15.59;15.75;14.93;2291399;35278004;7.96;2.57;0.390
20250416;15.0;15.2;15.28;14.58;1777625;26540583;6.18;1.0;0.150
20250415;15.0;15.05;15.12;14.52;1583716;23475430;5.5;1.28;0.190
20250414;14.52;14.86;15.28;14.52;1665520;24788655;5.79;3.7;0.530
20250411;14.26;14.33;14.84;13.91;1794151;26007645;6.23;0.49;0.070
20250410;13.7;14.26;14.75;13.7;2359117;34030946;8.2;3.94;0.540
20250409;12.61;13.72;13.94;12.14;1979734;26156818;6.88;8.8;1.110
20250408;11.5;12.61;12.65;11.5;1706501;20692403;5.93;10.61;1.210
20250407;13.48;11.4;13.48;10.27;2119708;26148439;7.37;-19.26;-2.720
20250403;13.83;14.12;14.12;13.66;1076188;14940712;3.74;2.1;0.290
20250402;13.9;13.83;14.09;13.66;629060;8718423;2.19;-0.65;-0.090
20250401;13.64;13.92;13.96;13.46;1363065;18782468;4.74;3.8;0.510
20250331;13.99;13.41;13.99;13.23;1136970;15336736;3.95;-4.62;-0.650
20250328;15.05;14.06;15.11;14.0;1798211;26059004;6.25;-6.95;-1.050
20250327;14.45;15.11;15.18;14.31;1610842;23964897;5.6;2.86;0.420
20250326;14.89;14.69;15.31;14.66;1441092;21537528;5.01;-2.59;-0.390
20250325;14.31;15.08;15.3;14.31;2258834;33336564;7.85;4.72;0.680
20250324;14.3;14.4;14.49;13.6;1390768;19531415;4.83;1.77;0.250
20250321;14.57;14.15;14.98;14.03;2521366;35760142;8.76;-4.0;-0.590
20250320;15.51;14.74;15.95;14.53;3153006;48068891;10.96;-6.29;-0.990
20250319;18.12;15.73;18.12;15.7;3774271;62628793;13.12;-13.57;-2.470
20250318;17.91;18.2;18.44;17.79;2058521;37159579;7.15;1.45;0.260
20250317;18.2;17.94;18.34;17.55;2636783;47373742;9.16;2.87;0.500
20250314;16.82;17.44;17.6;16.56;3138203;53754921;10.91;5.38;0.890
20250313;17.25;16.55;17.69;16.28;2580251;43574213;8.97;-1.95;-0.330
20250312;16.66;16.88;17.49;16.66;3406440;58181484;11.84;3.56;0.580
20250311;16.0;16.3;16.3;15.8;1405103;22548479;4.88;0.74;0.120
20250310;16.3;16.18;16.69;15.78;1820403;29571978;6.33;-0.8;-0.130
20250307;15.8;16.31;16.45;15.35;2256075;36258505;7.84;3.36;0.530
20250306;16.55;15.78;16.77;15.55;3485321;55836365;12.11;-5.85;-0.980
20250305;15.91;16.76;16.89;15.91;3063407;50493385;10.65;3.46;0.560
20250304;16.05;16.2;16.35;15.36;3396172;54113964;11.8;1.89;0.300
20250303;14.8;15.9;16.49;14.8;4384998;68911061;15.24;6.0;0.900
20250228;14.45;15.0;15.43;14.3;3409900;51201543;11.85;2.95;0.430
20250227;14.33;14.57;14.58;14.13;1387654;19980064;4.82;1.75;0.250
20250226;13.85;14.32;14.36;13.82;1320646;18714437;4.59;4.22;0.580
20250225;13.72;13.74;14.13;13.62;914024;12690124;3.18;-2.83;-0.400
20250224;14.2;14.14;14.37;13.96;1239877;17551201;4.31;-0.42;-0.060
20250221;14.11;14.2;14.35;13.84;1861788;26252932;6.47;0.28;0.040
20250220;13.37;14.16;14.3;13.3;2452212;33957291;8.52;4.66;0.630
20250219;13.49;13.53;13.63;13.2;1010827;13579429;3.51;1.42;0.190
20250218;13.8;13.34;14.08;13.31;1527571;21032365;5.31;-2.63;-0.360
20250217;13.87;13.7;14.1;13.51;1304731;17871611;4.53;0.37;0.050
20250214;13.21;13.65;13.85;13.1;2035992;27433247;7.08;2.94;0.390
20250213;13.3;13.26;13.84;13.25;1884901;25441130;6.55;-1.7;-0.230
20250212;13.12;13.49;13.55;13.12;1759444;23519255;6.11;2.2;0.290
20250211;12.76;13.2;13.45;12.74;2601225;34097159;9.04;2.33;0.300
20250210;12.2;12.9;12.98;12.15;2873697;36530943;9.99;5.74;0.700
20250207;11.88;12.2;12.66;11.82;2622717;32217126;9.11;2.18;0.260
20250206;11.25;11.94;11.95;11.09;1706201;19650990;5.93;5.01;0.570
20250205;11.7;11.37;11.76;11.25;921728;10499516;3.2;-1.81;-0.210
20250127;11.75;11.58;12.0;11.57;798980;9375016;2.78;-1.11;-0.130
20250124;11.64;11.71;11.84;11.4;1090109;12706554;3.79;0.69;0.080
20250123;11.94;11.63;12.2;11.55;1281446;15256587;4.45;-0.26;-0.030
20250122;12.07;11.66;12.11;11.64;1307389;15494672;4.54;-3.16;-0.380
20250121;12.41;12.04;12.5;12.01;2447119;29930322;8.5;-3.68;-0.460
20250120;12.0;12.5;13.0;11.65;3399894;41187731;11.82;5.13;0.610
20250117;11.7;11.89;12.38;11.65;3415326;41237829;11.87;2.06;0.240
20250116;11.5;11.65;11.87;11.36;1709182;19865863;5.94;1.92;0.220
20250115;11.33;11.43;11.8;11.21;2330933;26916371;8.1;0.88;0.100
20250114;10.49;11.33;11.37;10.45;2080561;22935673;7.23;8.73;0.910
20250113;10.66;10.42;10.8;10.33;1044677;11002686;3.63;-3.52;-0.380
20250110;11.6;10.8;11.63;10.8;1566936;17556555;5.45;-6.41;-0.740
20250109;11.18;11.54;11.76;11.1;1988972;22928086;6.91;2.49;0.280
20250108;11.25;11.26;11.26;10.68;1453250;16041603;5.05;1.62;0.180
20250107;10.92;11.08;11.13;10.6;1289715;13967076;4.48;1.74;0.190
20250106;11.16;10.89;11.25;10.76;1162076;12760307;4.04;-1.36;-0.150
20250103;10.78;11.04;11.2;10.62;1671289;18271230;5.81;2.51;0.270
20250102;10.7;10.77;11.0;10.5;1092491;11755208;3.8;1.41;0.150