20250930;37.44;38.16;38.39;36.77;1389861;52185356;3.22;1.87;0.700
20250929;37.31;37.46;37.74;36.93;1002728;37433198;2.32;1.3;0.480
20250926;38.28;36.98;38.48;36.92;1340224;50006694;3.1;-3.4;-1.300
20250925;38.44;38.28;39.18;38.16;1297979;49939325;3.01;-1.49;-0.580
20250924;37.6;38.86;39.23;37.6;1754386;67662374;4.06;1.91;0.730
20250923;41.99;38.13;41.99;37.91;2911813;113424856;6.75;-6.93;-2.840
20250922;40.99;40.97;42.48;40.58;2877115;119801267;6.66;2.48;0.990
20250919;39.79;39.98;40.8;39.1;2111296;84090583;4.89;-0.79;-0.320
20250918;42.0;40.3;42.48;39.96;3279032;135026385;7.6;-5.35;-2.280
20250917;43.92;42.58;44.99;42.5;3023154;130567849;7.0;-3.95;-1.750
20250916;42.0;44.33;44.48;40.58;4270090;183909736;9.89;6.03;2.520
20250915;39.73;41.81;41.9;39.5;3301852;135293531;7.65;7.12;2.780
20250912;39.81;39.03;40.1;39.0;1724949;67791130;4.0;-1.96;-0.780
20250911;39.02;39.81;40.36;38.79;1830056;72700726;4.24;1.61;0.630
20250910;39.9;39.4;40.49;39.35;2222246;88404224;5.15;-2.33;-0.940
20250909;43.89;40.34;43.89;40.34;4158380;172070534;9.63;-9.37;-4.170
20250908;44.12;44.51;47.0;44.01;4023496;182270943;9.32;-1.55;-0.700
20250905;45.0;45.21;45.66;42.66;4813430;212921209;11.15;3.38;1.480
20250904;43.0;43.73;45.86;43.0;5195014;230301091;12.03;2.24;0.960
20250903;42.21;42.77;43.78;41.69;3181178;135845522;7.37;0.4;0.170
20250902;42.42;42.6;43.65;40.5;3880185;162869229;8.99;1.62;0.680
20250901;40.2;41.92;42.49;39.91;3826097;158301170;8.86;5.17;2.060
20250829;40.75;39.86;41.89;39.86;3091682;126279909;7.16;-2.76;-1.130
20250828;42.77;40.99;42.79;40.6;3551817;147303698;8.23;-3.33;-1.410
20250827;43.01;42.4;43.87;41.6;3902165;165975689;9.04;-2.64;-1.150
20250826;44.4;43.55;45.26;41.3;5806710;250130663;13.45;-3.69;-1.670
20250825;43.8;45.22;45.29;42.28;5200826;227875233;12.05;2.54;1.120
20250822;45.7;44.1;47.57;43.2;5977644;267598883;13.85;-4.71;-2.180
20250821;50.12;46.28;50.89;44.88;7045086;334762958;16.32;-10.71;-5.550
20250820;43.29;51.83;54.48;41.8;9638990;449239681;22.33;19.67;8.520
20250819;42.92;43.31;46.2;41.18;7846932;336967609;18.18;-1.12;-0.490
20250818;36.99;43.8;44.99;36.58;7891414;326823556;18.28;17.36;6.480
20250815;35.0;37.32;38.8;35.0;6693099;247588981;15.5;7.92;2.740
20250814;36.45;34.58;36.5;34.02;5011147;174556592;11.61;-5.13;-1.870
20250813;33.46;36.45;36.5;33.4;7049780;244699824;16.33;5.1;1.770
20250812;35.0;34.68;38.9;33.88;9317535;335941214;21.58;7.7;2.480
20250811;30.8;32.2;32.94;30.75;4270277;136363692;9.89;3.67;1.140
20250808;31.57;31.06;32.0;30.48;5996904;186647889;13.89;-5.59;-1.840
20250807;32.5;32.9;35.95;32.2;8209592;280984800;19.02;10.22;3.050
20250806;29.18;29.85;29.92;29.08;2364687;69949022;5.48;2.3;0.670
20250805;28.8;29.18;29.3;28.63;1507858;43770579;3.49;1.67;0.480
20250804;28.17;28.7;28.7;28.02;638021;18106116;1.48;1.88;0.530
20250801;28.08;28.17;28.66;28.0;785874;22234557;1.82;0.32;0.090
20250731;28.28;28.08;28.68;28.02;841823;23841231;1.95;-0.71;-0.200
20250730;29.1;28.28;29.1;28.01;1287493;36539875;2.98;-2.18;-0.630
20250729;29.2;28.91;29.36;28.75;1203834;34867574;2.79;-0.99;-0.290
20250728;29.24;29.2;29.6;28.9;1529293;44734197;3.54;-0.14;-0.040
20250725;29.21;29.24;29.52;28.86;1332320;38844834;3.09;0.83;0.240
20250724;28.48;29.0;29.2;28.4;1206869;34863703;2.8;1.58;0.450
20250723;28.98;28.55;29.27;28.3;1947576;56069545;4.51;-2.16;-0.630
20250722;29.67;29.18;29.67;28.78;1298938;37865714;3.01;-0.65;-0.190
20250721;29.22;29.37;29.4;29.02;1038062;30375979;2.4;1.21;0.350
20250718;29.42;29.02;29.72;28.88;1490311;43428030;3.45;-1.46;-0.430
20250717;29.88;29.45;29.9;29.21;1919126;56852834;4.45;-0.71;-0.210
20250716;29.3;29.66;29.93;29.0;2205753;65243668;5.11;2.28;0.660
20250715;29.47;29.0;29.92;28.85;1534627;45020988;3.55;-1.56;-0.460
20250714;29.28;29.46;29.5;28.93;1220264;35706538;2.83;0.82;0.240
20250711;28.88;29.22;29.48;28.61;1342624;39071975;3.11;1.88;0.540
20250710;28.49;28.68;29.4;28.3;1392716;39974982;3.23;-0.93;-0.270
20250709;29.47;28.95;29.95;28.0;1684705;49179797;3.9;-1.76;-0.520
20250708;28.93;29.47;29.7;28.93;1505937;44219572;3.49;2.04;0.590
20250707;28.8;28.88;29.41;28.75;1956109;56695659;4.53;-2.23;-0.660
20250704;30.86;29.54;31.48;29.31;4477429;134565752;10.37;-6.61;-2.090
20250703;29.95;31.63;31.87;29.95;4975398;155306551;11.53;5.96;1.780
20250702;30.3;29.85;30.92;29.55;2205949;66428404;5.11;-3.05;-0.940
20250701;30.28;30.79;31.86;29.88;3957448;122361045;9.17;1.65;0.500
20250630;30.53;30.29;30.83;30.0;2143812;65078787;4.97;-0.26;-0.080
20250627;29.66;30.37;30.72;29.31;2836326;85456502;12.19;3.4;1.000
20250626;30.08;29.37;30.44;29.32;2646707;79153143;11.38;-3.36;-1.020
20250625;30.21;30.39;30.53;29.65;2196400;66130414;9.44;0.8;0.240
20250624;28.96;30.15;30.15;28.86;2385592;70502763;10.26;4.43;1.280
20250623;27.42;28.87;29.24;27.32;2265487;64691964;9.74;4.19;1.160
20250620;27.74;27.71;28.25;27.5;1076386;29984626;4.63;-0.47;-0.130
20250619;28.97;27.84;29.26;27.65;1831816;52078279;7.87;-4.33;-1.260
20250618;29.4;29.1;29.52;28.34;1923461;55449932;8.27;-1.52;-0.450
20250617;30.38;29.55;30.4;29.34;1721698;51419346;7.4;-2.57;-0.780
20250616;30.06;30.33;30.43;29.74;1437574;43330279;6.18;0.76;0.230
20250613;30.95;30.1;31.49;30.05;2580688;79382791;11.09;-4.26;-1.340
20250612;30.65;31.44;31.76;30.22;3091098;95767666;13.29;2.24;0.690
20250611;29.86;30.75;30.87;29.73;2562458;78063468;11.02;2.88;0.860
20250610;30.7;29.89;30.87;29.18;2847279;85644041;12.24;-3.46;-1.070
20250609;31.97;30.96;31.97;30.51;2771028;85752203;11.91;-0.35;-0.110
20250606;30.3;31.07;31.47;30.1;3055652;93234387;13.14;0.62;0.190
20250605;30.0;30.88;31.41;29.66;4127483;126655074;17.74;3.52;1.050
20250604;29.65;29.83;30.01;29.38;1983519;58939851;8.53;1.91;0.560
20250603;28.74;29.27;29.46;28.06;1464161;42503859;6.29;1.11;0.320
20250530;30.02;28.95;30.28;28.88;2353313;69086263;10.12;-4.96;-1.510
20250529;29.9;30.46;30.69;29.86;3019857;91367216;12.98;3.78;1.110
20250528;29.65;29.35;30.28;29.02;1918928;57015470;8.25;-1.18;-0.350
20250527;29.36;29.7;29.89;28.5;2106572;61653228;9.06;0.85;0.250
20250526;28.08;29.45;29.45;27.89;2217348;63495260;9.53;5.1;1.430
20250523;28.94;28.02;29.59;27.98;2380052;68615650;10.23;-3.48;-1.010
20250522;30.45;29.03;30.78;28.51;2830973;83099021;12.17;-4.66;-1.420
20250521;30.98;30.45;31.23;30.32;2429383;74488106;10.44;-2.47;-0.770
20250520;29.86;31.22;31.45;29.5;3820669;117618722;16.42;3.86;1.160
20250519;29.3;30.06;30.29;29.18;2285140;68146179;9.82;1.9;0.560
20250516;29.89;29.5;30.66;29.38;2979099;89437844;12.81;-1.99;-0.600
20250515;30.86;30.1;30.88;30.06;4144339;125941176;17.82;-5.2;-1.650
20250514;30.03;31.75;31.79;29.28;5991782;180764142;25.76;3.32;1.020
20250513;34.09;30.73;36.2;30.61;8176177;276647281;35.15;-6.45;-2.120
20250512;32.76;32.85;33.88;30.88;6837419;220719920;29.39;6.62;2.040
20250509;29.88;30.81;30.98;29.06;4155706;125603043;17.86;1.68;0.510
20250508;29.71;30.3;30.97;29.24;4485600;136180482;19.28;0.56;0.170
20250507;30.9;30.13;31.5;29.38;6279343;190415775;26.99;-5.49;-1.750
20250506;27.22;31.88;31.96;26.6;6422146;187905662;27.61;19.85;5.280
20250430;25.49;26.6;26.73;25.17;3172107;83070517;13.64;6.91;1.720
20250429;24.7;24.88;25.16;24.44;2163801;53647613;9.3;2.81;0.680
20250428;25.13;24.2;25.2;24.08;1986254;48944563;8.54;-4.2;-1.060
20250425;25.56;25.26;26.31;25.21;2295268;58972133;9.87;-3.59;-0.940
20250424;26.74;26.2;28.0;25.5;3455635;91856990;14.86;-3.85;-1.050
20250423;27.66;27.25;28.56;26.99;4968339;137524050;21.36;4.57;1.190
20250422;27.25;26.06;27.26;25.95;2613206;69607574;11.23;-4.4;-1.200
20250421;26.9;27.26;27.33;26.01;3382022;90133098;14.54;0.96;0.260
20250418;25.0;27.0;27.1;24.99;3925138;103834363;16.87;5.88;1.500
20250417;26.0;25.5;26.88;25.5;3041806;79934184;13.08;-1.73;-0.450
20250416;26.41;25.95;26.63;25.26;3577917;92980790;15.38;-5.12;-1.400
20250415;28.3;27.35;29.0;26.74;5671200;155953037;24.38;-6.91;-2.030
20250414;33.85;29.38;34.9;29.16;8098288;256631991;34.81;-3.92;-1.200
20250411;29.0;30.58;32.95;28.0;9879548;299427828;42.47;1.39;0.420
20250410;29.99;30.16;30.16;29.91;5092835;153370513;21.89;30.0;6.960
20250409;20.1;23.2;23.73;19.5;3440794;75592009;14.79;11.59;2.410
20250408;20.3;20.79;20.8;19.87;2034260;41309844;8.75;5.11;1.010
20250407;24.07;19.78;25.0;18.51;2513850;54384570;10.81;-25.02;-6.600
20250403;25.88;26.38;26.69;25.87;833510;21938406;3.58;-0.3;-0.080
20250402;26.3;26.46;26.6;26.05;957110;25260845;4.11;0.92;0.240
20250401;26.02;26.22;26.5;26.01;1262359;33152260;5.43;0.77;0.200
20250331;26.7;26.02;26.7;25.05;1604383;41201214;6.9;-1.36;-0.360
20250328;28.3;26.38;28.77;26.11;2112806;58019804;9.08;-6.75;-1.910
20250327;27.8;28.29;28.77;27.33;1888784;52970649;8.12;-0.35;-0.100
20250326;29.17;28.39;29.92;28.39;2575668;74646044;11.07;-1.05;-0.300
20250325;28.18;28.69;28.85;27.7;2531976;72002907;10.88;1.81;0.510
20250324;29.53;28.18;29.75;26.66;3435895;95325837;14.77;-4.8;-1.420
20250321;29.4;29.6;30.01;28.7;2519820;74213883;10.83;1.09;0.320
20250320;30.8;29.28;31.42;29.27;2908275;88213242;12.5;-4.9;-1.510
20250319;31.58;30.79;32.2;30.49;3223719;100369566;13.86;-4.17;-1.340
20250318;33.69;32.13;33.87;32.0;4149587;134727995;17.84;-3.31;-1.100
20250317;33.1;33.23;33.55;32.5;4615708;152105404;19.84;-1.34;-0.450
20250314;35.31;33.68;35.6;32.5;8000892;269503823;34.4;-10.31;-3.870
20250313;36.5;37.55;39.9;35.7;8221976;310006252;35.35;1.32;0.490
20250312;42.0;37.06;43.0;35.66;10023585;379687767;43.09;-4.26;-1.650
20250311;33.0;38.71;38.71;30.02;8261393;306148165;35.51;29.99;8.930
20250310;29.34;29.78;30.4;29.11;2602930;77099442;11.19;-1.29;-0.390
20250307;28.69;30.17;30.5;27.97;3936088;115059663;16.92;7.06;1.990
20250306;29.0;28.18;29.29;27.57;2574139;72715194;11.07;-2.79;-0.810
20250305;28.3;28.99;31.69;27.8;4126561;120740541;17.74;2.8;0.790
20250304;26.3;28.2;28.2;25.68;2924063;80501038;12.57;7.18;1.890
20250303;25.58;26.31;26.4;25.01;1529307;39664850;6.57;4.4;1.110
20250228;27.61;25.2;27.61;25.05;2273799;60089055;9.77;-9.71;-2.710
20250227;26.9;27.91;28.18;26.25;3417815;93535427;14.69;4.1;1.100
20250226;25.7;26.81;27.59;25.7;2770128;73520111;11.91;3.35;0.870
20250225;25.1;25.94;25.94;24.43;1709083;42944467;7.35;2.41;0.610
20250224;25.94;25.33;26.2;25.07;1677340;42949600;7.21;-2.2;-0.570
20250221;25.25;25.9;26.39;25.14;2116910;54376491;9.1;-0.12;-0.030
20250220;26.63;25.93;27.9;25.84;3476347;93080093;14.94;-2.19;-0.580
20250219;24.99;26.51;26.51;24.56;3343738;86190398;14.37;4.87;1.230
20250218;24.35;25.28;25.5;23.7;2240697;55142661;9.63;2.6;0.640
20250217;23.11;24.64;24.69;23.02;1823404;44019218;7.84;5.75;1.340
20250214;24.4;23.3;24.42;23.14;1105098;26010054;4.75;-2.14;-0.510
20250213;24.75;23.81;25.23;23.76;1909993;46662237;8.21;-5.33;-1.340
20250212;25.98;25.15;26.75;24.61;3198644;81196084;13.75;2.11;0.520
20250211;23.8;24.63;25.33;23.07;2557328;62475730;10.99;4.01;0.950
20250210;22.7;23.68;23.75;22.22;1710132;39290898;7.35;4.18;0.950
20250207;21.77;22.73;23.45;21.61;1654736;37578889;7.11;3.37;0.740
20250206;20.96;21.99;21.99;20.43;968909;20710559;4.17;5.67;1.180
20250205;20.69;20.81;20.98;20.31;560689;11576039;2.82;2.46;0.500
20250127;21.14;20.31;21.41;20.3;379948;7912461;1.91;-2.82;-0.590
20250124;20.99;20.9;21.12;20.44;490590;10228533;2.46;0.92;0.190
20250123;21.64;20.71;21.7;20.62;591384;12552218;2.97;-1.05;-0.220
20250122;22.35;20.93;22.35;20.86;789889;16762225;3.97;-5.34;-1.180
20250121;23.0;22.11;23.4;21.92;570916;12728487;2.87;0.14;0.030
20250120;22.88;22.08;23.47;22.0;773726;17545517;3.89;-1.82;-0.410
20250117;22.8;22.49;22.9;22.11;573296;12928483;2.88;-0.93;-0.210
20250116;22.05;22.7;23.08;22.05;1085374;24578035;5.45;2.34;0.520
20250115;22.19;22.18;23.0;21.7;1365698;30783078;6.86;-0.54;-0.120
20250114;20.5;22.3;22.34;20.3;1399903;30049882;7.03;10.89;2.190
20250113;20.85;20.11;20.85;19.69;662535;13462099;3.33;-3.55;-0.740
20250110;22.39;20.85;22.9;20.71;1075924;23743403;5.41;-6.59;-1.470
20250109;22.08;22.32;22.78;22.0;1065143;23964276;5.35;0.31;0.070
20250108;21.68;22.25;22.3;20.5;939237;20330916;4.72;3.1;0.670
20250107;21.28;21.58;21.58;20.33;852841;17931355;4.28;3.11;0.650
20250106;21.4;20.93;21.58;20.31;536824;11345541;2.7;-2.2;-0.470
20250103;21.21;21.4;21.65;20.53;1028455;21818072;5.17;2.1;0.440
20250102;20.81;20.96;21.58;20.26;902909;18952691;4.54;0.87;0.180