20250930;39.28;38.33;39.57;38.32;1280938;49556408;3.13;-1.47;-0.570
20250929;39.77;38.9;40.04;38.7;1442432;56645730;3.52;-1.97;-0.780
20250926;39.59;39.68;40.47;38.59;2225468;87782298;5.43;0.4;0.160
20250925;40.3;39.52;40.33;39.52;1350585;53998053;3.3;-1.3;-0.520
20250924;40.97;40.04;41.32;39.83;1592455;64173159;3.89;-0.32;-0.130
20250923;41.62;40.17;41.9;39.7;2656326;108010366;6.48;-4.15;-1.740
20250922;43.3;41.91;43.32;41.41;3372310;141587340;8.23;-4.97;-2.190
20250919;42.11;44.1;45.99;41.83;5557708;246458339;13.57;4.75;2.000
20250918;42.6;42.1;43.49;42.0;1812730;77245214;4.42;-0.71;-0.300
20250917;42.83;42.4;43.31;42.2;1428198;60741873;3.49;-0.66;-0.280
20250916;43.37;42.68;43.45;42.37;1493657;63842158;3.65;-1.59;-0.690
20250915;44.16;43.37;44.2;42.9;2255034;97643860;5.5;-2.76;-1.230
20250912;43.21;44.6;45.25;43.21;3421500;152830527;8.35;2.72;1.180
20250911;42.37;43.42;45.17;42.07;3713209;163456754;9.06;1.45;0.620
20250910;41.88;42.8;43.8;41.28;2718044;115385484;6.63;2.69;1.120
20250909;43.69;41.68;43.81;41.66;2312333;98515726;5.64;-4.4;-1.920
20250908;43.0;43.6;43.96;42.86;1742209;75940012;4.25;0.23;0.100
20250905;43.46;43.5;43.8;42.79;2606835;112729561;6.36;-0.78;-0.340
20250904;44.23;43.84;45.4;42.88;3183509;140620594;7.77;-2.25;-1.010
20250903;44.0;44.85;45.45;42.61;3266836;144410180;7.97;1.93;0.850
20250902;43.48;44.0;44.92;43.48;2523171;111560688;6.16;0.69;0.300
20250901;43.21;43.7;43.8;42.5;2187230;94333534;5.34;-0.46;-0.200
20250829;44.12;43.9;45.66;43.8;3150677;141250520;7.69;-0.48;-0.210
20250828;44.06;44.11;44.36;42.25;3737059;162319951;9.12;-0.11;-0.050
20250827;45.66;44.16;45.75;43.66;3513651;156717265;8.58;-3.48;-1.590
20250826;46.0;45.75;46.51;45.5;3201739;146677624;7.81;-3.83;-1.820
20250825;45.88;47.57;47.75;45.37;3864079;179374980;9.37;3.39;1.560
20250822;46.33;46.01;46.67;45.3;4060454;185719691;9.84;-1.86;-0.870
20250821;49.0;46.88;49.29;46.6;4905713;234390721;11.89;-2.74;-1.320
20250820;48.79;48.2;49.35;47.57;4657513;224612817;11.29;-3.6;-1.800
20250819;50.05;50.0;52.4;49.79;6419319;326993124;15.56;0.1;0.050
20250818;48.66;49.95;50.86;48.3;6401110;317485050;15.52;2.4;1.170
20250815;47.77;48.78;48.78;46.6;5849202;278626047;14.18;1.22;0.590
20250814;48.01;48.19;50.38;47.59;5364365;264245203;13.0;-1.81;-0.890
20250813;48.71;49.08;50.24;48.48;4940522;243382252;11.98;0.76;0.370
20250812;50.64;48.71;50.64;48.01;6042618;295957694;14.65;-4.08;-2.070
20250811;52.52;50.78;53.53;50.41;8301988;426615662;20.12;-5.84;-3.150
20250808;50.0;53.93;56.88;49.48;12058464;646255604;29.23;5.77;2.940
20250807;49.89;50.99;52.1;49.5;7797109;396419046;18.9;2.18;1.090
20250806;53.0;49.9;53.19;49.35;9745749;493867578;23.62;-5.64;-2.980
20250805;54.98;52.88;56.88;52.1;10961034;590887230;26.57;-7.07;-4.020
20250804;60.59;56.9;63.88;56.69;11775387;713169710;28.54;-4.42;-2.630
20250801;57.0;59.53;62.37;56.56;11722319;694211505;28.42;2.82;1.630
20250731;62.35;57.9;63.8;57.8;13548646;811249124;32.84;-11.39;-7.440
20250730;66.77;65.34;72.93;65.0;14322098;983232872;34.72;-5.03;-3.460
20250729;68.0;68.8;80.1;64.5;18013376;1282956567;43.67;-1.8;-1.260
20250728;55.82;70.06;72.0;54.5;16657901;989023137;40.38;25.26;14.130
20250725;55.0;55.93;58.88;50.45;15413647;825415560;37.36;-0.46;-0.260
20250724;48.99;56.19;56.19;47.51;20783062;1078196753;50.38;29.98;12.960
20250723;43.23;43.23;43.23;43.23;1245610;53847720;3.02;29.98;9.970
20250722;33.26;33.26;33.26;33.26;1115689;37107816;2.7;29.97;7.670
20250721;22.99;25.59;25.59;22.99;13633388;337359459;33.05;29.96;5.900
20250718;19.86;19.69;19.95;19.53;757657;14894999;1.84;-0.81;-0.160
20250717;19.85;19.85;19.93;19.75;414265;8226101;1.0;0.15;0.030
20250716;19.91;19.82;20.12;19.74;691359;13782059;1.68;-0.45;-0.090
20250715;20.06;19.91;20.15;19.6;640978;12719922;1.55;-0.9;-0.180
20250714;19.95;20.09;20.15;19.84;776768;15568593;1.88;0.65;0.130
20250711;20.09;19.96;20.25;19.8;1052519;21084684;2.55;0.25;0.050
20250710;19.54;19.91;19.97;19.3;1246410;24516071;3.02;2.21;0.430
20250709;19.75;19.48;19.91;19.35;731864;14337276;1.77;-0.92;-0.180
20250708;19.29;19.66;19.68;19.29;707165;13832794;1.71;1.6;0.310
20250707;19.37;19.35;19.53;19.13;663573;12835443;1.61;-0.21;-0.040
20250704;20.06;19.39;20.06;19.24;844958;16576842;2.05;-2.76;-0.550
20250703;20.14;20.09;20.28;19.9;688479;13801927;1.67;-0.2;-0.040
20250702;20.19;20.13;20.23;19.95;721501;14513607;1.75;0.25;0.050
20250701;20.03;20.08;20.37;19.8;750748;15077719;1.82;0.25;0.050
20250630;20.16;20.03;20.2;19.85;776481;15516571;1.88;0.1;0.020
20250627;20.0;20.01;20.37;19.95;948849;19080922;2.3;0.2;0.040
20250626;20.0;19.97;20.3;19.81;1114775;22427066;2.7;0.2;0.040
20250625;20.18;19.93;20.18;19.71;1298897;25866361;3.15;-0.15;-0.030
20250624;19.49;19.96;20.1;19.3;1208118;23939039;2.93;2.99;0.580
20250623;18.77;19.38;19.44;18.51;774045;14762705;1.88;3.09;0.580
20250620;18.66;18.8;19.13;18.5;647540;12166841;1.57;0.53;0.100
20250619;19.46;18.7;19.57;18.61;1309821;24955011;3.18;-3.95;-0.770
20250618;19.61;19.47;20.08;19.37;1004820;19715386;2.44;-1.37;-0.270
20250617;20.0;19.74;20.17;19.67;839137;16672482;2.03;-1.45;-0.290
20250616;19.83;20.03;20.1;19.66;874396;17402069;2.12;0.91;0.180
20250613;20.6;19.85;20.99;19.8;1573247;32005914;3.81;-4.01;-0.830
20250612;20.8;20.68;20.83;20.4;1022139;21021892;2.48;-0.05;-0.010
20250611;20.46;20.69;20.77;20.22;1569204;32216226;3.8;1.47;0.300
20250610;20.33;20.39;20.95;20.06;1907216;39084335;4.62;0.69;0.140
20250609;20.12;20.25;20.27;19.96;1183568;23800327;2.87;0.75;0.150
20250606;20.16;20.1;20.48;20.05;1080755;21849588;2.62;-0.45;-0.090
20250605;20.22;20.19;20.41;20.0;1096189;22132544;2.66;0.0;0.000
20250604;19.99;20.19;20.59;19.88;1217998;24686740;2.95;1.56;0.310
20250603;19.58;19.88;19.95;19.31;986055;19412409;2.39;1.43;0.280
20250530;20.13;19.6;20.19;19.55;1270909;25216562;3.08;-2.49;-0.500
20250529;19.71;20.1;20.18;19.5;1462885;29124057;3.55;3.08;0.600
20250528;19.96;19.5;20.28;19.41;983926;19443492;2.39;-1.81;-0.360
20250527;20.23;19.86;20.33;19.61;1127078;22504782;2.73;-1.83;-0.370
20250526;19.25;20.23;20.33;19.03;1669993;33091805;4.05;5.92;1.130
20250523;19.61;19.1;19.98;19.1;1765173;34536432;4.28;-1.9;-0.370
20250522;20.23;19.47;20.96;19.4;3753208;75396124;9.1;-7.64;-1.610
20250521;21.6;21.08;22.0;21.01;3086384;66142032;7.48;-3.17;-0.690
20250520;20.78;21.77;22.22;20.61;3958892;84847495;9.6;4.76;0.990
20250519;20.23;20.78;20.84;19.9;2098652;42911528;5.09;3.59;0.720
20250516;20.35;20.06;20.45;19.99;1572742;31781776;3.81;-0.69;-0.140
20250515;20.3;20.2;20.68;20.1;1836060;37404328;4.45;-0.74;-0.150
20250514;20.02;20.35;20.38;19.48;1774637;35354928;4.3;2.42;0.480
20250513;20.85;19.87;21.05;19.81;3001776;61548442;7.28;-2.88;-0.590
20250512;20.3;20.46;20.97;19.93;3622825;73412438;8.78;-0.39;-0.080
20250509;19.92;20.54;20.86;19.4;5781024;116713204;14.01;7.2;1.380
20250508;19.1;19.16;19.24;18.85;1636919;31273011;3.97;0.74;0.140
20250507;19.43;19.02;19.66;18.61;2183779;41706350;5.29;-1.81;-0.350
20250506;19.0;19.37;19.45;18.6;2123023;40455557;5.15;3.86;0.720
20250430;17.52;18.65;18.77;17.41;3114121;57193988;7.55;6.39;1.120
20250429;17.05;17.53;18.2;17.05;2231163;39445445;5.41;4.59;0.770
20250428;17.67;16.76;17.67;16.61;998019;16870134;2.42;-4.17;-0.730
20250425;17.51;17.49;17.75;17.43;817225;14382881;1.98;-0.06;-0.010
20250424;18.07;17.5;18.15;17.25;1807457;31986495;4.38;-3.15;-0.570
20250423;18.5;18.07;18.68;18.0;1371562;25260050;3.32;-1.42;-0.260
20250422;18.63;18.33;18.7;18.25;1243308;23009255;3.01;-1.61;-0.300
20250421;18.7;18.63;18.86;18.44;1572805;29303345;3.81;0.0;0.000
20250418;18.03;18.63;18.68;18.01;2041471;37711250;4.95;3.44;0.620
20250417;17.65;18.01;18.25;17.57;1395348;25190349;3.38;2.04;0.360
20250416;17.61;17.65;17.95;17.18;1013454;17817687;2.46;-1.01;-0.180
20250415;18.2;17.83;18.2;17.6;1262336;22477093;3.06;-1.55;-0.280
20250414;17.77;18.11;18.5;17.74;1514344;27494458;3.67;2.2;0.390
20250411;17.25;17.72;18.24;17.25;1890036;33611590;4.58;0.68;0.120
20250410;17.21;17.6;18.5;17.21;2881039;51820992;6.98;2.68;0.460
20250409;15.73;17.14;17.45;15.18;2061939;34109343;5.0;8.62;1.360
20250408;14.87;15.78;15.79;14.87;1686533;25809354;4.09;8.16;1.190
20250407;16.01;14.59;16.38;13.62;1884569;28982693;4.57;-14.93;-2.560
20250403;17.0;17.15;17.35;16.7;889826;15216649;2.16;0.88;0.150
20250402;16.91;17.0;17.46;16.89;827449;14171329;2.01;0.59;0.100
20250401;16.69;16.9;17.21;16.64;977812;16582385;2.37;1.26;0.210
20250331;16.91;16.69;17.3;16.12;1579397;26273959;3.83;-4.36;-0.760
20250328;18.63;17.45;18.69;17.36;2353844;42167369;5.71;-6.88;-1.290
20250327;17.93;18.74;19.13;17.71;2486892;45845947;6.03;5.28;0.940
20250326;18.31;17.8;18.78;17.8;1820111;33305339;4.41;-3.73;-0.690
20250325;17.74;18.49;19.08;17.61;2701766;50063356;6.55;4.46;0.790
20250324;17.05;17.7;17.94;16.58;2168516;37272134;5.26;4.12;0.700
20250321;18.24;17.0;18.43;17.0;2518037;44791395;6.1;-7.21;-1.320
20250320;18.65;18.32;19.56;18.15;3269303;61861212;7.93;-2.66;-0.500
20250319;21.0;18.82;21.0;18.7;4611935;91647910;11.18;-13.63;-2.970
20250318;20.5;21.79;21.79;19.92;5011270;104988472;12.15;6.5;1.330
20250317;20.0;20.46;21.4;19.8;4850777;100022197;11.76;5.08;0.990
20250314;19.35;19.47;19.75;19.2;3312487;64415270;8.03;0.72;0.140
20250313;19.58;19.33;20.28;18.61;3850405;73479612;9.33;-2.18;-0.430
20250312;19.12;19.76;19.8;18.61;4590779;88247773;11.13;3.08;0.590
20250311;19.2;19.17;19.54;18.57;4878854;92907782;11.83;-4.91;-0.990
20250310;17.9;20.16;21.45;17.72;8278218;161795898;20.07;13.77;2.440
20250307;16.88;17.72;18.05;16.62;3721641;65458952;9.02;4.6;0.780
20250306;17.42;16.94;17.45;16.5;3068458;52047717;7.44;-3.64;-0.640
20250305;17.23;17.58;18.3;17.04;3699221;65437387;8.97;2.27;0.390
20250304;16.59;17.19;17.28;16.41;2600666;44217753;6.3;3.37;0.560
20250303;16.08;16.63;16.78;15.82;2399528;39405854;5.82;3.42;0.550
20250228;16.0;16.08;16.75;16.0;2340953;38416353;5.67;-1.05;-0.170
20250227;16.07;16.25;16.38;15.81;2183355;35204272;5.29;-0.67;-0.110
20250226;16.16;16.36;16.5;16.05;2391888;38878081;5.8;2.25;0.360
20250225;16.29;16.0;16.72;15.79;2570233;41372671;6.23;-4.31;-0.720
20250224;16.6;16.72;17.58;16.13;4580248;76456952;11.1;3.21;0.520
20250221;16.29;16.2;16.3;15.88;1850274;29791582;4.49;0.0;0.000
20250220;15.98;16.2;16.5;15.64;1740056;27960861;4.22;0.43;0.070
20250219;15.79;16.13;16.17;15.63;1065105;16988466;2.58;1.83;0.290
20250218;16.4;15.84;16.4;15.7;1221853;19530013;2.96;-2.82;-0.460
20250217;15.68;16.3;16.3;15.33;1573504;24901295;3.81;6.82;1.040
20250214;15.3;15.26;15.95;15.02;820551;12519998;1.99;-1.04;-0.160
20250213;16.3;15.42;16.3;15.4;946215;15052212;2.29;-5.34;-0.870
20250212;16.4;16.29;16.76;16.0;1655240;27076146;4.01;-3.21;-0.540
20250211;16.31;16.83;16.83;15.5;2599569;41790687;6.3;7.88;1.230
20250210;14.59;15.6;15.6;14.32;1449665;21428658;3.51;9.55;1.360
20250207;13.81;14.24;14.6;13.46;1210453;17076543;2.93;3.26;0.450
20250206;13.37;13.79;13.8;13.12;782470;10658346;1.9;2.91;0.390
20250205;13.65;13.4;13.66;13.28;260758;3507797;0.63;-0.89;-0.120
20250127;13.72;13.52;13.76;13.41;264773;3594988;0.64;-0.37;-0.050
20250124;13.45;13.57;13.62;13.38;240285;3254095;0.58;0.52;0.070
20250123;13.9;13.5;13.99;13.43;403645;5521430;0.98;0.97;0.130
20250122;13.6;13.37;13.6;13.26;296153;3953166;0.72;-1.47;-0.200
20250121;13.75;13.57;13.8;13.26;348646;4702591;0.85;-0.59;-0.080
20250120;13.85;13.65;13.95;13.61;370750;5108913;0.9;-0.51;-0.070
20250117;13.85;13.72;13.96;13.44;456071;6274852;1.11;-0.44;-0.060
20250116;13.53;13.78;14.01;13.52;598823;8251864;1.45;2.0;0.270
20250115;13.7;13.51;14.17;13.4;800806;11024456;1.94;-0.88;-0.120
20250114;12.63;13.63;13.7;12.63;917721;12187692;2.22;7.66;0.970
20250113;13.15;12.66;13.16;12.55;448016;5732953;1.09;-3.65;-0.480
20250110;13.78;13.14;13.83;13.14;360393;4872298;0.87;-4.64;-0.640
20250109;13.39;13.78;13.78;13.08;706864;9639390;1.71;2.99;0.400
20250108;13.32;13.38;13.52;12.92;365895;4840901;0.89;0.9;0.120
20250107;13.12;13.26;13.26;12.83;274899;3589839;0.67;1.22;0.160
20250106;13.1;13.1;13.23;12.76;549504;7140088;1.33;-0.08;-0.010
20250103;13.39;13.11;13.44;12.85;826204;10903399;2.0;-1.58;-0.210
20250102;13.77;13.32;13.79;13.01;755602;10120521;1.82;-3.41;-0.470