20251022;12.94;13.49;13.75;12.93;4036492;54009545;4.08;4.25;0.550
20251021;12.48;12.94;13.09;12.36;1882659;24111453;1.9;3.69;0.460
20251020;12.42;12.48;12.55;12.22;940876;11628071;0.95;0.56;0.070
20251017;12.58;12.41;12.71;12.4;866084;10862277;0.88;-1.66;-0.210
20251016;12.72;12.62;12.95;12.53;624757;7916938;0.63;-0.79;-0.100
20251015;12.66;12.72;12.78;12.55;661928;8389001;0.67;0.47;0.060
20251014;12.8;12.66;12.88;12.66;713474;9102713;0.72;-0.39;-0.050
20251013;12.67;12.71;12.76;12.41;826184;10414040;0.83;-1.63;-0.210
20251010;12.73;12.92;13.01;12.61;1095101;14081612;1.11;1.49;0.190
20251009;12.7;12.73;12.95;12.38;1013207;12723698;1.02;-0.78;-0.100
20250930;13.0;12.83;13.05;12.83;419306;5432948;0.42;-1.0;-0.130
20250929;12.88;12.96;12.99;12.76;598579;7720013;0.6;0.62;0.080
20250926;12.92;12.88;12.99;12.7;829326;10649741;0.84;-0.16;-0.020
20250925;13.34;12.9;13.39;12.84;1053886;13809163;1.06;-3.3;-0.440
20250924;13.17;13.34;13.47;13.01;1175840;15630582;1.19;1.29;0.170
20250923;13.69;13.17;13.72;12.88;1700227;22397185;1.72;-3.59;-0.490
20250922;14.11;13.66;14.11;13.52;1334401;18376560;1.35;-2.64;-0.370
20250919;14.05;14.03;14.19;13.87;1457561;20449237;1.47;-0.14;-0.020
20250918;14.27;14.05;14.44;13.82;1742192;24683204;1.76;-0.71;-0.100
20250917;14.28;14.15;14.36;14.01;1074699;15262815;1.09;0.0;0.000
20250916;14.11;14.15;14.19;13.81;979272;13740258;0.99;0.28;0.040
20250915;14.48;14.11;14.48;14.1;1204084;17064903;1.22;-2.08;-0.300
20250912;14.37;14.41;14.5;14.2;1174439;16859112;1.19;0.98;0.140
20250911;14.33;14.27;14.46;14.15;1313346;18719217;1.33;-1.04;-0.150
20250910;14.48;14.42;14.66;14.28;1739433;25183376;1.76;0.35;0.050
20250909;14.66;14.37;14.75;14.19;1680056;24198660;1.7;-1.51;-0.220
20250908;14.95;14.59;14.99;14.26;2140593;31486773;2.16;-0.27;-0.040
20250905;14.2;14.63;14.67;14.09;2895771;42003733;2.93;4.35;0.610
20250904;13.93;14.02;14.36;13.76;2595556;36668839;2.62;1.45;0.200
20250903;14.2;13.82;14.2;13.53;1231647;17153100;1.24;-2.06;-0.290
20250902;13.95;14.11;14.19;13.78;2118088;29600181;2.14;1.8;0.250
20250901;13.66;13.86;13.89;13.42;1619860;22200930;1.64;1.46;0.200
20250829;13.8;13.66;14.12;13.61;2205040;30533637;2.23;-0.58;-0.080
20250828;13.79;13.74;13.95;13.31;2904473;39600666;2.93;-0.29;-0.040
20250827;14.22;13.78;14.38;13.71;4402398;61522264;4.45;-6.89;-1.020
20250826;14.83;14.8;15.09;14.73;1474020;21958287;1.49;-0.13;-0.020
20250825;14.96;14.82;15.08;14.54;1872550;27627072;1.89;-0.47;-0.070
20250822;14.95;14.89;15.15;14.73;1547244;23010234;1.56;-0.4;-0.060
20250821;15.13;14.95;15.28;14.85;1727599;26056935;1.75;-0.2;-0.030
20250820;14.98;14.98;15.05;14.56;1850556;27431850;1.87;0.6;0.090
20250819;14.63;14.89;15.25;14.55;4110019;61556876;4.15;2.13;0.310
20250818;14.15;14.58;14.66;13.99;2787246;40230839;2.82;3.99;0.560
20250815;13.55;14.02;14.09;13.48;2082908;28805313;2.1;3.39;0.460
20250814;14.12;13.56;14.12;13.5;2032606;27870171;2.05;-3.62;-0.510
20250813;14.35;14.07;14.35;14.01;1603957;22683323;1.62;-1.47;-0.210
20250812;14.53;14.28;14.56;14.2;1295320;18603482;1.31;-0.83;-0.120
20250811;14.33;14.4;14.5;14.23;936682;13448050;0.95;1.27;0.180
20250808;14.58;14.22;14.61;14.21;1462165;21063585;1.48;-1.59;-0.230
20250807;14.7;14.45;14.8;14.45;1458117;21312889;1.47;-1.43;-0.210
20250806;14.61;14.66;14.72;14.41;1915547;27974208;1.94;0.62;0.090
20250805;14.51;14.57;14.67;14.41;1620744;23537648;1.64;0.97;0.140
20250804;14.32;14.43;14.43;14.11;1264583;18090317;1.28;0.98;0.140
20250801;14.3;14.29;14.38;14.14;1158818;16533817;1.17;0.85;0.120
20250731;14.4;14.17;14.52;14.11;1243083;17821655;1.26;-1.53;-0.220
20250730;14.5;14.39;14.55;14.28;1534355;22097706;1.55;0.07;0.010
20250729;14.59;14.38;14.59;14.25;1427709;20458235;1.44;-1.44;-0.210
20250728;14.41;14.59;14.59;14.33;1361844;19742513;1.38;1.18;0.170
20250725;14.88;14.42;14.9;14.4;2218959;32374150;2.24;-2.96;-0.440
20250724;14.78;14.86;14.91;14.6;2245241;33111394;2.27;1.16;0.170
20250723;15.52;14.69;15.66;14.66;4110903;61759814;4.15;-5.35;-0.830
20250722;14.56;15.52;15.83;14.47;6383115;96877716;6.45;6.67;0.970
20250721;14.08;14.55;14.63;14.05;3606327;51794290;3.64;3.93;0.550
20250718;14.11;14.0;14.14;13.92;934292;13081420;0.94;-0.71;-0.100
20250717;14.18;14.1;14.18;13.97;762696;10722012;0.77;0.28;0.040
20250716;13.98;14.06;14.14;13.9;1688407;23747040;1.71;0.57;0.080
20250715;14.11;13.98;14.11;13.73;1222988;16964992;1.24;-0.64;-0.090
20250714;14.02;14.07;14.12;13.95;1066857;14991441;1.08;0.64;0.090
20250711;13.82;13.98;14.0;13.7;1395521;19379436;1.41;1.53;0.210
20250710;13.82;13.77;13.86;13.56;1653604;22641391;1.67;0.36;0.050
20250709;13.94;13.72;14.08;13.7;1127834;15629751;1.14;-1.72;-0.240
20250708;13.77;13.96;13.96;13.5;1585773;21828368;1.6;1.97;0.270
20250707;13.89;13.69;13.96;13.57;1466373;20088751;1.48;-1.16;-0.160
20250704;14.3;13.85;14.3;13.82;1892032;26437322;1.91;-2.81;-0.400
20250703;14.41;14.25;14.41;14.1;1705639;24229937;1.72;-0.63;-0.090
20250702;14.2;14.34;14.45;14.06;2305169;32893759;2.33;1.13;0.160
20250701;14.14;14.18;14.26;14.1;1889337;26725805;1.91;0.5;0.070
20250630;14.23;14.11;14.29;14.07;1675826;23655179;1.69;-0.21;-0.030
20250627;14.2;14.14;14.35;14.05;2403638;34017237;2.43;0.0;0.000
20250626;14.18;14.14;14.45;14.06;3739662;53230647;3.78;0.07;0.010
20250625;14.15;14.13;14.28;13.93;3411505;48057320;3.45;-0.21;-0.030
20250624;13.78;14.16;14.38;13.74;5405946;75789518;5.46;-0.98;-0.140
20250623;14.02;14.3;14.66;14.02;3673569;52772947;3.71;0.85;0.120
20250620;14.61;14.18;14.88;14.18;5038580;72913610;5.09;-5.47;-0.820
20250619;15.06;15.0;15.98;14.17;9414870;141338847;9.51;-3.16;-0.490
20250618;16.32;15.49;16.98;15.33;9344588;149129754;9.44;-5.03;-0.820
20250617;14.65;16.31;16.5;14.23;11454548;175996976;11.57;11.33;1.660
20250616;14.95;14.65;15.55;14.59;7413809;111918468;7.49;3.39;0.480
20250613;14.64;14.17;14.86;14.03;3717015;53691592;3.76;-0.7;-0.100
20250612;14.54;14.47;14.7;14.21;1352502;19575369;1.37;0.28;0.040
20250611;14.39;14.43;14.5;14.19;1479185;21261461;1.49;0.7;0.100
20250610;15.13;14.33;15.15;14.15;2482914;36120443;2.51;-2.38;-0.350
20250609;14.21;14.68;14.82;14.17;3249988;47383346;3.28;3.89;0.550
20250606;14.35;14.13;14.43;14.1;1427097;20339566;1.44;-0.35;-0.050
20250605;14.2;14.18;14.29;14.07;1082120;15358992;1.09;0.42;0.060
20250604;14.08;14.12;14.19;13.95;1070607;15088759;1.08;1.0;0.140
20250603;13.68;13.98;14.01;13.63;936331;12971480;0.95;1.38;0.190
20250530;14.29;13.79;14.29;13.73;1323012;18500164;1.34;-2.89;-0.410
20250529;13.78;14.2;14.27;13.69;2334771;32801174;2.36;4.72;0.640
20250528;13.9;13.56;13.98;13.51;1006032;13803977;1.02;-2.16;-0.300
20250527;13.99;13.86;14.15;13.76;1264755;17669983;1.28;0.29;0.040
20250526;13.18;13.82;13.9;13.18;1304262;17678431;1.32;4.07;0.540
20250523;13.55;13.28;13.85;13.2;1548800;20984538;1.57;-1.99;-0.270
20250522;14.3;13.55;14.3;13.35;2800084;38406760;2.83;-4.85;-0.690
20250521;14.51;14.24;14.66;14.24;1907931;27598656;1.93;-2.2;-0.320
20250520;14.2;14.56;14.58;14.08;2953442;42516048;2.98;2.9;0.410
20250519;14.34;14.15;14.36;13.89;1871629;26442037;1.89;-0.56;-0.080
20250516;14.05;14.23;14.26;13.9;1996895;28282461;2.02;1.64;0.230
20250515;13.92;14.0;14.29;13.85;2401189;33801738;2.43;0.65;0.090
20250514;13.73;13.91;13.95;13.35;1352541;18541924;1.37;1.98;0.270
20250513;14.07;13.64;14.26;13.64;2365559;32986108;2.39;-3.06;-0.430
20250512;14.16;14.07;14.17;13.85;2065642;28952967;2.09;0.57;0.080
20250509;14.2;13.99;14.37;13.79;2824089;39583226;2.85;-0.85;-0.120
20250508;13.99;14.11;14.18;13.8;2404976;33817738;2.43;-0.49;-0.070
20250507;14.29;14.18;14.53;13.72;4312769;61036195;4.36;1.07;0.150
20250506;13.89;14.03;14.19;13.67;3760819;52423522;3.8;2.11;0.290
20250430;13.51;13.74;13.79;13.34;3287925;44580884;3.32;2.38;0.320
20250429;12.73;13.42;13.44;12.6;3575220;47414953;3.61;4.84;0.620
20250428;13.1;12.8;13.19;12.76;2486896;32275086;2.51;0.31;0.040
20250425;12.99;12.76;13.49;12.52;1707785;21893612;1.73;-0.31;-0.040
20250424;13.27;12.8;13.39;12.66;2319690;30198531;2.34;-3.32;-0.440
20250423;13.3;13.24;13.57;13.22;2976817;39852056;3.01;-1.19;-0.160
20250422;13.4;13.4;13.52;13.08;4876939;64641190;4.93;-2.62;-0.360
20250421;12.9;13.76;14.15;12.71;5829503;78643752;5.89;7.0;0.900
20250418;12.47;12.86;12.93;12.47;2671100;34032871;2.7;2.63;0.330
20250417;12.25;12.53;12.59;12.16;1923018;24071167;1.94;1.87;0.230
20250416;12.3;12.3;12.5;11.94;1142881;13991014;1.15;-0.97;-0.120
20250415;12.52;12.42;12.58;12.17;1406055;17393227;1.42;-0.48;-0.060
20250414;12.32;12.48;12.74;12.32;1866264;23315113;1.89;1.88;0.230
20250411;12.02;12.25;12.41;11.9;2449238;29975831;2.47;1.66;0.200
20250410;11.63;12.05;12.44;11.63;3296535;39937219;3.33;4.51;0.520
20250409;10.72;11.53;11.74;10.39;2897182;32893909;2.93;6.56;0.710
20250408;10.44;10.82;10.95;10.44;1850836;19788011;1.87;4.44;0.460
20250407;11.54;10.36;11.79;9.8;2385217;26052354;2.41;-16.79;-2.090
20250403;12.03;12.45;12.48;11.85;1580969;19443763;1.6;2.3;0.280
20250402;12.01;12.17;12.2;12.01;731303;8862840;0.74;0.75;0.090
20250401;11.95;12.08;12.31;11.89;1506550;18201464;1.52;2.03;0.240
20250331;12.51;11.84;12.51;11.68;2036055;24262205;2.06;-6.03;-0.760
20250328;13.35;12.6;13.46;12.23;2692912;34499653;2.72;-6.39;-0.860
20250327;13.2;13.46;13.53;12.95;2239947;29863045;5.26;0.75;0.100
20250326;13.3;13.36;13.57;13.21;2792510;37391895;6.56;-2.2;-0.300
20250325;12.65;13.66;13.93;12.58;4566372;61040481;10.73;7.56;0.960
20250324;12.6;12.7;12.7;12.01;2035986;25134473;4.78;1.76;0.220
20250321;13.06;12.48;13.1;12.13;3037829;38062765;7.14;-4.0;-0.520
20250320;13.5;13.0;13.65;12.82;4043843;53626185;9.5;-4.76;-0.650
20250319;14.7;13.65;14.88;13.31;6554589;92621241;15.4;-10.37;-1.580
20250318;15.9;15.23;16.5;14.8;7592542;117770913;17.84;2.21;0.330
20250317;14.61;14.9;15.47;14.4;6040530;89678972;14.19;3.47;0.500
20250314;13.82;14.4;14.56;13.71;4653038;66129665;10.93;3.67;0.510
20250313;13.72;13.89;13.94;13.13;4624441;63075136;10.86;1.54;0.210
20250312;13.4;13.68;13.87;13.17;3619000;48992628;8.5;2.86;0.380
20250311;13.0;13.3;13.33;12.91;2374743;31190774;5.58;0.0;0.000
20250310;12.9;13.3;13.54;12.87;3905722;51561246;9.18;3.58;0.460
20250307;12.73;12.84;13.03;12.59;2968608;38145819;6.97;0.55;0.070
20250306;12.87;12.77;13.08;12.27;4082619;51868196;9.59;-0.78;-0.100
20250305;12.66;12.87;13.21;12.41;5121251;65514430;12.03;3.13;0.390
20250304;11.87;12.48;12.48;11.85;3421190;42081690;8.04;4.17;0.500
20250303;11.79;11.98;12.24;11.47;3113680;37152733;7.31;2.57;0.300
20250228;11.83;11.68;12.05;11.56;3355542;39669433;7.88;0.17;0.020
20250227;11.49;11.66;11.7;11.36;1581426;18214080;3.72;1.83;0.210
20250226;11.5;11.45;11.66;11.31;1923755;22016188;4.52;0.44;0.050
20250225;11.51;11.4;11.67;11.3;1314780;15097319;3.09;-2.98;-0.350
20250224;11.77;11.75;11.88;11.58;1620287;19004657;3.81;-0.34;-0.040
20250221;11.74;11.79;11.85;11.51;1665337;19444358;3.91;-0.08;-0.010
20250220;11.39;11.8;11.8;11.21;2777599;32139850;6.53;3.51;0.400
20250219;11.23;11.4;11.4;11.12;1398653;15830262;3.29;1.42;0.160
20250218;11.56;11.24;11.72;11.04;1600013;18172829;3.76;-2.68;-0.310
20250217;11.52;11.55;11.77;11.35;2633415;30367799;6.19;3.4;0.380
20250214;11.01;11.17;11.22;10.76;1274972;13966082;3.0;0.36;0.040
20250213;11.31;11.13;11.65;10.93;2219751;25068687;5.21;-2.28;-0.260
20250212;11.21;11.39;11.49;11.15;1883259;21334910;4.42;0.89;0.100
20250211;11.09;11.29;11.45;10.9;2362620;26504090;5.55;2.08;0.230
20250210;10.92;11.06;11.1;10.79;1946752;21260582;4.57;1.84;0.200
20250207;10.51;10.86;11.11;10.42;2985639;32251501;7.01;3.72;0.390
20250206;10.09;10.47;10.48;10.09;1005578;10365242;2.36;3.05;0.310
20250205;10.31;10.16;10.36;10.06;619313;6287371;1.45;-0.49;-0.050
20250127;10.35;10.21;10.45;10.2;417532;4294625;0.98;-1.07;-0.110
20250124;10.12;10.32;10.44;10.12;478348;4926061;1.12;0.0;0.000
20250123;10.57;10.32;10.78;10.28;797645;8402912;1.87;-1.05;-0.110
20250122;10.68;10.43;10.68;10.28;537875;5577216;1.26;-1.42;-0.150
20250121;10.72;10.58;10.72;10.45;835030;8791462;1.96;-0.38;-0.040
20250120;10.87;10.62;10.98;10.6;795186;8556454;1.87;-1.58;-0.170
20250117;10.84;10.79;10.93;10.6;940897;10117467;2.21;-1.01;-0.110
20250116;10.97;10.9;11.15;10.7;1472197;16132939;3.46;0.09;0.010
20250115;10.84;10.89;11.09;10.7;2194618;23886331;5.16;0.37;0.040
20250114;10.23;10.85;10.88;10.22;2302632;24553268;5.41;6.37;0.650
20250113;10.32;10.2;10.37;10.0;1044952;10639748;2.45;-2.86;-0.300
20250110;10.79;10.5;10.86;10.33;1314060;13902021;3.09;-2.87;-0.310
20250109;10.64;10.81;10.95;10.57;2330650;25183600;5.48;1.41;0.150
20250108;10.59;10.66;10.73;10.31;1518398;15981368;3.57;-0.19;-0.020
20250107;10.61;10.68;10.71;10.13;1774133;18532199;4.17;0.66;0.070
20250106;10.75;10.61;10.75;10.3;1870915;19586488;4.4;0.66;0.070
20250103;10.2;10.54;10.76;10.0;2987327;31265513;7.02;3.33;0.340
20250102;10.06;10.2;10.45;10.0;1186443;12063720;2.86;-0.58;-0.060