20251022;18.63;18.21;18.63;18.01;6280560;114871204;5.08;-3.96;-0.750
20251021;18.93;18.96;19.49;18.75;8318973;158650819;6.73;-1.25;-0.240
20251020;18.02;19.2;19.55;17.81;10804737;200898307;8.74;4.23;0.780
20251017;18.58;18.42;19.31;18.38;7270298;136669524;5.88;0.05;0.010
20251016;18.8;18.41;19.28;18.31;8489001;158869609;6.87;-4.16;-0.800
20251015;19.75;19.21;20.36;19.02;10709203;209848476;8.66;-2.14;-0.420
20251014;20.56;19.63;21.06;19.58;16699975;336265034;13.51;-7.45;-1.580
20251013;19.88;21.21;22.0;19.8;26422393;549631071;21.37;12.58;2.370
20251010;20.32;18.84;20.56;18.78;13541449;268809249;10.95;-2.99;-0.580
20251009;18.82;19.42;19.56;18.27;13046894;249573205;10.55;7.35;1.330
20250930;17.3;18.09;18.81;17.3;8828325;161393467;7.14;3.97;0.690
20250929;17.65;17.4;17.77;17.28;5163522;90293829;4.18;-1.02;-0.180
20250926;18.02;17.58;18.5;17.57;6040038;109375232;4.89;-0.57;-0.100
20250925;17.26;17.68;18.09;17.02;7059277;125568430;5.71;2.61;0.450
20250924;16.9;17.23;17.33;16.85;4016290;68837457;3.25;2.01;0.340
20250923;17.86;16.89;17.88;16.52;6499349;110544614;5.26;-5.06;-0.900
20250922;18.0;17.79;18.19;17.7;4332609;77551772;3.5;-1.6;-0.290
20250919;18.5;18.08;18.88;18.0;5509176;100919332;4.46;-2.9;-0.540
20250918;19.27;18.62;19.42;18.34;10554170;198239951;8.54;-4.27;-0.830
20250917;19.36;19.45;19.73;19.12;5978163;115787126;4.84;0.52;0.100
20250916;19.8;19.35;20.06;19.17;8156854;157769462;6.6;-3.3;-0.660
20250915;20.66;20.01;20.9;19.77;7539618;151429831;6.1;-2.39;-0.490
20250912;20.06;20.5;20.93;19.82;11062144;225722306;8.95;2.4;0.480
20250911;19.5;20.02;20.25;19.5;6986086;139438600;5.65;2.72;0.530
20250910;19.75;19.49;20.33;19.3;5924905;116991981;4.79;-1.96;-0.390
20250909;20.67;19.88;20.67;19.82;6812383;137699227;5.51;-1.34;-0.270
20250908;20.45;20.15;20.7;20.04;7011553;141803745;5.67;-1.03;-0.210
20250905;19.19;20.36;20.41;19.19;9487182;188603414;7.67;5.88;1.130
20250904;19.95;19.23;20.2;18.93;8995412;176620462;7.28;-2.93;-0.580
20250903;20.67;19.81;20.88;19.71;8939176;180961155;7.23;-4.16;-0.860
20250902;21.1;20.67;21.3;20.31;11231208;231965002;9.08;-2.73;-0.580
20250901;21.7;21.25;21.7;20.83;14076372;296737225;11.39;-2.7;-0.590
20250829;22.69;21.84;23.58;21.8;19868104;450078299;16.07;-3.53;-0.800
20250828;21.99;22.64;24.26;21.83;21276298;488127276;17.21;1.12;0.250
20250827;21.7;22.39;23.38;21.18;22781120;505987387;18.43;4.04;0.870
20250826;22.46;21.52;22.75;21.34;17941009;389068024;14.51;-6.11;-1.400
20250825;22.2;22.92;25.1;21.57;26695667;622502534;21.59;7.2;1.540
20250822;20.53;21.38;22.15;20.53;19651733;423040888;15.9;3.69;0.760
20250821;20.7;20.62;22.28;20.5;14272991;301507001;11.54;-2.87;-0.610
20250820;20.87;21.23;22.46;20.61;19811245;426489770;16.02;-1.07;-0.230
20250819;22.49;21.46;23.58;21.3;28378965;635988898;22.95;-4.83;-1.090
20250818;20.0;22.55;22.79;19.6;30110611;649550260;24.35;14.35;2.830
20250815;18.9;19.72;20.23;18.9;15364964;304711428;12.43;1.91;0.370
20250814;19.52;19.35;20.38;18.88;15181485;298088734;12.28;-0.92;-0.180
20250813;19.16;19.53;19.97;19.16;13154761;256846146;10.64;1.4;0.270
20250812;20.41;19.26;20.68;19.15;17779705;350736311;14.38;-7.98;-1.670
20250811;20.07;20.93;21.09;19.81;18490720;379100566;14.96;2.6;0.530
20250808;20.4;20.4;21.95;20.2;24747854;516989444;20.02;-3.77;-0.800
20250807;18.48;21.2;22.5;18.14;34519695;696219066;27.92;15.59;2.860
20250806;17.9;18.34;18.5;17.72;8802475;160177394;7.12;0.6;0.110
20250805;18.7;18.23;18.89;18.03;9722657;179307749;7.86;-1.73;-0.320
20250804;18.39;18.55;18.99;18.21;8988647;167066974;7.27;-0.22;-0.040
20250801;18.58;18.59;18.98;18.4;8655425;161683674;7.0;-0.05;-0.010
20250731;18.73;18.6;19.15;18.27;11502675;214888091;9.3;-3.02;-0.580
20250730;20.21;19.18;20.45;18.5;17380517;335738875;14.06;-3.62;-0.720
20250729;20.48;19.9;20.99;19.6;17402916;350069667;14.08;-3.86;-0.800
20250728;20.12;20.7;21.56;20.09;21006837;435710608;16.99;0.63;0.130
20250725;20.4;20.57;21.19;19.7;25040149;507223135;20.25;-2.09;-0.440
20250724;18.75;21.01;22.5;18.68;35745762;743790945;28.91;8.97;1.730
20250723;18.61;19.28;20.85;18.33;24141154;473565732;19.53;1.74;0.330
20250722;19.11;18.95;19.86;18.9;22675897;434838083;18.34;-3.71;-0.730
20250721;19.2;19.68;21.32;19.0;29671687;592879778;24.0;-2.81;-0.570
20250718;18.45;20.25;22.38;18.18;38872031;784210293;31.44;9.11;1.690
20250717;18.58;18.56;19.29;17.89;25997881;477536707;21.03;-4.77;-0.930
20250716;18.59;19.49;20.0;17.44;30243446;574206347;24.46;6.5;1.190
20250715;18.24;18.3;20.68;17.95;30155759;578015568;24.39;-3.28;-0.620
20250714;19.0;18.92;20.88;18.56;41909739;825592697;33.9;0.0;0.000
20250711;15.5;18.92;18.92;15.5;41775273;743766893;33.79;29.95;4.360
20250710;14.37;14.56;14.97;14.01;15727611;228621154;12.72;4.45;0.620
20250709;14.53;13.94;14.7;13.89;11110349;157378716;8.99;-5.43;-0.800
20250708;14.48;14.74;15.12;14.38;11936901;176748512;9.66;1.24;0.180
20250707;13.93;14.56;14.8;13.88;11048604;158766340;8.94;4.0;0.560
20250704;14.7;14.0;14.78;14.0;11420068;163171124;9.24;-5.21;-0.770
20250703;15.3;14.77;15.57;14.69;13054039;196223837;10.56;-3.08;-0.470
20250702;15.5;15.24;16.01;14.98;17681389;273663320;14.3;-4.27;-0.680
20250701;14.68;15.92;16.43;14.53;25615466;400592209;20.72;5.5;0.830
20250630;14.4;15.09;15.57;13.93;18727792;274314251;15.15;5.52;0.790
20250627;13.86;14.3;14.48;13.71;17224636;244535133;13.93;5.22;0.710
20250626;13.8;13.59;13.94;13.56;10376869;142467389;8.39;-2.44;-0.340
20250625;13.85;13.93;14.02;13.51;12175201;168227723;9.85;0.14;0.020
20250624;13.84;13.91;14.13;13.7;12197717;169668777;9.87;-1.49;-0.210
20250623;13.0;14.12;14.18;12.98;13752532;187846662;11.12;5.53;0.740
20250620;13.95;13.38;14.38;13.3;15009560;209473154;12.14;-2.69;-0.370
20250619;13.91;13.75;14.28;13.36;17269046;237782835;13.97;-3.78;-0.540
20250618;15.75;14.29;15.8;14.18;27483239;409706454;22.23;-14.12;-2.350
20250617;16.51;16.64;18.25;16.33;27312517;465326730;22.09;-2.97;-0.510
20250616;15.0;17.15;18.29;14.98;32560202;548701673;26.34;11.36;1.750
20250613;13.81;15.4;17.1;13.59;32675274;505356961;26.43;14.33;1.930
20250612;13.36;13.47;14.0;12.82;20122873;266826165;16.28;-1.68;-0.230
20250611;12.1;13.8;15.3;12.08;32843795;445433821;26.57;11.74;1.450
20250610;12.13;12.35;13.09;11.98;18425008;229720612;14.9;0.49;0.060
20250609;11.87;12.29;12.54;11.72;15921304;194290037;12.88;6.31;0.730
20250606;11.51;11.56;11.69;11.4;5959479;68754193;4.82;-1.11;-0.130
20250605;11.77;11.69;12.18;11.41;10230496;120305270;8.27;-1.27;-0.150
20250604;11.43;11.84;12.59;11.3;13951121;166224406;11.28;3.14;0.360
20250603;10.89;11.48;11.48;10.81;8701048;97839222;7.04;6.59;0.710
20250530;10.94;10.77;10.99;10.71;2016633;21845727;1.63;-1.91;-0.210
20250529;10.78;10.98;11.0;10.68;3399999;36981233;2.75;3.49;0.370
20250528;10.96;10.61;10.99;10.55;2533335;27241109;2.05;-2.93;-0.320
20250527;10.93;10.93;11.1;10.8;3124876;34174525;2.53;-0.46;-0.050
20250526;10.71;10.98;11.0;10.57;3335176;35939800;2.7;3.1;0.330
20250523;10.99;10.65;11.02;10.57;4944244;53389619;4.0;-2.38;-0.260
20250522;11.41;10.91;11.68;10.86;7393736;82509619;5.98;-6.03;-0.700
20250521;11.95;11.61;12.27;11.53;7878959;93479534;6.37;-4.13;-0.500
20250520;11.54;12.11;12.33;11.44;10472725;124417567;8.47;4.4;0.510
20250519;11.85;11.6;11.93;11.0;5533815;63721044;4.48;-0.09;-0.010
20250516;11.5;11.61;11.88;11.37;7579137;88291791;6.13;-0.94;-0.110
20250515;11.44;11.72;12.39;11.37;14463469;172363801;11.7;1.74;0.200
20250514;11.06;11.52;11.74;11.01;10588048;121664924;8.56;4.16;0.460
20250513;11.45;11.06;11.59;11.05;5723471;64377233;4.63;-3.66;-0.420
20250512;11.27;11.48;11.48;11.0;7055414;79926311;5.71;2.59;0.290
20250509;11.15;11.19;11.4;10.89;6168272;69160501;4.99;0.09;0.010
20250508;11.06;11.18;11.27;11.04;4972179;55369953;4.02;-0.53;-0.060
20250507;11.17;11.24;11.38;11.0;9918912;111084075;8.02;-2.35;-0.270
20250506;10.48;11.51;11.75;10.48;13642270;153381699;11.03;12.4;1.270
20250430;9.99;10.24;10.25;9.99;2701854;27458573;2.19;2.61;0.260
20250429;9.85;9.98;10.08;9.85;2460836;24539763;1.99;1.01;0.100
20250428;10.39;9.88;10.39;9.85;3235928;32457271;2.62;-3.33;-0.340
20250425;10.51;10.22;10.55;10.2;2884321;29934642;2.33;-1.54;-0.160
20250424;11.0;10.38;11.06;10.38;5943311;63364504;4.81;-6.06;-0.670
20250423;10.95;11.05;11.38;10.88;6575568;73143046;5.32;1.47;0.160
20250422;11.02;10.89;11.08;10.81;4080648;44642810;3.3;-1.18;-0.130
20250421;10.91;11.02;11.07;10.81;4499369;49245188;3.64;1.57;0.170
20250418;11.2;10.85;11.2;10.66;6843293;74390272;5.54;-3.04;-0.340
20250417;11.24;11.19;11.47;11.1;6270664;70764454;5.07;-2.01;-0.230
20250416;11.42;11.42;11.56;11.02;7783336;88090995;6.3;0.79;0.090
20250415;11.76;11.33;11.95;11.16;10192707;117252638;8.24;-5.43;-0.650
20250414;11.45;11.98;12.3;11.45;13046946;154357321;10.55;1.44;0.170
20250411;12.4;11.81;13.09;11.66;20111870;248603278;16.27;-2.96;-0.360
20250410;11.6;12.17;12.8;11.6;21821441;267727074;17.65;-0.25;-0.030
20250409;11.13;12.2;13.18;11.02;26348011;321813301;21.31;4.01;0.470
20250408;8.99;11.73;11.93;8.99;22788797;244432387;18.43;18.48;1.830
20250407;10.8;9.9;11.75;9.11;18347354;202943370;14.84;-8.16;-0.880
20250403;10.15;10.78;11.29;10.13;9515523;101435817;7.7;6.84;0.690
20250402;10.18;10.09;10.36;10.07;2712781;27722296;2.19;-1.46;-0.150
20250401;9.99;10.24;10.35;9.99;3291037;33550864;2.66;2.09;0.210
20250331;10.41;10.03;10.54;9.9;5092395;51830333;4.12;-7.47;-0.810
20250328;10.58;10.84;10.88;10.09;6570536;69195729;5.31;2.46;0.260
20250327;10.43;10.58;10.88;10.38;4162865;44534178;3.37;-0.84;-0.090
20250326;10.55;10.67;11.06;10.55;5369646;58075973;4.34;0.28;0.030
20250325;10.29;10.64;10.7;10.12;6189539;64803593;5.01;4.11;0.420
20250324;10.07;10.22;10.3;9.73;3978688;39944484;3.22;2.2;0.220
20250321;10.5;10.0;10.54;9.98;5714474;58100568;4.62;-4.67;-0.490
20250320;11.41;10.49;11.6;10.47;7689014;84175516;6.22;-7.82;-0.890
20250319;12.13;11.38;12.13;11.21;7848733;92387452;6.35;-7.7;-0.950
20250318;12.39;12.33;12.42;12.02;8390681;102614028;6.79;-0.64;-0.080
20250317;12.0;12.41;12.72;11.75;13075136;159509544;10.58;4.73;0.560
20250314;11.65;11.85;11.99;11.52;9296221;109413097;7.52;2.16;0.250
20250313;11.65;11.6;11.75;11.12;9083957;103324074;7.35;-0.77;-0.090
20250312;11.8;11.69;11.98;11.5;10336773;120731117;8.36;-2.18;-0.260
20250311;11.18;11.95;12.35;11.07;14094650;165797418;11.4;3.28;0.380
20250310;10.9;11.57;11.69;10.82;11330593;128108150;9.16;4.99;0.550
20250307;10.73;11.02;11.3;10.6;10077039;111183708;8.15;2.13;0.230
20250306;11.22;10.79;11.25;10.63;9391404;101983119;7.6;-3.57;-0.400
20250305;11.01;11.19;11.48;10.78;10546877;116920289;8.53;-0.44;-0.050
20250304;10.59;11.24;11.34;10.31;11346472;123574587;9.18;5.54;0.590
20250303;10.21;10.65;10.84;10.08;9694154;101871777;7.84;5.45;0.550
20250228;10.4;10.1;10.87;10.08;11108462;116349886;8.99;-2.6;-0.270
20250227;10.11;10.37;10.46;10.09;7167037;73795229;5.8;2.57;0.260
20250226;9.8;10.11;10.14;9.8;4931166;49309177;3.99;2.22;0.220
20250225;9.75;9.89;10.1;9.75;4090028;40601746;3.31;-1.59;-0.160
20250224;9.89;10.05;10.19;9.7;8348163;77271254;6.75;1.62;0.160
20250221;9.73;9.89;10.07;9.73;5404214;53518345;4.37;-0.7;-0.070
20250220;9.86;9.96;10.35;9.8;8207509;82723533;6.64;1.94;0.190
20250219;9.14;9.77;9.8;9.12;5917232;56512020;4.79;5.51;0.510
20250218;9.61;9.26;9.79;9.21;4435289;42443825;3.59;-3.24;-0.310
20250217;9.37;9.57;9.6;9.28;3133524;29683060;2.53;2.03;0.190
20250214;9.48;9.38;9.68;9.31;3537716;33582293;2.86;-2.39;-0.230
20250213;9.95;9.61;10.28;9.6;6161396;61194781;4.98;-4.76;-0.480
20250212;9.49;10.09;10.17;9.45;8033721;79487979;6.5;4.67;0.450
20250211;9.46;9.64;9.85;9.42;6397716;61655630;5.17;0.84;0.080
20250210;9.45;9.56;9.57;9.28;5909080;55687159;4.78;0.74;0.070
20250207;9.24;9.49;9.75;9.12;7298746;68875086;5.9;2.48;0.230
20250206;8.65;9.26;9.33;8.64;5614046;50662241;4.54;5.71;0.500
20250205;8.61;8.76;8.97;8.51;3492792;30714428;2.83;2.82;0.240
20250127;8.67;8.52;8.84;8.5;1976330;17095346;1.6;-2.52;-0.220
20250124;8.68;8.74;8.82;8.59;2884461;25133068;2.33;-0.46;-0.040
20250123;8.71;8.78;9.06;8.66;4053939;36087551;3.28;2.21;0.190
20250122;8.92;8.59;9.04;8.54;2914486;25668336;2.36;-3.7;-0.330
20250121;9.19;8.92;9.23;8.82;2991283;26810251;2.42;-2.41;-0.220
20250120;9.4;9.14;9.58;9.03;3905296;36105350;3.16;-2.87;-0.270
20250117;9.69;9.41;9.8;9.39;5003213;47705484;4.05;-3.29;-0.320
20250116;9.5;9.73;10.14;9.46;7496433;73520570;6.06;-0.41;-0.040
20250115;9.11;9.77;10.46;9.1;11480220;111733837;9.29;5.39;0.500
20250114;8.55;9.27;9.32;8.4;6813464;60880937;5.51;8.29;0.710
20250113;8.75;8.56;9.08;8.5;4423456;39074070;3.58;-3.06;-0.270
20250110;8.81;8.83;9.38;8.65;7264829;64816201;5.88;-1.78;-0.160
20250109;8.5;8.99;9.5;8.38;8291042;74546103;6.71;6.14;0.520
20250108;8.44;8.47;8.55;8.22;3365717;28189311;2.72;-1.28;-0.110
20250107;8.37;8.58;8.81;8.2;5160551;43783131;4.17;1.42;0.120
20250106;7.96;8.46;8.57;7.9;5496429;45905918;4.45;3.55;0.290
20250103;8.02;8.17;8.4;7.9;5829547;48001508;4.72;3.16;0.250
20250102;7.86;7.92;8.05;7.67;2974771;23382461;3.06;0.38;0.030